Sample Depth = A C G T N
EGAN00001008152 17 0 0 0 0 17 0
EGAN00001008240 27 0 0 0 0 27 0
EGAN00001008480 19 0 0 0 0 19 0
EGAN00001021279 28 0 0 0 0 28 0
EGAN00001021287 31 0 0 0 1 30 0
EGAN00001021349 14 0 0 0 0 14 0
EGAN00001021460 16 0 0 0 0 16 0
EGAN00001021482 19 0 0 0 0 19 0
EGAN00001021497 21 0 0 0 0 21 0
EGAN00001021529 20 0 0 0 0 20 0
EGAN00001021566 14 0 0 0 0 14 0
EGAN00001021591 32 0 0 0 0 32 0
EGAN00001021602 20 0 0 0 0 20 0
EGAN00001021616 22 0 0 0 0 22 0
EGAN00001021618 34 0 0 0 0 34 0
EGAN00001021722 14 0 0 0 0 14 0
EGAN00001021724 19 0 0 0 0 19 0
EGAN00001021747 13 0 0 0 0 13 0
EGAN00001021767 26 0 0 1 0 25 0
EGAN00001021773 20 0 0 0 0 20 0
EGAN00001021774 18 0 0 0 0 18 0
EGAN00001021779 19 0 0 0 0 19 0
EGAN00001021807 18 0 0 0 0 18 0
EGAN00001021818 23 0 0 0 0 23 0
EGAN00001021838 17 0 0 0 0 17 0
EGAN00001021842 38 0 0 0 0 38 0
EGAN00001021852 15 0 0 0 0 15 0
EGAN00001021861 24 0 0 0 0 24 0
EGAN00001021877 18 0 0 0 0 18 0
EGAN00001021992 23 0 0 0 0 23 0
EGAN00001021995 25 0 0 0 0 25 0
EGAN00001022009 26 0 0 0 0 26 0
EGAN00001022024 20 0 0 0 1 19 0
EGAN00001022028 15 0 0 0 0 15 0
EGAN00001022070 27 0 0 0 0 27 0
EGAN00001022071 18 0 0 0 0 18 0
EGAN00001022073 24 0 0 0 0 24 0
EGAN00001022269 25 0 0 0 0 25 0
EGAN00001022287 17 0 0 0 0 17 0
EGAN00001022694 24 0 0 0 0 24 0
EGAN00001022728 24 0 0 0 0 24 0
EGAN00001022747 25 0 0 0 0 25 0
EGAN00001022776 20 0 0 0 0 20 0
EGAN00001022786 13 0 1 0 0 12 0
EGAN00001022788 16 0 0 0 0 16 0
EGAN00001022798 25 0 0 0 0 25 0
EGAN00001022907 14 0 0 0 0 14 0
EGAN00001022925 26 0 0 0 0 26 0
EGAN00001022928 21 0 0 0 0 21 0
EGAN00001022933 26 0 0 0 0 26 0
EGAN00001022944 12 0 0 0 0 12 0
EGAN00001022965 24 0 0 0 0 24 0
EGAN00001022970 21 0 0 0 1 20 0
EGAN00001022976 21 0 0 0 0 21 0
EGAN00001022977 16 0 0 0 0 16 0
EGAN00001022985 23 0 0 0 1 22 0
EGAN00001022994 17 0 0 0 0 17 0
EGAN00001022999 43 0 0 0 0 43 0
EGAN00001023013 21 0 0 0 0 21 0
EGAN00001023048 20 0 0 0 0 20 0
EGAN00001023052 13 0 0 0 0 13 0
EGAN00001023062 25 0 0 0 0 25 0
EGAN00001023065 20 0 0 0 0 20 0
EGAN00001023090 24 0 0 0 0 24 0
EGAN00001023109 23 0 0 0 0 23 0
EGAN00001023113 23 0 0 0 0 23 0
EGAN00001023144 13 0 0 0 0 13 0
EGAN00001023149 14 0 0 0 0 14 0
EGAN00001023165 12 0 0 0 0 12 0
EGAN00001023440 10 0 0 0 0 10 0
EGAN00001023443 21 0 0 0 0 21 0
EGAN00001023451 20 0 0 0 0 20 0
EGAN00001023536 21 0 0 0 0 21 0
EGAN00001024052 27 0 0 0 0 27 0
EGAN00001024169 25 0 0 0 0 24 1
EGAN00001024175 17 0 0 0 0 17 0
EGAN00001024242 18 0 0 0 0 18 0
EGAN00001024268 25 0 0 0 0 25 0
EGAN00001024339 23 0 0 0 0 23 0
EGAN00001025821 22 0 0 0 0 22 0
EGAN00001025877 22 0 0 0 0 22 0
EGAN00001026203 27 0 0 0 0 27 0
EGAN00001026429 18 0 0 0 0 18 0
EGAN00001026576 26 0 0 0 0 26 0
EGAN00001026589 22 0 0 1 0 21 0
EGAN00001026598 18 0 0 0 0 18 0
EGAN00001026629 22 0 0 0 0 22 0
EGAN00001026694 24 0 0 0 0 24 0
EGAN00001026814 28 0 0 0 0 28 0
EGAN00001027202 21 0 0 0 0 21 0
EGAN00001027204 22 0 0 0 0 22 0
EGAN00001027205 18 0 0 0 0 18 0
EGAN00001027212 26 0 0 0 0 26 0
EGAN00001027340 29 0 0 0 0 29 0
EGAN00001027395 20 0 0 0 0 20 0
EGAN00001027418 21 0 0 0 0 21 0
EGAN00001027453 21 0 0 0 0 21 0
EGAN00001027462 17 0 0 0 0 17 0
EGAN00001027463 21 0 0 0 0 21 0
EGAN00001027475 29 0 0 0 0 29 0
EGAN00001027505 12 0 0 0 1 11 0
EGAN00001027540 25 0 0 1 0 24 0
EGAN00001073920 17 0 0 0 0 17 0
EGAN00001073921 14 0 0 0 0 14 0
EGAN00001073922 12 0 0 0 0 12 0
EGAN00001074781 29 0 0 0 0 29 0
EGAN00001074834 19 0 0 0 0 19 0
EGAN00001074854 16 0 0 0 0 16 0
EGAN00001074864 22 0 0 0 0 22 0
EGAN00001074869 24 0 0 0 0 24 0
EGAN00001074873 15 0 0 0 0 15 0
EGAN00001074875 28 0 0 0 0 28 0
EGAN00001079317 22 0 0 0 0 22 0
EGAN00001079328 23 0 0 0 0 23 0
EGAN00001079401 23 0 0 1 0 22 0
EGAN00001079414 24 0 0 0 0 24 0
EGAN00001079479 23 0 0 0 0 23 0
EGAN00001079481 16 0 0 0 0 16 0
EGAN00001079505 11 0 0 0 0 11 0
EGAN00001079506 33 0 0 0 0 33 0
EGAN00001079561 23 0 0 0 0 23 0
EGAN00001079572 15 0 0 0 0 15 0
EGAN00001079662 22 0 0 0 0 22 0
EGAN00001079666 22 0 0 1 0 21 0
EGAN00001079696 23 0 0 0 0 23 0
EGAN00001079780 15 0 0 0 0 15 0
EGAN00001080216 23 0 0 0 0 23 0
EGAN00001080226 28 0 0 0 0 28 0
EGAN00001240157 11 0 0 0 0 11 0
EGAN00001240272 20 0 0 0 0 20 0
EGAN00001240612 16 0 0 0 0 16 0
EGAN00001240628 15 0 1 0 1 13 0
EGAN00001240764 23 0 0 0 0 23 0
EGAN00001240779 11 0 0 0 0 11 0
EGAN00001240905 17 0 0 0 0 17 0
EGAN00001241156 27 0 0 0 0 27 0
EGAN00001241214 26 0 0 0 0 26 0
EGAN00001241247 17 0 0 0 0 17 0
EGAN00001241334 15 0 0 0 0 15 0
EGAN00001241394 26 0 0 0 0 26 0
EGAN00001241506 21 0 0 0 0 21 0
EGAN00001241817 18 0 0 0 0 18 0
EGAN00001241861 19 0 0 0 0 19 0
EGAN00001241906 13 0 0 0 0 13 0
EGAN00001241963 19 0 0 0 0 19 0
EGAN00001241982 25 0 0 0 0 25 0
EGAN00001242082 17 0 0 0 0 17 0
EGAN00001242253 23 0 0 0 0 23 0
EGAN00001242280 16 0 0 0 0 16 0
EGAN00001242309 23 0 0 0 1 22 0
EGAN00001242516 25 0 0 0 0 25 0
EGAN00001242562 21 0 0 0 0 21 0
EGAN00001242628 32 0 0 0 0 32 0
EGAN00001242652 15 0 0 0 0 15 0
EGAN00001242720 20 0 0 0 0 20 0
EGAN00001242723 17 0 0 0 0 17 0
EGAN00001242952 14 0 0 0 0 14 0
EGAN00001243036 13 0 0 0 0 13 0
EGAN00001243053 33 0 0 0 0 33 0
EGAN00001243054 23 0 0 0 0 23 0
EGAN00001243109 13 0 0 0 0 13 0
EGAN00001243140 16 0 0 0 0 16 0
EGAN00001243144 17 0 0 0 0 17 0
EGAN00001243226 15 0 0 0 0 15 0
EGAN00001243294 12 0 0 0 0 12 0
EGAN00001243323 18 0 0 0 0 18 0
EGAN00001243343 28 0 0 0 0 28 0
EGAN00001243402 16 0 0 0 0 16 0
EGAN00001243503 12 0 0 0 0 12 0
EGAN00001243681 19 0 0 0 0 19 0
EGAN00001243731 16 0 0 0 0 16 0
EGAN00001243755 19 0 0 0 0 19 0
EGAN00001243780 35 0 0 0 0 35 0
EGAN00001243786 11 0 0 0 0 11 0
EGAN00001243946 20 0 0 0 0 20 0
EGAN00001244068 22 0 0 0 0 22 0
EGAN00001244108 21 0 0 0 0 21 0
EGAN00001244157 23 0 0 0 0 23 0
EGAN00001244308 22 0 0 0 1 21 0
EGAN00001244475 24 0 0 0 0 24 0
EGAN00001244572 15 0 0 0 0 15 0
EGAN00001244592 13 0 0 0 0 13 0
EGAN00001244659 16 0 0 0 0 16 0
EGAN00001244730 16 0 0 0 0 16 0
EGAN00001244763 24 0 0 0 0 24 0
EGAN00001244776 16 0 0 0 0 16 0
EGAN00001245103 16 0 0 0 0 16 0
EGAN00001245122 20 0 0 0 0 20 0
EGAN00001245134 17 0 0 0 0 17 0
EGAN00001245179 12 0 0 0 0 12 0
EGAN00001245323 19 0 0 0 0 19 0
EGAN00001245434 18 0 0 0 0 18 0
EGAN00001245840 16 0 0 0 0 16 0
EGAN00001246009 17 0 0 0 0 17 0
EGAN00001246021 21 0 0 0 0 21 0
EGAN00001246023 21 0 0 0 0 21 0
EGAN00001246063 24 0 0 0 0 24 0
EGAN00001246077 19 0 0 0 0 19 0
EGAN00001246246 15 0 0 0 0 15 0
EGAN00001246783 19 0 0 0 0 19 0
EGAN00001247049 22 0 0 0 0 22 0
EGAN00001247152 16 0 0 0 0 16 0
EGAN00001247246 13 0 0 0 0 13 0
EGAN00001247313 10 0 0 0 0 10 0
EGAN00001247500 17 0 0 0 0 17 0
EGAN00001247568 9 0 0 0 0 9 0
EGAN00001247658 15 0 0 0 0 15 0
EGAN00001247674 19 0 0 0 0 19 0
EGAN00001247681 10 0 0 0 0 10 0
EGAN00001267728 23 0 0 0 0 23 0
EGAN00001267991 25 0 0 0 0 25 0
EGAN00001277294 21 0 0 0 0 21 0
EGAN00001277295 28 0 0 0 0 28 0
EGAN00001385049 13 0 0 0 0 13 0
EGAN00001385050 9 0 0 0 0 9 0
EGAN00001385053 27 0 0 0 0 27 0
EGAN00001385060 18 0 0 0 0 18 0
EGAN00001385062 25 0 0 0 0 25 0
EGAN00001385083 18 0 0 0 0 18 0
EGAN00001385135 11 0 0 0 0 11 0
EGAN00001385146 22 0 0 0 0 22 0
EGAN00001385155 22 0 0 0 0 22 0
EGAN00001385160 16 0 0 0 0 16 0
EGAN00001385169 28 0 0 0 0 28 0
EGAN00001385173 18 0 0 0 0 18 0
EGAN00001385177 11 0 0 0 0 11 0
EGAN00001385180 26 0 0 0 0 26 0
EGAN00001385182 27 0 0 0 0 27 0
EGAN00001385184 22 0 0 0 0 22 0
EGAN00001385193 12 0 0 0 0 12 0
EGAN00001385212 20 0 0 0 0 20 0
EGAN00001385222 22 0 0 0 0 22 0
EGAN00001385223 21 0 0 0 0 21 0
EGAN00001385232 16 0 0 0 0 16 0
EGAN00001385237 15 0 0 0 0 15 0
EGAN00001385246 22 0 0 0 0 22 0
EGAN00001385268 23 0 0 0 0 23 0
EGAN00001385280 13 0 0 0 0 13 0
EGAN00001385284 21 0 0 0 0 21 0
EGAN00001385305 13 0 0 0 0 13 0
EGAN00001385313 24 0 0 0 0 24 0
EGAN00001385352 16 0 0 0 0 16 0
EGAN00001385361 26 0 0 0 0 26 0
EGAN00001385393 16 0 0 0 0 16 0
EGAN00001385395 21 0 0 0 0 21 0
EGAN00001385442 15 0 0 0 0 15 0
EGAN00001385443 16 0 0 0 0 16 0
EGAN00001385444 16 0 0 0 0 16 0
EGAN00001385447 21 0 0 0 0 21 0
EGAN00001385448 14 0 0 0 0 14 0
EGAN00001385449 13 0 0 0 0 13 0
EGAN00001385467 14 0 0 0 0 14 0
EGAN00001385469 25 0 0 0 0 25 0
EGAN00001385479 7 0 0 0 0 7 0
EGAN00001385496 16 0 0 0 0 16 0
EGAN00001385516 22 0 0 0 0 22 0
EGAN00001385522 20 0 0 0 0 20 0
EGAN00001385535 19 0 0 1 0 18 0
EGAN00001385539 16 0 0 0 0 16 0
EGAN00001385550 19 0 0 0 0 19 0
EGAN00001385578 27 0 0 0 0 27 0
EGAN00001385611 13 0 0 0 0 13 0
EGAN00001385616 16 0 0 0 0 16 0
EGAN00001385617 18 0 0 0 0 18 0
EGAN00001385627 15 0 0 0 0 15 0
EGAN00001385651 21 0 0 0 0 21 0
EGAN00001385655 17 0 0 0 0 17 0
EGAN00001385657 24 0 0 0 0 24 0
EGAN00001385673 21 0 0 1 0 20 0
EGAN00001385678 23 0 0 0 0 23 0
EGAN00001385688 23 0 0 0 0 23 0
EGAN00001385695 17 0 0 0 0 17 0
EGAN00001385699 25 0 0 0 1 24 0
EGAN00001385709 14 0 0 0 0 14 0
EGAN00001385738 19 0 0 0 0 19 0
EGAN00001385744 13 0 0 0 0 13 0
EGAN00001385746 20 0 0 0 0 20 0
EGAN00001385749 18 0 0 0 0 18 0
EGAN00001385752 18 0 0 0 0 18 0
EGAN00001385756 22 0 0 0 0 22 0
EGAN00001385760 19 0 0 0 0 19 0
EGAN00001385768 18 0 0 0 0 18 0
EGAN00001403187 17 0 0 0 0 17 0
EGAN00001403699 24 0 0 0 0 24 0
EGAN00001403701 12 0 0 0 0 12 0
EGAN00001403713 11 0 0 0 0 11 0
EGAN00001403722 22 0 0 1 0 21 0
EGAN00001403725 10 0 0 0 0 10 0
EGAN00001403739 19 0 0 0 0 19 0
EGAN00001403743 17 0 0 0 0 17 0
EGAN00001403756 15 0 0 0 0 15 0
EGAN00001403757 22 0 0 0 0 22 0
EGAN00001403763 21 0 0 0 0 21 0
EGAN00001403785 18 0 0 0 0 18 0
EGAN00001403786 23 0 0 0 0 23 0
EGAN00001403795 18 0 0 0 0 18 0
EGAN00001403805 21 0 0 0 0 21 0
EGAN00001403812 19 0 0 0 0 19 0
EGAN00001403819 22 0 0 0 0 22 0
EGAN00001403823 16 0 0 0 1 15 0
EGAN00001403825 24 0 0 0 0 24 0
EGAN00001403838 25 0 0 0 0 25 0
EGAN00001403845 18 0 0 0 0 18 0
EGAN00001403870 16 0 0 0 0 16 0
EGAN00001403873 21 0 0 0 0 21 0
EGAN00001403874 29 0 0 0 0 29 0
EGAN00001403892 23 0 0 0 0 23 0
EGAN00001403903 15 0 1 0 0 14 0
EGAN00001403909 17 0 0 0 0 17 0
EGAN00001403920 27 0 0 0 0 27 0
EGAN00001403930 16 0 0 0 0 16 0
EGAN00001403933 26 0 0 0 0 26 0
EGAN00001403939 15 0 0 0 1 14 0
EGAN00001403943 19 0 0 0 0 19 0
EGAN00001403953 21 0 0 0 0 21 0
EGAN00001403963 18 0 0 0 0 18 0
EGAN00001403980 19 0 0 0 0 19 0
EGAN00001403981 24 0 0 0 0 24 0
EGAN00001403994 14 0 0 0 0 14 0
EGAN00001404034 10 0 0 0 0 10 0
EGAN00001404044 19 0 0 0 0 19 0
EGAN00001404050 10 0 0 0 0 10 0
EGAN00001404075 17 0 0 0 0 17 0
EGAN00001404090 19 0 0 0 0 19 0
EGAN00001404108 22 0 0 0 0 22 0
EGAN00001404119 15 0 0 0 0 15 0
EGAN00001404147 16 0 0 0 0 16 0
EGAN00001404151 12 0 0 0 0 12 0
EGAN00001404154 21 0 0 0 0 21 0
EGAN00001404484 26 0 1 0 0 25 0
EGAN00001439009 14 0 0 0 0 14 0
EGAN00001439015 19 0 0 0 0 19 0
EGAN00001439114 14 0 0 1 0 13 0
EGAN00001439126 18 0 0 0 0 18 0
EGAN00001439127 13 0 0 0 0 13 0
EGAN00001439130 13 0 0 0 0 13 0
EGAN00001439141 17 0 0 0 0 17 0
EGAN00001439154 22 0 0 0 0 22 0
EGAN00001439168 18 0 0 0 0 18 0
EGAN00001439176 19 0 0 0 0 19 0
EGAN00001439191 23 0 0 0 0 23 0
EGAN00001439204 10 0 0 0 0 10 0
EGAN00001439205 21 0 0 1 0 20 0
EGAN00001439214 14 0 0 0 0 14 0
EGAN00001439216 19 0 0 0 1 18 0
EGAN00001439223 21 0 0 0 0 21 0
EGAN00001439229 11 0 0 0 0 11 0
EGAN00001439230 16 0 0 0 0 16 0
EGAN00001439797 22 0 0 0 0 22 0
EGAN00001440377 15 0 0 0 0 15 0
EGAN00001440389 20 0 0 0 0 20 0
EGAN00001440396 24 0 0 0 0 24 0
EGAN00001440398 2 0 0 0 0 2 0
EGAN00001440407 23 0 0 0 0 23 0
EGAN00001440429 28 0 0 0 0 28 0
EGAN00001440468 29 0 1 0 0 28 0
EGAN00001440476 26 0 0 0 0 26 0
EGAN00001440495 19 0 0 0 0 19 0
EGAN00001440500 25 0 0 0 0 25 0
EGAN00001440514 24 0 0 0 0 24 0
EGAN00001440523 11 0 0 0 0 11 0
EGAN00001440524 24 0 0 1 0 23 0
EGAN00001440539 20 0 0 1 1 18 0
EGAN00001440542 13 0 0 0 0 13 0
EGAN00001440566 14 0 0 0 0 14 0
EGAN00001440641 24 0 0 0 0 24 0
EGAN00001440710 13 0 0 0 0 13 0
EGAN00001440723 25 0 0 0 0 25 0
EGAN00001442167 11 0 0 0 1 10 0
EGAN00001442174 15 0 0 0 0 15 0
EGAN00001442203 16 0 0 0 0 16 0
EGAN00001442204 18 0 0 0 0 18 0
EGAN00001442210 20 0 0 0 0 20 0
EGAN00001442231 23 0 0 0 0 23 0
EGAN00001442238 13 0 0 0 0 13 0
EGAN00001442436 22 0 0 0 0 22 0
EGAN00001442449 15 0 0 0 0 15 0
EGAN00001442458 14 0 0 0 0 14 0
EGAN00001442474 16 0 0 0 0 16 0
EGAN00001442489 19 0 0 0 0 19 0
EGAN00001443772 15 0 0 0 0 15 0
EGAN00001444312 18 0 0 0 0 18 0
EGAN00001444317 21 0 0 0 0 21 0
EGAN00001444318 18 0 0 0 0 18 0
EGAN00001444415 28 0 0 0 0 28 0
EGAN00001444475 26 0 0 0 0 26 0
EGAN00001444482 8 0 0 0 0 8 0
EGAN00001444841 21 0 0 0 0 21 0
EGAN00001444984 15 0 0 0 0 15 0
EGAN00001445004 23 0 0 0 0 23 0
EGAN00001445013 17 0 0 0 0 17 0
EGAN00001445033 32 0 0 0 0 32 0
EGAN00001445043 19 0 0 0 0 19 0
EGAN00001445071 12 0 0 0 0 12 0
EGAN00001445077 13 0 0 0 0 13 0
EGAN00001445079 24 0 0 0 0 24 0
EGAN00001445081 27 0 0 0 0 27 0
EGAN00001445085 16 0 0 0 0 16 0
EGAN00001445454 15 0 0 0 0 15 0
EGAN00001445456 22 0 0 0 0 22 0
EGAN00001445463 23 0 0 1 1 21 0
EGAN00001445494 21 0 0 0 0 21 0
EGAN00001445507 8 0 0 0 0 8 0
EGAN00001445512 6 0 0 0 0 6 0
EGAN00001445521 13 0 0 0 0 13 0
EGAN00001445525 18 0 0 0 0 18 0
EGAN00001446662 18 0 0 0 0 18 0
EGAN00001446688 19 0 0 0 0 19 0
EGAN00001446689 18 0 0 0 0 18 0
EGAN00001446697 13 0 0 0 0 13 0
EGAN00001486675 21 0 0 0 0 21 0
EGAN00001486681 29 0 0 0 0 29 0
EGAN00001486687 22 0 0 0 0 22 0
EGAN00001559552 27 0 0 0 0 27 0
EGAN00001559573 26 0 0 0 0 26 0
EGAN00001559631 20 0 0 0 0 20 0
EGAN00001559637 20 0 0 0 0 20 0
EGAN00001559644 21 0 0 0 0 21 0
EGAN00001559648 10 0 0 0 0 10 0
EGAN00001559656 17 0 0 0 0 17 0
EGAN00001559663 28 0 0 0 0 28 0
EGAN00001559670 22 0 0 0 0 22 0
EGAN00001559678 15 0 0 0 0 15 0
EGAN00001559693 21 0 0 0 0 21 0
EGAN00001559701 22 0 0 0 0 22 0
EGAN00001559716 19 0 0 0 0 19 0
EGAN00001559739 20 0 0 0 0 20 0
EGAN00001559761 25 0 0 0 0 25 0
EGAN00001559766 21 0 0 0 0 21 0
EGAN00001559774 20 0 0 0 0 20 0
EGAN00001559782 14 0 0 0 0 14 0
EGAN00001559799 16 0 0 0 0 16 0
EGAN00001559808 19 0 0 0 0 19 0
EGAN00001559814 20 0 0 0 0 20 0
EGAN00001559826 14 0 0 1 0 13 0
EGAN00001559843 20 0 0 0 1 19 0
EGAN00001559849 20 0 0 0 0 20 0
EGAN00001559881 23 0 0 0 0 23 0
EGAN00001559902 14 0 0 0 0 14 0
EGAN00001559926 24 0 0 0 0 24 0
EGAN00001559933 28 0 0 0 0 28 0
EGAN00001559939 23 0 0 0 0 23 0
EGAN00001559962 21 0 0 0 0 21 0
EGAN00001559967 22 0 0 0 0 22 0
EGAN00001559995 16 0 0 0 1 15 0
EGAN00001560016 27 0 0 0 0 27 0
EGAN00001560034 17 0 0 0 0 17 0
EGAN00001560035 13 0 0 0 0 13 0
EGAN00001560050 20 0 0 1 0 19 0
EGAN00001560052 28 0 0 0 0 28 0
EGAN00001560068 17 0 0 0 0 17 0
EGAN00001560084 37 0 0 0 0 37 0
EGAN00001560085 16 0 0 0 0 16 0
EGAN00001560090 17 0 0 0 0 17 0
EGAN00001560096 29 0 0 0 0 29 0
EGAN00001560098 23 0 0 0 0 23 0
EGAN00001560124 22 0 0 0 0 22 0
EGAN00001560145 22 0 0 1 0 21 0
EGAN00001560153 20 0 0 0 0 20 0
EGAN00001560162 18 0 0 0 0 18 0
EGAN00001560183 17 0 0 0 0 17 0
EGAN00001560192 23 0 0 1 0 22 0
EGAN00001560207 24 0 0 0 0 24 0
EGAN00001560214 18 0 0 0 0 18 0
EGAN00001560218 22 0 0 0 1 21 0
EGAN00001560231 23 0 0 0 0 23 0
EGAN00001560243 19 0 0 0 0 19 0
EGAN00001560269 14 0 0 0 0 14 0
EGAN00001560308 16 0 0 0 0 16 0
EGAN00001560313 16 0 0 0 0 16 0
EGAN00001560314 19 0 0 0 0 19 0
EGAN00001560320 18 0 0 0 0 18 0
EGAN00001560322 9 0 0 0 0 9 0
EGAN00001560332 11 0 0 0 0 11 0
EGAN00001560346 18 0 0 0 0 18 0
EGAN00001560356 27 0 0 0 0 27 0
EGAN00001560362 21 0 0 0 0 21 0
EGAN00001560370 20 0 0 0 0 20 0
EGAN00001560386 18 0 0 0 0 18 0
EGAN00001560396 17 0 0 0 0 17 0
EGAN00001560410 31 0 0 0 0 31 0
EGAN00001560418 22 0 0 0 0 22 0
EGAN00001560424 29 0 0 0 1 28 0
EGAN00001560448 33 0 0 0 0 33 0
EGAN00001560453 19 0 0 0 0 19 0
EGAN00001560464 14 0 0 0 0 14 0
EGAN00001560478 16 0 0 0 0 16 0
EGAN00001560485 19 0 0 0 0 19 0
EGAN00001560513 23 0 0 0 0 23 0
EGAN00001560515 27 0 0 0 0 27 0
EGAN00001560516 17 0 0 0 0 17 0
EGAN00001560524 15 0 0 0 0 15 0
EGAN00001560527 19 0 0 0 0 19 0
EGAN00001560540 18 0 0 0 0 18 0
EGAN00001560547 23 0 0 0 1 22 0
EGAN00001560549 24 0 0 0 0 24 0
EGAN00001560559 31 0 0 0 0 31 0
EGAN00001560583 18 0 0 0 0 18 0
EGAN00001560592 20 0 0 0 0 20 0
EGAN00001560595 13 0 0 0 0 13 0
EGAN00001560606 18 0 0 0 0 18 0
EGAN00001560609 21 0 0 0 0 21 0
EGAN00001560616 22 0 0 0 0 22 0
EGAN00001560633 18 0 0 0 0 18 0
EGAN00001560665 15 0 0 0 0 15 0
EGAN00001560675 17 0 0 0 0 17 0
EGAN00001560686 18 0 0 0 0 18 0
EGAN00001560693 15 0 0 0 0 15 0
EGAN00001560695 20 0 0 0 0 20 0
EGAN00001560708 23 0 0 0 0 23 0
EGAN00001560710 20 0 0 0 0 20 0
EGAN00001560737 15 0 0 0 0 15 0
EGAN00001560738 17 0 0 0 0 17 0
EGAN00001560739 13 0 0 0 0 13 0
EGAN00001560761 16 0 0 0 0 16 0
EGAN00001560769 30 0 0 0 0 30 0
EGAN00001560786 14 0 0 0 0 14 0
EGAN00001560788 16 0 0 0 0 16 0
EGAN00001560813 24 0 0 0 0 24 0
EGAN00001560820 18 0 0 0 0 18 0
EGAN00001560821 20 0 0 0 0 20 0
EGAN00001560824 22 0 0 0 0 22 0
EGAN00001560853 23 0 0 0 0 23 0
EGAN00001560869 18 0 0 0 0 18 0
EGAN00001560889 17 0 0 0 0 17 0
EGAN00001560906 23 0 0 0 0 23 0
EGAN00001560912 17 0 0 0 0 17 0
EGAN00001560929 15 0 0 0 0 15 0
EGAN00001560938 22 0 0 0 0 22 0
EGAN00001560951 15 0 0 0 0 15 0
EGAN00001560966 14 0 0 0 0 14 0
EGAN00001560974 18 0 0 0 0 18 0
EGAN00001560985 28 0 0 0 0 28 0
EGAN00001560994 17 0 0 0 0 17 0
EGAN00001560995 16 0 0 0 0 16 0
EGAN00001561020 16 0 0 0 0 16 0
EGAN00001561055 23 0 0 0 0 23 0
EGAN00001561079 31 0 0 0 0 31 0
EGAN00001561085 27 0 0 0 0 27 0
EGAN00001561103 21 0 0 0 0 21 0
EGAN00001561148 17 0 0 0 0 17 0
EGAN00001561154 16 0 0 0 0 16 0
EGAN00001561172 20 0 0 0 0 20 0
EGAN00001561199 15 0 0 0 0 15 0
EGAN00001561200 20 0 0 0 0 20 0
EGAN00001561201 20 0 0 0 0 20 0
EGAN00001561206 26 0 0 0 1 25 0
EGAN00001561221 24 0 0 0 0 24 0
EGAN00001561231 22 0 0 0 0 22 0
EGAN00001561234 27 0 0 1 0 26 0
EGAN00001561251 18 0 0 0 0 18 0
EGAN00001561252 15 0 0 0 0 15 0
EGAN00001561280 16 0 0 0 0 16 0
EGAN00001561296 23 0 0 0 0 23 0
EGAN00001561299 23 0 0 0 0 23 0
EGAN00001561303 18 0 0 0 0 18 0
EGAN00001561312 21 0 0 0 0 21 0
EGAN00001561373 14 0 0 0 0 14 0
EGAN00001561380 15 0 0 0 0 15 0
EGAN00001561393 22 0 0 0 1 21 0
EGAN00001561406 19 0 0 0 0 19 0
EGAN00001561412 33 0 0 0 0 33 0
EGAN00001561414 16 0 0 0 0 16 0
EGAN00001561425 17 0 0 0 0 17 0
EGAN00001561431 23 0 0 1 0 22 0
EGAN00001561442 9 0 0 0 0 9 0
EGAN00001561448 24 0 0 0 0 24 0
EGAN00001561453 22 0 0 0 0 22 0
EGAN00001561456 22 0 0 0 0 22 0
EGAN00001561458 15 0 0 0 0 15 0
EGAN00001561467 14 0 0 0 0 14 0
EGAN00001561476 18 0 0 1 0 17 0
EGAN00001561503 26 0 0 0 0 26 0
EGAN00001561508 23 0 0 0 0 23 0
EGAN00001561510 19 0 0 0 0 19 0
EGAN00001561542 11 0 0 0 0 11 0
EGAN00001561554 25 0 0 0 0 25 0
EGAN00001569013 19 0 0 0 0 19 0
EGAN00001572904 20 0 0 0 0 20 0
EGAN00001572939 17 0 0 1 0 16 0
EGAN00001575966 21 0 0 0 0 21 0
EGAN00001575982 20 0 0 0 0 20 0
EGAN00001576013 16 0 0 0 0 16 0
EGAN00001576017 14 0 0 0 0 14 0
EGAN00001576033 23 0 0 1 0 22 0
EGAN00001576040 20 0 0 0 0 20 0
EGAN00001576047 13 0 0 0 0 13 0
EGAN00001576056 17 0 0 0 0 17 0
EGAN00001576064 31 0 0 0 1 30 0
EGAN00001576068 18 0 0 0 0 18 0
EGAN00001576070 35 0 0 0 0 35 0
EGAN00001576074 23 0 0 0 0 23 0
EGAN00001576094 20 0 0 0 0 20 0
EGAN00001576100 28 0 0 0 0 28 0
EGAN00001576104 22 0 0 0 0 22 0
EGAN00001576114 19 0 0 0 0 19 0
EGAN00001576126 17 0 0 0 0 17 0
EGAN00001576168 26 0 0 0 0 26 0
EGAN00001576188 24 0 0 0 0 24 0
EGAN00001576205 21 0 0 0 0 21 0
EGAN00001576216 20 0 0 0 0 20 0
EGAN00001576226 9 0 0 0 0 9 0
EGAN00001576240 17 0 0 0 0 17 0
EGAN00001576245 25 0 0 0 0 25 0
EGAN00001576247 20 0 0 0 0 20 0
EGAN00001576249 21 0 0 0 0 21 0
EGAN00001576253 22 0 0 0 0 22 0
EGAN00001576258 24 0 0 1 0 23 0
EGAN00001576264 16 0 0 0 0 16 0
EGAN00001576272 21 0 0 0 0 21 0
EGAN00001576273 19 0 0 0 0 19 0
EGAN00001576277 19 0 0 0 0 19 0
EGAN00001576296 21 0 0 0 0 21 0
EGAN00001576314 12 0 0 0 0 12 0
EGAN00001576321 29 0 0 0 0 29 0
EGAN00001576324 22 0 0 0 0 22 0
EGAN00001576334 27 0 0 0 0 27 0
EGAN00001576367 19 0 0 0 0 19 0
EGAN00001576379 12 0 0 0 0 12 0
EGAN00001576393 23 0 0 0 0 23 0
EGAN00001576415 22 0 0 0 0 22 0
EGAN00001576428 19 0 0 0 0 19 0
EGAN00001576431 20 0 0 0 1 19 0
EGAN00001576439 21 0 0 0 0 21 0
EGAN00001576442 16 0 0 0 0 16 0
EGAN00001576452 23 0 0 0 0 23 0
EGAN00001576459 21 0 0 0 0 21 0
EGAN00001576482 27 0 0 0 0 27 0
EGAN00001576490 21 0 0 0 0 21 0
EGAN00001576502 26 0 0 0 0 26 0
EGAN00001576514 17 0 0 0 0 17 0
EGAN00001576515 7 0 0 0 0 7 0
EGAN00001576553 14 0 0 0 0 14 0
EGAN00001576555 26 0 0 0 0 26 0
EGAN00001576558 16 0 0 0 0 16 0
EGAN00001576566 37 0 0 0 0 37 0
EGAN00001576575 18 0 0 0 0 18 0
EGAN00001576611 21 0 0 0 0 21 0
EGAN00001576639 23 0 0 0 0 23 0
EGAN00001576651 31 0 0 0 0 31 0
EGAN00001576682 15 0 0 0 0 15 0
EGAN00001576692 22 0 0 0 0 22 0
EGAN00001576705 10 0 0 1 0 9 0
EGAN00001576718 18 0 0 0 0 18 0
EGAN00001579169 18 0 0 0 0 18 0
EGAN00001579171 11 0 0 0 0 11 0
EGAN00001583153 22 0 0 0 0 22 0
EGAN00001583162 22 0 0 0 0 22 0
EGAN00001583163 10 0 0 0 0 10 0
EGAN00001583178 24 0 0 0 0 24 0
EGAN00001583180 17 0 0 1 0 16 0
EGAN00001583181 21 0 0 0 0 21 0
EGAN00001583193 15 0 0 0 0 15 0
EGAN00001583197 26 0 0 0 0 26 0
EGAN00001583205 14 0 0 0 0 14 0
EGAN00001583212 21 0 0 0 0 21 0
EGAN00001583219 27 0 0 0 0 27 0
EGAN00001583224 17 0 0 0 0 17 0
EGAN00001583226 19 0 0 0 0 19 0
EGAN00001583243 16 0 0 0 0 16 0
EGAN00001583244 21 0 0 0 0 21 0
EGAN00001583254 21 0 0 0 0 21 0
EGAN00001583261 24 0 0 0 0 24 0
EGAN00001583263 24 0 0 0 0 24 0
EGAN00001583265 16 0 0 0 0 16 0
EGAN00001583284 19 0 0 0 0 19 0
EGAN00001583286 29 0 0 0 0 29 0
EGAN00001583301 19 0 0 0 0 19 0
EGAN00001583306 23 0 0 0 0 23 0
EGAN00001583343 18 0 0 0 0 18 0
EGAN00001583345 22 0 0 0 1 21 0
EGAN00001583356 16 0 0 0 0 16 0
EGAN00001583369 23 0 0 0 0 23 0
EGAN00001583385 15 0 0 0 0 15 0
EGAN00001583389 19 0 0 0 0 19 0
EGAN00001583391 18 0 0 0 0 18 0
EGAN00001583392 17 0 0 0 0 17 0
EGAN00001583412 16 0 0 0 0 16 0
EGAN00001583457 27 0 0 0 0 27 0
EGAN00001583470 26 0 0 0 0 26 0
EGAN00001583494 17 0 0 0 0 17 0
EGAN00001583512 15 0 0 0 0 15 0
EGAN00001583541 22 0 1 0 0 21 0
EGAN00001583549 20 0 0 0 0 20 0
EGAN00001583560 14 0 0 0 0 14 0
EGAN00001583568 14 0 0 0 0 14 0
EGAN00001583572 19 0 0 0 0 19 0
EGAN00001583582 16 0 0 0 0 16 0
EGAN00001583601 31 0 0 0 0 31 0
EGAN00001583605 22 0 0 0 0 22 0
EGAN00001583609 21 0 1 0 0 20 0
EGAN00001583611 25 0 0 0 0 25 0
EGAN00001583640 21 0 0 0 0 21 0
EGAN00001583651 13 0 0 0 0 13 0
EGAN00001583686 25 0 0 0 0 25 0
EGAN00001583692 29 0 0 0 0 29 0
EGAN00001583724 31 0 0 0 0 31 0
EGAN00001583742 18 0 0 0 0 18 0
EGAN00001583765 20 0 0 0 1 19 0
EGAN00001583766 22 0 0 0 0 22 0
EGAN00001583772 18 0 0 0 1 17 0
EGAN00001583814 14 0 0 0 0 14 0
EGAN00001583825 17 0 0 1 0 16 0
EGAN00001583828 19 0 0 0 0 19 0
EGAN00001583831 20 0 0 0 1 19 0
EGAN00001583841 24 0 0 0 0 24 0
EGAN00001583853 17 0 0 0 0 17 0
EGAN00001583858 16 0 0 0 0 16 0
EGAN00001583868 17 0 0 0 0 17 0
EGAN00001583899 19 0 0 0 0 19 0
EGAN00001583921 16 0 0 0 0 16 0
EGAN00001583924 18 0 0 0 0 18 0
EGAN00001583925 16 0 0 0 0 16 0
EGAN00001583933 21 0 0 0 0 21 0
EGAN00001584036 25 0 0 0 0 25 0
EGAN00001584047 18 0 0 0 0 18 0
EGAN00001584049 26 0 0 1 0 25 0
EGAN00001584057 26 0 0 0 0 26 0
EGAN00001584062 37 0 0 0 0 37 0
EGAN00001584081 25 0 0 0 0 25 0
EGAN00001584088 25 0 0 0 0 25 0
EGAN00001584090 30 0 0 0 0 30 0
EGAN00001584093 15 0 0 0 0 15 0
EGAN00001584094 23 0 0 0 0 23 0
EGAN00001584105 17 0 0 0 0 17 0
EGAN00001584106 19 0 0 0 0 19 0
EGAN00001584115 27 0 0 0 0 27 0
EGAN00001584121 21 0 0 0 0 21 0
EGAN00001584137 26 0 0 0 0 26 0
EGAN00001584139 14 0 0 0 0 14 0
EGAN00001584140 15 0 0 0 0 15 0
EGAN00001584144 14 0 0 0 0 14 0
EGAN00001584198 25 0 0 0 0 25 0
EGAN00001584205 18 0 0 0 0 18 0
EGAN00001584210 20 0 0 0 0 20 0
EGAN00001584212 16 0 0 0 0 16 0
EGAN00001584219 20 0 0 0 0 20 0
EGAN00001584226 14 0 0 0 0 14 0
EGAN00001584245 18 0 0 0 0 18 0
EGAN00001584254 17 0 0 0 0 17 0
EGAN00001584279 19 0 0 0 0 19 0
EGAN00001584280 24 0 0 0 1 23 0
EGAN00001584292 17 0 0 0 0 17 0
EGAN00001584299 20 0 0 0 0 20 0
EGAN00001584334 12 0 0 0 0 12 0
EGAN00001584348 18 0 0 0 0 18 0
EGAN00001584355 19 0 0 0 0 19 0
EGAN00001584367 16 0 0 0 0 16 0
EGAN00001584368 18 0 0 0 0 18 0
EGAN00001584369 26 0 0 0 0 26 0
EGAN00001584374 17 0 0 0 0 17 0
EGAN00001584384 22 0 0 0 0 22 0
EGAN00001584389 18 0 0 0 0 18 0
EGAN00001584393 16 0 0 0 0 16 0
EGAN00001584404 22 0 0 0 0 22 0
EGAN00001584410 15 0 0 0 0 15 0
EGAN00001584419 18 0 0 0 0 18 0
EGAN00001584421 22 0 0 0 0 22 0
EGAN00001584426 17 0 0 0 0 17 0
EGAN00001584447 18 0 0 0 0 18 0
EGAN00001584469 19 0 0 0 0 19 0
EGAN00001584470 13 0 0 0 0 13 0
EGAN00001584475 16 0 0 0 0 16 0
EGAN00001584497 11 0 0 0 0 11 0
EGAN00001584525 14 0 0 0 0 14 0
EGAN00001584530 19 0 0 0 0 19 0
EGAN00001584531 13 0 0 0 0 13 0
EGAN00001584562 12 0 0 0 0 12 0
EGAN00001584578 14 0 0 0 0 14 0
EGAN00001584585 16 0 0 0 0 16 0
EGAN00001584587 26 0 0 0 0 26 0
EGAN00001584590 19 0 0 0 0 19 0
EGAN00001584594 20 0 0 0 0 20 0
EGAN00001584621 9 0 0 0 0 9 0
EGAN00001584662 9 0 0 0 0 9 0
EGAN00001584670 14 0 0 0 0 14 0
EGAN00001584681 12 0 0 0 0 12 0
EGAN00001584682 14 0 0 0 0 14 0
EGAN00001584686 21 0 0 0 0 21 0
EGAN00001584695 26 0 0 0 0 26 0
EGAN00001584701 25 0 0 0 0 25 0
EGAN00001584748 17 0 0 0 0 17 0
EGAN00001584752 14 0 0 0 0 14 0
EGAN00001584770 15 0 0 0 0 15 0
EGAN00001584776 13 0 0 0 0 13 0
EGAN00001584789 13 0 0 0 0 13 0
EGAN00001584799 20 0 0 0 0 20 0
EGAN00001584807 16 0 0 0 0 16 0
EGAN00001584818 15 0 0 0 0 15 0
EGAN00001584827 20 0 0 0 0 20 0
EGAN00001584831 23 0 0 0 0 23 0
EGAN00001584844 15 0 0 0 0 15 0
EGAN00001584856 23 0 0 0 0 23 0
EGAN00001584876 15 0 0 0 0 15 0
EGAN00001584878 21 0 0 0 0 21 0
EGAN00001584887 13 0 0 0 0 13 0
EGAN00001584890 22 0 0 0 0 22 0
EGAN00001584902 19 0 0 0 0 19 0
EGAN00001584908 20 0 0 0 0 20 0
EGAN00001584924 15 0 0 0 0 15 0
EGAN00001584927 22 0 0 0 0 22 0
EGAN00001584940 19 0 0 0 0 19 0
EGAN00001584952 16 0 2 0 0 14 0
EGAN00001584966 26 0 0 0 1 25 0
EGAN00001584970 12 0 0 0 0 12 0
EGAN00001584972 19 0 0 0 0 19 0
EGAN00001585037 19 0 0 0 0 19 0
EGAN00001585049 26 0 0 0 0 26 0
EGAN00001585062 18 0 0 0 0 18 0
EGAN00001585083 17 0 0 0 1 16 0
EGAN00001585105 21 0 0 0 0 21 0
EGAN00001585131 12 0 0 0 0 12 0
EGAN00001585136 17 0 0 0 0 17 0
EGAN00001585163 18 0 0 0 0 18 0
EGAN00001585167 17 0 0 0 0 17 0
EGAN00001585175 19 0 0 0 0 19 0
EGAN00001585178 23 0 0 0 0 23 0
EGAN00001585191 21 0 0 0 0 21 0
EGAN00001585193 16 0 0 0 0 16 0
EGAN00001585195 19 0 0 0 0 19 0
EGAN00001585197 12 0 0 0 0 12 0
EGAN00001585198 13 0 0 0 0 13 0
EGAN00001585202 18 0 0 0 0 18 0
EGAN00001585228 14 0 0 0 0 14 0
EGAN00001585231 27 0 0 0 0 27 0
EGAN00001585239 20 0 0 0 0 20 0
EGAN00001585244 14 0 0 0 0 14 0
EGAN00001585262 18 0 0 0 0 18 0
EGAN00001585265 14 0 0 0 0 14 0
EGAN00001585280 15 0 0 0 0 15 0
EGAN00001585318 14 0 0 0 0 14 0
EGAN00001585319 22 0 0 0 0 22 0
EGAN00001585322 23 0 0 0 0 23 0
EGAN00001585328 19 0 0 0 0 19 0
EGAN00001585331 23 0 0 0 0 23 0
EGAN00001585337 15 0 0 0 0 15 0
EGAN00001585349 17 0 0 0 0 17 0
EGAN00001585350 18 0 0 0 0 18 0
EGAN00001585368 12 0 0 0 0 12 0
EGAN00001585387 25 0 0 0 0 24 1
EGAN00001585388 16 0 0 0 0 16 0
EGAN00001585391 29 0 0 0 0 29 0
EGAN00001585393 21 0 0 0 1 20 0
EGAN00001585404 21 0 0 0 1 20 0
EGAN00001585423 18 0 0 0 0 18 0
EGAN00001585439 20 0 0 0 0 20 0
EGAN00001585440 18 0 0 0 0 18 0
EGAN00001585449 17 0 1 0 0 16 0
EGAN00001585462 27 0 0 0 0 27 0
EGAN00001585473 20 0 0 0 0 20 0
EGAN00001585477 14 0 0 0 0 14 0
EGAN00001585491 17 0 0 0 0 17 0
EGAN00001585505 19 0 0 0 0 19 0
EGAN00001585506 17 0 0 0 0 17 0
EGAN00001585507 17 0 0 0 0 17 0
EGAN00001585518 14 0 0 0 0 14 0
EGAN00001585529 16 0 0 0 1 15 0
EGAN00001585530 15 0 0 0 0 15 0
EGAN00001585536 24 0 0 0 0 24 0
EGAN00001585557 16 0 0 0 0 16 0
EGAN00001585560 17 0 0 0 0 17 0
EGAN00001585569 13 0 0 0 0 13 0
EGAN00001585604 18 0 0 0 0 18 0
EGAN00001585621 20 0 0 0 0 20 0
EGAN00001585625 29 0 0 0 0 29 0
EGAN00001585628 16 0 0 0 0 16 0
EGAN00001585629 23 0 0 0 0 23 0
EGAN00001585639 24 0 0 0 0 24 0
EGAN00001585649 33 0 0 0 1 32 0
EGAN00001585650 26 0 0 0 0 26 0
EGAN00001585657 19 0 0 0 0 19 0
EGAN00001585676 18 0 0 0 0 18 0
EGAN00001585681 22 0 0 0 0 22 0
EGAN00001585693 31 0 0 0 0 31 0
EGAN00001585705 16 0 0 0 0 16 0
EGAN00001585726 24 0 0 0 0 24 0
EGAN00001585735 15 0 0 0 0 15 0
EGAN00001585751 16 0 0 0 0 16 0
EGAN00001585755 17 0 0 0 0 17 0
EGAN00001585773 18 0 0 0 0 18 0
EGAN00001585802 26 0 0 0 0 26 0
EGAN00001585821 24 0 0 0 0 24 0
EGAN00001585822 15 0 0 0 0 15 0
EGAN00001585840 17 0 0 0 0 17 0
EGAN00001585842 24 0 0 0 0 24 0
EGAN00001585849 9 0 0 0 0 9 0
EGAN00001585852 17 0 0 0 1 16 0
EGAN00001585857 22 0 0 0 0 22 0
EGAN00001585870 17 0 0 0 0 17 0
EGAN00001585871 22 0 0 0 0 22 0
EGAN00001585884 17 0 0 0 0 17 0
EGAN00001585910 32 0 0 0 0 32 0
EGAN00001585946 23 0 0 0 0 23 0
EGAN00001585953 21 0 0 0 0 21 0
EGAN00001585980 25 0 0 0 0 25 0
EGAN00001585989 12 0 0 0 0 12 0
EGAN00001586004 20 0 0 0 0 20 0
EGAN00001586011 13 0 0 0 0 13 0
EGAN00001586036 27 0 0 0 0 27 0
EGAN00001586045 21 0 0 0 0 21 0
EGAN00001586049 26 0 0 0 0 26 0
EGAN00001586050 13 0 0 0 0 13 0
EGAN00001586055 19 0 0 0 0 19 0
EGAN00001586060 26 0 0 0 0 26 0
EGAN00001586066 19 0 0 0 0 19 0
EGAN00001586069 20 0 0 0 0 20 0
EGAN00001586081 22 0 0 0 0 22 0
EGAN00001586083 18 0 0 0 0 18 0
EGAN00001586104 17 0 0 0 0 17 0
EGAN00001586112 23 0 0 0 0 23 0
EGAN00001586117 30 0 0 0 0 30 0
EGAN00001586125 17 0 0 0 0 17 0
EGAN00001586148 21 0 0 0 0 21 0
EGAN00001586165 14 0 0 0 0 14 0
EGAN00001586175 24 0 0 0 0 24 0
EGAN00001586181 23 0 0 0 0 23 0
EGAN00001586191 16 0 0 0 0 16 0
EGAN00001586205 14 0 0 0 0 14 0
EGAN00001586206 20 0 0 0 0 20 0
EGAN00001599246 16 0 0 0 0 16 0
EGAN00001599251 13 0 0 0 0 13 0
EGAN00001599261 19 0 0 0 0 19 0
EGAN00001599262 24 0 0 0 0 24 0
EGAN00001599270 16 0 0 0 0 16 0
EGAN00001599275 20 0 0 0 0 20 0
EGAN00001599281 21 0 0 0 0 21 0
EGAN00001599290 17 0 0 0 0 17 0
EGAN00001599298 16 0 0 0 0 16 0
EGAN00001599353 22 0 0 1 0 21 0
EGAN00001599360 9 0 0 0 0 9 0
EGAN00001599375 24 0 0 0 0 24 0
EGAN00001599391 27 0 0 0 0 27 0
EGAN00001599393 18 0 0 1 0 17 0
EGAN00001599404 17 0 0 0 0 17 0
EGAN00001599406 13 0 0 0 0 13 0
EGAN00001599407 20 0 0 0 1 19 0
EGAN00001599410 12 0 0 0 0 12 0
EGAN00001599411 15 0 0 0 0 15 0
EGAN00001599421 24 0 0 0 0 24 0
EGAN00001599432 21 0 0 0 0 21 0
EGAN00001599445 21 0 0 0 0 21 0
EGAN00001599448 21 0 0 0 0 21 0
EGAN00001599449 26 0 0 0 0 26 0
EGAN00001599452 14 0 0 0 0 14 0
EGAN00001599455 29 0 0 0 0 29 0
EGAN00001599456 15 0 0 0 0 15 0
EGAN00001599457 18 0 0 0 0 18 0
EGAN00001599461 26 0 0 0 0 26 0
EGAN00001599480 12 0 0 0 0 12 0
EGAN00001599501 25 0 0 0 0 25 0
EGAN00001599506 11 0 0 0 0 11 0
EGAN00001599542 22 0 0 0 0 22 0
EGAN00001599555 18 0 0 0 1 17 0
EGAN00001599567 17 0 0 0 0 17 0
EGAN00001599576 24 0 0 0 0 24 0
EGAN00001599593 23 0 0 0 0 23 0
EGAN00001599599 16 0 0 0 0 16 0
EGAN00001599625 15 0 0 0 0 15 0
EGAN00001599637 15 0 0 0 0 15 0
EGAN00001599655 23 0 0 0 0 23 0
EGAN00001599686 18 0 0 0 0 18 0
EGAN00001599694 21 0 0 0 0 21 0
EGAN00001599696 27 0 0 0 0 27 0
EGAN00001599700 24 0 0 0 0 24 0
EGAN00001599703 20 0 0 0 0 20 0
EGAN00001599711 27 0 0 0 0 27 0
EGAN00001599722 17 0 0 0 0 17 0
EGAN00001599749 18 0 0 0 0 18 0
EGAN00001599760 21 0 0 0 0 21 0
EGAN00001599774 15 0 0 0 0 15 0
EGAN00001599777 16 0 0 0 0 16 0
EGAN00001599780 24 0 0 0 0 24 0
EGAN00001599802 21 0 0 0 0 21 0
EGAN00001599817 17 0 0 0 0 17 0
EGAN00001599825 22 0 0 0 0 22 0
EGAN00001599870 21 0 0 0 0 21 0
EGAN00001599876 15 0 0 0 0 15 0
EGAN00001599887 15 0 0 0 0 15 0
EGAN00001599896 11 0 0 0 0 11 0
EGAN00001599904 8 0 0 0 0 8 0
EGAN00001599915 14 0 0 0 0 14 0
EGAN00001599917 19 0 0 0 1 18 0
EGAN00001599932 21 0 0 0 0 21 0
EGAN00001671033 16 0 0 0 0 16 0
EGAN00001671807 18 0 0 0 0 18 0
EGAN00001671828 17 0 0 0 0 17 0
EGAN00001671840 23 0 0 0 1 22 0
EGAN00001671857 15 0 0 0 0 15 0
EGAN00001671875 14 0 0 0 0 14 0
EGAN00001671876 18 0 1 0 0 17 0
EGAN00001671878 22 0 0 0 0 22 0
EGAN00001671882 6 0 0 0 0 6 0
EGAN00001671919 19 0 0 0 0 19 0
EGAN00001671924 32 0 0 0 0 32 0
EGAN00001671928 28 0 0 0 0 28 0
EGAN00001671936 16 0 0 0 0 16 0
EGAN00001671948 24 0 0 0 0 24 0
EGAN00001671983 19 0 0 0 0 19 0
EGAN00001671999 15 0 0 0 0 15 0
EGAN00001672009 17 0 0 0 0 17 0
EGAN00001672013 17 0 0 0 0 17 0
EGAN00001672017 16 0 0 0 0 16 0
EGAN00001672025 19 0 0 0 0 19 0
EGAN00001672026 18 0 0 0 0 18 0
EGAN00001672054 36 0 0 0 0 36 0
EGAN00001672062 13 0 0 0 0 13 0
EGAN00001672074 8 0 0 2 0 6 0
EGAN00001672084 16 0 0 0 0 16 0
EGAN00001672093 27 0 0 0 0 27 0
EGAN00001672100 22 0 0 0 0 22 0
EGAN00001672104 24 0 0 0 0 24 0
EGAN00001672114 14 0 0 0 0 14 0
EGAN00001672116 15 0 0 0 0 15 0
EGAN00001672124 17 0 0 0 0 17 0
EGAN00001672126 11 0 1 0 0 10 0
EGAN00001672134 26 0 0 0 0 26 0
EGAN00001672147 23 0 0 0 0 23 0
EGAN00001672148 22 0 0 0 0 22 0
EGAN00001672152 19 0 0 0 0 19 0
EGAN00001672156 9 0 0 0 0 9 0
EGAN00001672161 11 0 0 0 0 11 0
EGAN00001672165 12 0 0 0 0 12 0
EGAN00001672169 12 0 0 0 0 12 0
EGAN00001672173 18 0 0 0 0 18 0
EGAN00001672178 23 0 0 0 0 23 0
EGAN00001672183 18 0 0 0 0 18 0
EGAN00001672190 16 0 0 0 0 16 0
EGAN00001672197 24 0 0 0 0 24 0
EGAN00001672210 17 0 0 0 1 16 0
EGAN00001672232 15 0 0 0 0 15 0
EGAN00001672243 15 0 0 0 0 15 0
EGAN00001672284 18 0 0 0 0 18 0
EGAN00001672288 21 0 0 0 0 21 0
EGAN00001672308 24 0 0 0 0 24 0
EGAN00001672316 14 0 0 0 0 14 0
EGAN00001672322 17 0 0 0 0 17 0
EGAN00001672330 13 0 0 0 0 13 0
EGAN00001672333 13 0 0 0 0 13 0
EGAN00001672334 22 0 0 0 1 21 0
EGAN00001672345 15 0 0 0 1 14 0
EGAN00001672354 11 0 0 0 0 11 0
EGAN00001672363 18 0 0 0 0 18 0
EGAN00001672376 22 0 0 0 0 22 0
EGAN00001672378 17 0 0 0 0 17 0
EGAN00001672383 21 0 0 0 0 21 0
EGAN00001672411 20 0 0 0 0 20 0
EGAN00001672428 12 0 0 0 0 12 0
EGAN00001672439 12 0 0 0 0 12 0
EGAN00001672452 31 0 0 0 0 31 0
EGAN00001672457 16 0 0 0 0 16 0
EGAN00001672462 26 0 0 0 0 26 0
EGAN00001672511 19 0 0 0 0 19 0
EGAN00001672536 16 0 0 0 0 16 0
EGAN00001672538 21 0 0 0 0 21 0
EGAN00001672542 21 0 0 0 0 21 0
EGAN00001672553 14 0 0 0 0 14 0
EGAN00001672554 22 0 0 0 0 22 0
EGAN00001672565 14 0 0 0 0 14 0
EGAN00001672572 14 0 0 0 0 14 0
EGAN00001672578 9 0 0 0 0 9 0
EGAN00001672580 27 0 0 0 0 27 0
EGAN00001672585 11 0 0 0 0 11 0
EGAN00001672593 18 0 0 0 0 18 0
EGAN00001672597 19 0 0 0 0 19 0
EGAN00001672601 19 0 0 0 0 19 0
EGAN00001672631 21 0 0 0 0 21 0
EGAN00001672646 16 0 0 0 0 16 0
EGAN00001672651 24 0 0 0 0 24 0
EGAN00001672675 13 0 0 0 0 13 0
EGAN00001672687 19 0 0 0 0 19 0
EGAN00001672714 25 0 0 0 0 25 0
EGAN00001672719 16 0 0 0 0 16 0
EGAN00001672736 24 0 0 0 0 24 0
EGAN00001672744 14 0 0 0 0 14 0
EGAN00001672745 15 0 0 0 0 15 0
EGAN00001672751 17 0 0 0 0 17 0
EGAN00001672763 16 0 0 0 0 16 0
EGAN00001672783 17 0 0 0 0 17 0
EGAN00001672790 24 0 0 0 0 24 0
EGAN00001672794 25 0 0 0 0 25 0
EGAN00001672797 10 0 0 0 0 10 0
EGAN00001672813 28 0 0 0 0 28 0
EGAN00001672820 22 0 0 0 0 22 0
EGAN00001672833 19 0 0 0 0 19 0
EGAN00001672839 17 0 0 0 0 17 0
EGAN00001672848 12 0 0 0 0 12 0
EGAN00001672870 20 0 0 0 0 20 0
EGAN00001672873 15 0 0 0 0 15 0
EGAN00001672877 13 0 0 0 0 13 0
EGAN00001672886 24 0 0 0 0 24 0
EGAN00001672896 15 0 0 0 0 15 0
EGAN00001672914 19 0 0 0 0 19 0
EGAN00001672923 21 0 0 0 0 21 0
EGAN00001672926 22 0 0 0 0 22 0
EGAN00001672930 9 0 0 0 0 9 0
EGAN00001672933 16 0 0 0 0 16 0
EGAN00001672940 19 0 0 0 0 19 0
EGAN00001672947 16 0 0 0 0 16 0
EGAN00001672969 18 0 0 0 0 18 0
EGAN00001672988 11 0 0 0 0 11 0
EGAN00001673014 20 0 0 0 0 20 0
EGAN00001673075 24 0 0 0 0 24 0
EGAN00001673103 31 0 0 0 0 31 0
EGAN00001673106 9 0 0 0 0 9 0
EGAN00001673115 12 0 0 0 0 12 0
EGAN00001673116 21 0 0 0 0 21 0
EGAN00001673128 23 0 0 0 0 23 0
EGAN00001673142 24 0 0 0 0 24 0
EGAN00001673167 10 0 0 0 0 10 0
EGAN00001673209 16 0 0 0 0 16 0
EGAN00001673245 22 0 0 0 0 22 0
EGAN00001673252 25 0 0 0 0 25 0
EGAN00001673257 9 0 0 0 0 9 0
EGAN00001673263 24 0 0 0 0 24 0
EGAN00001673285 14 0 0 0 0 14 0
EGAN00001673292 12 0 0 0 0 12 0
EGAN00001673302 11 0 0 0 0 11 0
EGAN00001673321 22 0 0 0 0 22 0
EGAN00001673329 22 0 0 0 0 22 0
EGAN00001673335 15 0 0 0 0 15 0
EGAN00001673347 17 0 0 0 0 17 0
EGAN00001673371 16 0 0 0 0 16 0
EGAN00001673418 18 0 0 0 0 18 0
EGAN00001673422 18 0 0 0 0 18 0
EGAN00001673446 20 0 0 0 0 20 0
EGAN00001673458 17 0 0 0 0 17 0
EGAN00001673521 21 0 0 0 0 21 0
EGAN00001673523 20 0 0 0 0 20 0
EGAN00001673532 7 0 0 0 0 7 0
EGAN00001673562 11 0 0 0 0 11 0
EGAN00001673578 12 0 0 0 0 12 0
EGAN00001673580 12 0 0 0 0 12 0
EGAN00001673583 15 0 0 0 0 15 0
EGAN00001673597 22 0 0 0 0 22 0
EGAN00001673607 22 0 0 0 0 22 0
EGAN00001673611 19 0 0 0 0 19 0
EGAN00001673632 24 0 0 0 0 24 0
EGAN00001673637 21 0 0 0 0 21 0
EGAN00001673670 12 0 0 0 0 12 0
EGAN00001673677 21 0 0 0 0 21 0
EGAN00001673693 15 0 0 1 0 14 0
EGAN00001673700 21 0 0 0 0 21 0
EGAN00001673727 20 0 0 0 0 20 0
EGAN00001673751 21 0 0 0 0 21 0
EGAN00001673782 26 0 0 0 0 26 0
EGAN00001673804 21 0 0 0 0 21 0
EGAN00001673810 24 0 0 0 0 24 0
EGAN00001730343 8 0 0 0 0 8 0
EGAN00001730397 17 0 0 0 1 16 0
EGAN00001730410 17 0 0 0 0 17 0
EGAN00001730434 12 0 0 0 0 12 0
EGAN00001730447 15 0 0 1 0 14 0
EGAN00001730450 19 0 0 0 0 19 0
EGAN00001730455 17 0 0 0 0 17 0
EGAN00001730460 19 0 0 0 0 19 0
EGAN00001730488 23 0 0 0 0 23 0
EGAN00001730502 10 0 0 0 0 10 0
EGAN00001730503 21 0 0 0 0 21 0
EGAN00001730521 15 0 0 0 0 15 0
EGAN00001730523 12 0 0 0 0 12 0
EGAN00001730529 13 0 0 0 0 13 0
EGAN00001740624 22 0 0 0 0 22 0
EGAN00001740630 19 0 0 0 0 19 0
EGAN00001740633 19 0 0 0 0 19 0
EGAN00001740634 20 0 0 1 0 19 0
EGAN00001740641 20 0 0 0 0 20 0
EGAN00001740654 26 0 0 0 0 26 0
EGAN00001740657 15 0 0 0 0 15 0
EGAN00001740658 17 0 0 0 0 17 0
EGAN00001740673 22 0 0 0 0 22 0
EGAN00001740680 15 0 0 0 1 14 0
EGAN00001740686 18 0 0 0 0 18 0
EGAN00001740691 20 0 0 0 0 20 0
EGAN00001740692 18 0 0 0 0 18 0
EGAN00001740695 12 0 0 0 0 12 0
EGAN00001740700 16 0 0 0 1 15 0
EGAN00001740704 18 0 0 0 0 18 0
EGAN00001740742 20 0 0 0 0 20 0
EGAN00001740752 25 0 0 0 0 25 0
EGAN00001740772 10 0 0 0 0 10 0
EGAN00001740774 19 0 0 0 0 19 0
EGAN00001740796 13 0 0 0 0 13 0
EGAN00001740797 18 0 0 0 0 18 0
EGAN00001740802 19 0 0 0 0 19 0
EGAN00001740806 18 0 0 0 0 18 0
EGAN00001740827 24 0 0 0 0 24 0
EGAN00001740848 14 0 0 0 0 14 0
EGAN00001740858 22 0 0 0 0 22 0
EGAN00001740884 15 0 0 1 0 14 0
EGAN00001740885 22 0 0 0 0 22 0
EGAN00001740904 9 0 0 0 0 9 0
EGAN00001740906 20 0 0 0 0 20 0
EGAN00001740907 19 0 0 0 0 19 0
EGAN00001740918 18 0 0 0 0 18 0
EGAN00001740921 17 0 0 0 0 17 0
EGAN00001740927 17 0 0 0 0 17 0
EGAN00001740932 9 0 0 0 0 9 0
EGAN00001740944 21 0 0 0 0 21 0
EGAN00001740955 18 0 0 0 0 18 0
EGAN00001740957 16 0 0 0 0 16 0
EGAN00001740967 21 0 0 1 0 20 0
EGAN00001740970 13 0 0 0 0 13 0
EGAN00001740973 21 0 0 0 0 21 0
EGAN00001740978 19 0 0 0 0 19 0
EGAN00001740988 15 0 0 0 0 15 0
EGAN00001741035 24 0 0 0 0 24 0
EGAN00001741056 22 0 0 0 0 22 0
EGAN00001741057 24 0 0 0 0 24 0
EGAN00001741066 14 0 0 0 1 13 0
EGAN00001741073 15 0 0 0 0 15 0
EGAN00001741075 23 0 0 0 0 23 0
EGAN00001741087 19 0 0 0 0 19 0
EGAN00001741090 17 0 0 0 0 17 0
EGAN00001741093 19 0 0 0 0 19 0
EGAN00001741099 16 0 0 0 0 16 0
EGAN00001741107 15 0 0 0 0 15 0
EGAN00001741120 18 0 0 0 0 18 0
EGAN00001741122 13 0 0 0 0 13 0
EGAN00001741140 16 0 0 0 0 16 0
EGAN00001741150 13 0 0 0 0 13 0
EGAN00001741154 22 0 0 0 0 22 0
EGAN00001797988 17 0 0 0 0 17 0
EGAN00001797994 21 0 0 0 0 21 0
EGAN00001797996 14 0 0 0 0 14 0
EGAN00001798007 15 0 0 0 0 15 0
EGAN00001798008 16 0 0 0 0 16 0
EGAN00001798021 27 0 0 0 0 27 0
EGAN00001798030 16 0 0 0 0 16 0
EGAN00001798074 10 0 0 0 0 10 0
EGAN00001798091 17 0 0 0 0 17 0
EGAN00001798092 16 0 0 0 0 16 0
EGAN00001798104 10 0 0 0 0 10 0
EGAN00001798154 14 0 0 0 0 14 0
EGAN00001798162 19 0 0 0 0 19 0
EGAN00001798177 23 0 0 0 0 23 0
EGAN00001798191 28 0 0 0 0 28 0
EGAN00001798203 12 0 0 0 0 12 0
EGAN00001798255 21 0 0 0 0 21 0
EGAN00001798262 16 0 0 0 0 16 0
EGAN00001798269 25 0 0 0 0 25 0
EGAN00001798282 20 0 0 0 0 20 0
EGAN00001798285 23 0 0 0 0 23 0
EGAN00001798300 16 0 0 0 0 16 0
EGAN00001798317 20 0 0 0 0 20 0
EGAN00001798327 26 0 0 0 0 26 0
EGAN00001798330 19 0 0 0 0 19 0
EGAN00001798339 24 0 0 0 0 24 0
EGAN00001798342 24 0 0 0 0 24 0
EGAN00001798347 20 0 0 0 0 20 0
EGAN00001798348 11 0 0 0 0 11 0
EGAN00001798351 16 0 0 0 0 16 0
EGAN00001798359 16 0 0 0 0 16 0
EGAN00001798360 21 0 0 0 0 21 0
EGAN00001798367 17 0 0 0 0 17 0
EGAN00001798381 20 0 0 0 0 20 0
EGAN00001798382 17 0 0 0 0 17 0
EGAN00001798397 18 0 0 0 0 18 0
EGAN00001798404 19 0 0 0 0 19 0
EGAN00001798412 18 0 0 0 0 18 0
EGAN00001798435 13 0 0 0 0 13 0
EGAN00001798443 22 0 0 0 0 22 0
EGAN00001798445 20 0 0 0 0 20 0
EGAN00001798453 24 0 0 0 0 24 0
EGAN00001798480 35 0 0 0 0 35 0
EGAN00001798482 16 0 0 0 0 16 0
EGAN00001798483 10 0 0 0 0 10 0
EGAN00001798484 16 0 0 0 0 16 0
EGAN00001798492 15 0 0 0 0 15 0
EGAN00001798495 24 0 0 0 0 24 0
EGAN00001798498 15 0 0 0 0 15 0
EGAN00001798506 15 0 0 0 0 15 0
EGAN00001798511 16 0 0 0 0 16 0
EGAN00001798521 15 0 0 0 0 15 0
EGAN00001798534 20 0 0 0 0 20 0
EGAN00001798550 21 0 0 0 0 21 0
EGAN00001798551 15 0 0 0 0 15 0
EGAN00001798564 20 0 0 0 0 20 0
EGAN00001798565 18 0 0 0 0 18 0
EGAN00001798570 24 0 0 0 1 23 0
EGAN00001798574 13 0 0 0 0 13 0
EGAN00001798607 12 0 0 0 0 12 0
EGAN00001798625 26 0 0 0 0 26 0
EGAN00001798626 14 0 0 0 0 14 0
EGAN00001798632 25 0 0 0 1 24 0
EGAN00001798647 14 0 0 0 0 14 0
EGAN00001798653 20 0 0 0 0 20 0
EGAN00001798666 16 0 0 0 0 16 0
EGAN00001798669 14 0 0 0 0 14 0
EGAN00001798695 14 0 0 0 0 14 0
EGAN00001798708 17 0 0 0 0 17 0
EGAN00001830726 19 0 0 0 0 19 0
EGAN00001830730 16 0 0 0 1 15 0
EGAN00001830735 25 0 0 0 0 25 0
EGAN00001830736 20 0 0 0 0 20 0
EGAN00001830748 8 0 0 0 0 8 0
EGAN00001830757 18 0 0 0 0 18 0
EGAN00001830766 21 0 0 0 0 21 0
EGAN00001830784 12 0 0 0 0 12 0
EGAN00001830804 21 0 0 0 0 21 0
EGAN00001830806 16 0 0 0 1 15 0
EGAN00001830813 23 0 0 0 0 23 0
EGAN00001830822 16 0 0 0 0 16 0
EGAN00001830825 11 0 0 0 0 11 0
EGAN00001830830 16 0 0 0 0 16 0
EGAN00001830831 20 0 0 0 0 20 0
EGAN00001830836 14 0 0 0 0 14 0
EGAN00001830837 21 0 0 0 0 21 0
EGAN00001830839 19 0 0 0 0 19 0
EGAN00001830844 22 0 0 0 0 22 0
EGAN00001830849 18 0 0 0 0 18 0
EGAN00001830870 19 0 0 0 0 19 0
EGAN00001830878 26 0 0 0 0 26 0
EGAN00001830880 12 0 0 0 0 12 0
EGAN00001830882 18 0 0 0 0 18 0
EGAN00001830889 19 0 0 1 0 18 0
EGAN00001830896 16 0 0 0 0 16 0
EGAN00001830921 19 0 0 0 0 19 0
EGAN00001830930 18 0 0 0 0 18 0
EGAN00001830942 24 0 0 0 0 24 0
EGAN00001830943 15 0 0 0 0 15 0
EGAN00001830956 22 0 0 0 0 22 0
EGAN00001830959 14 0 0 0 0 14 0
