Sample Depth = A C G T N
EGAN00001008152 20 0 0 20 0 0 0
EGAN00001008240 23 0 0 23 0 0 0
EGAN00001008480 22 0 0 22 0 0 0
EGAN00001021279 15 0 0 15 0 0 0
EGAN00001021287 24 0 0 24 0 0 0
EGAN00001021349 19 0 0 19 0 0 0
EGAN00001021460 43 0 0 43 0 0 0
EGAN00001021482 20 0 0 20 0 0 0
EGAN00001021497 15 0 0 15 0 0 0
EGAN00001021529 14 0 0 14 0 0 0
EGAN00001021566 16 0 0 16 0 0 0
EGAN00001021591 28 0 0 28 0 0 0
EGAN00001021602 10 0 0 10 0 0 0
EGAN00001021616 14 0 1 12 1 0 0
EGAN00001021618 36 0 0 36 0 0 0
EGAN00001021722 19 0 0 19 0 0 0
EGAN00001021724 16 0 0 16 0 0 0
EGAN00001021747 16 0 0 16 0 0 0
EGAN00001021767 19 0 0 19 0 0 0
EGAN00001021773 21 0 0 21 0 0 0
EGAN00001021774 27 0 0 27 0 0 0
EGAN00001021779 10 0 0 10 0 0 0
EGAN00001021807 12 0 0 12 0 0 0
EGAN00001021818 12 0 0 12 0 0 0
EGAN00001021838 18 0 1 17 0 0 0
EGAN00001021842 15 0 0 15 0 0 0
EGAN00001021852 11 0 0 11 0 0 0
EGAN00001021861 12 0 0 12 0 0 0
EGAN00001021877 22 0 0 22 0 0 0
EGAN00001021992 17 0 0 17 0 0 0
EGAN00001021995 23 0 0 23 0 0 0
EGAN00001022009 22 0 0 22 0 0 0
EGAN00001022024 12 0 0 12 0 0 0
EGAN00001022028 21 0 0 20 1 0 0
EGAN00001022070 18 0 0 18 0 0 0
EGAN00001022071 6 0 0 6 0 0 0
EGAN00001022073 15 0 0 15 0 0 0
EGAN00001022269 26 0 0 26 0 0 0
EGAN00001022287 15 0 0 15 0 0 0
EGAN00001022694 17 0 0 17 0 0 0
EGAN00001022728 17 0 0 17 0 0 0
EGAN00001022747 16 0 0 16 0 0 0
EGAN00001022776 17 0 0 17 0 0 0
EGAN00001022786 17 0 0 17 0 0 0
EGAN00001022788 17 0 0 17 0 0 0
EGAN00001022798 10 0 0 10 0 0 0
EGAN00001022907 7 0 0 7 0 0 0
EGAN00001022925 23 0 0 23 0 0 0
EGAN00001022928 10 0 0 10 0 0 0
EGAN00001022933 13 0 0 13 0 0 0
EGAN00001022944 10 0 0 10 0 0 0
EGAN00001022965 14 0 0 14 0 0 0
EGAN00001022970 3 0 0 3 0 0 0
EGAN00001022976 18 0 0 18 0 0 0
EGAN00001022977 14 0 0 13 0 1 0
EGAN00001022985 19 0 0 19 0 0 0
EGAN00001022994 16 0 0 16 0 0 0
EGAN00001022999 26 0 0 26 0 0 0
EGAN00001023013 19 0 1 18 0 0 0
EGAN00001023048 22 0 0 22 0 0 0
EGAN00001023052 11 0 0 11 0 0 0
EGAN00001023062 12 0 0 12 0 0 0
EGAN00001023065 18 0 0 18 0 0 0
EGAN00001023090 17 0 0 17 0 0 0
EGAN00001023109 15 0 0 15 0 0 0
EGAN00001023113 16 0 0 16 0 0 0
EGAN00001023144 9 0 0 9 0 0 0
EGAN00001023149 8 0 0 8 0 0 0
EGAN00001023165 15 0 0 15 0 0 0
EGAN00001023440 16 0 0 16 0 0 0
EGAN00001023443 10 0 0 10 0 0 0
EGAN00001023451 14 0 0 14 0 0 0
EGAN00001023536 24 0 0 24 0 0 0
EGAN00001024052 19 0 0 19 0 0 0
EGAN00001024169 15 0 0 15 0 0 0
EGAN00001024175 18 0 0 18 0 0 0
EGAN00001024242 17 0 0 17 0 0 0
EGAN00001024268 26 0 0 26 0 0 0
EGAN00001024339 18 0 0 18 0 0 0
EGAN00001025821 15 0 0 15 0 0 0
EGAN00001025877 16 0 0 16 0 0 0
EGAN00001026203 18 0 0 18 0 0 0
EGAN00001026429 23 0 0 23 0 0 0
EGAN00001026576 22 0 0 22 0 0 0
EGAN00001026589 16 0 0 16 0 0 0
EGAN00001026598 22 0 0 22 0 0 0
EGAN00001026629 27 0 0 27 0 0 0
EGAN00001026694 15 0 0 15 0 0 0
EGAN00001026814 10 0 0 10 0 0 0
EGAN00001027202 23 0 0 23 0 0 0
EGAN00001027204 11 0 0 11 0 0 0
EGAN00001027205 17 0 0 17 0 0 0
EGAN00001027212 19 0 0 19 0 0 0
EGAN00001027340 19 0 0 19 0 0 0
EGAN00001027395 18 0 0 18 0 0 0
EGAN00001027418 14 0 0 14 0 0 0
EGAN00001027453 23 0 0 23 0 0 0
EGAN00001027462 13 0 0 13 0 0 0
EGAN00001027463 11 0 0 11 0 0 0
EGAN00001027475 17 0 0 17 0 0 0
EGAN00001027505 15 0 0 15 0 0 0
EGAN00001027540 11 0 0 11 0 0 0
EGAN00001073920 17 0 0 17 0 0 0
EGAN00001073921 12 0 0 12 0 0 0
EGAN00001073922 10 0 0 10 0 0 0
EGAN00001074781 14 0 0 14 0 0 0
EGAN00001074834 17 0 0 17 0 0 0
EGAN00001074854 16 0 0 16 0 0 0
EGAN00001074864 20 0 1 19 0 0 0
EGAN00001074869 23 0 0 23 0 0 0
EGAN00001074873 13 0 0 13 0 0 0
EGAN00001074875 10 0 0 10 0 0 0
EGAN00001079317 17 0 0 17 0 0 0
EGAN00001079328 18 0 0 18 0 0 0
EGAN00001079401 18 0 0 18 0 0 0
EGAN00001079414 17 0 0 17 0 0 0
EGAN00001079479 20 0 0 20 0 0 0
EGAN00001079481 22 0 0 22 0 0 0
EGAN00001079505 15 0 0 15 0 0 0
EGAN00001079506 19 0 0 19 0 0 0
EGAN00001079561 21 0 0 21 0 0 0
EGAN00001079572 17 0 0 17 0 0 0
EGAN00001079662 21 0 0 21 0 0 0
EGAN00001079666 17 0 0 17 0 0 0
EGAN00001079696 19 0 0 19 0 0 0
EGAN00001079780 16 0 0 16 0 0 0
EGAN00001080216 14 0 0 14 0 0 0
EGAN00001080226 19 0 1 18 0 0 0
EGAN00001240157 17 0 0 17 0 0 0
EGAN00001240272 16 0 0 16 0 0 0
EGAN00001240612 24 0 0 24 0 0 0
EGAN00001240628 16 0 0 16 0 0 0
EGAN00001240764 29 0 0 29 0 0 0
EGAN00001240779 16 0 0 16 0 0 0
EGAN00001240905 19 0 0 19 0 0 0
EGAN00001241156 14 0 0 14 0 0 0
EGAN00001241214 18 0 0 18 0 0 0
EGAN00001241247 24 0 0 24 0 0 0
EGAN00001241334 22 0 0 22 0 0 0
EGAN00001241394 24 0 0 24 0 0 0
EGAN00001241506 16 0 0 16 0 0 0
EGAN00001241817 21 0 0 21 0 0 0
EGAN00001241861 22 0 0 22 0 0 0
EGAN00001241906 9 0 0 9 0 0 0
EGAN00001241963 25 0 0 25 0 0 0
EGAN00001241982 15 0 0 15 0 0 0
EGAN00001242082 19 0 0 19 0 0 0
EGAN00001242253 11 0 0 11 0 0 0
EGAN00001242280 14 0 0 14 0 0 0
EGAN00001242309 17 0 0 17 0 0 0
EGAN00001242516 26 0 0 26 0 0 0
EGAN00001242562 16 0 0 16 0 0 0
EGAN00001242628 14 0 0 14 0 0 0
EGAN00001242652 19 0 0 19 0 0 0
EGAN00001242720 21 0 0 21 0 0 0
EGAN00001242723 21 0 0 21 0 0 0
EGAN00001242952 13 0 0 13 0 0 0
EGAN00001243036 15 0 0 15 0 0 0
EGAN00001243053 21 0 0 21 0 0 0
EGAN00001243054 19 0 0 19 0 0 0
EGAN00001243109 17 0 0 17 0 0 0
EGAN00001243140 19 0 0 19 0 0 0
EGAN00001243144 23 0 0 23 0 0 0
EGAN00001243226 16 0 0 16 0 0 0
EGAN00001243294 21 0 0 21 0 0 0
EGAN00001243323 18 0 0 18 0 0 0
EGAN00001243343 14 0 0 14 0 0 0
EGAN00001243402 17 0 0 17 0 0 0
EGAN00001243503 20 0 0 20 0 0 0
EGAN00001243681 9 0 0 9 0 0 0
EGAN00001243731 23 0 0 23 0 0 0
EGAN00001243755 26 0 0 26 0 0 0
EGAN00001243780 17 0 0 17 0 0 0
EGAN00001243786 13 0 0 13 0 0 0
EGAN00001243946 18 0 0 18 0 0 0
EGAN00001244068 24 0 0 24 0 0 0
EGAN00001244108 17 0 0 17 0 0 0
EGAN00001244157 14 0 0 14 0 0 0
EGAN00001244308 20 0 0 20 0 0 0
EGAN00001244475 20 0 0 20 0 0 0
EGAN00001244572 16 0 0 16 0 0 0
EGAN00001244592 13 0 0 13 0 0 0
EGAN00001244659 16 0 0 16 0 0 0
EGAN00001244730 28 0 0 28 0 0 0
EGAN00001244763 18 0 0 18 0 0 0
EGAN00001244776 18 0 0 18 0 0 0
EGAN00001245103 16 0 0 16 0 0 0
EGAN00001245122 31 0 0 31 0 0 0
EGAN00001245134 21 0 0 21 0 0 0
EGAN00001245179 12 0 0 12 0 0 0
EGAN00001245323 18 0 0 18 0 0 0
EGAN00001245434 16 0 0 16 0 0 0
EGAN00001245840 14 0 0 14 0 0 0
EGAN00001246009 17 0 0 17 0 0 0
EGAN00001246021 20 0 0 20 0 0 0
EGAN00001246023 13 0 0 13 0 0 0
EGAN00001246063 15 0 0 15 0 0 0
EGAN00001246077 24 0 0 24 0 0 0
EGAN00001246246 15 0 0 15 0 0 0
EGAN00001246783 15 0 0 15 0 0 0
EGAN00001247049 18 0 0 18 0 0 0
EGAN00001247152 11 0 0 11 0 0 0
EGAN00001247246 15 0 0 15 0 0 0
EGAN00001247313 11 0 0 11 0 0 0
EGAN00001247500 19 0 0 17 1 1 0
EGAN00001247568 16 0 0 16 0 0 0
EGAN00001247658 11 0 0 11 0 0 0
EGAN00001247674 12 0 0 12 0 0 0
EGAN00001247681 14 0 0 14 0 0 0
EGAN00001267728 15 0 0 15 0 0 0
EGAN00001267991 9 0 0 9 0 0 0
EGAN00001277294 23 0 0 23 0 0 0
EGAN00001277295 16 0 0 16 0 0 0
EGAN00001385049 25 0 0 25 0 0 0
EGAN00001385050 18 0 0 18 0 0 0
EGAN00001385053 14 0 0 14 0 0 0
EGAN00001385060 16 0 0 16 0 0 0
EGAN00001385062 11 0 0 11 0 0 0
EGAN00001385083 21 0 0 21 0 0 0
EGAN00001385135 14 0 0 14 0 0 0
EGAN00001385146 18 0 0 18 0 0 0
EGAN00001385155 12 0 0 12 0 0 0
EGAN00001385160 14 0 0 13 0 1 0
EGAN00001385169 25 0 0 25 0 0 0
EGAN00001385173 11 0 0 11 0 0 0
EGAN00001385177 11 0 0 11 0 0 0
EGAN00001385180 11 0 0 11 0 0 0
EGAN00001385182 21 0 0 21 0 0 0
EGAN00001385184 16 0 0 16 0 0 0
EGAN00001385193 17 0 0 17 0 0 0
EGAN00001385212 15 0 0 15 0 0 0
EGAN00001385222 8 0 0 8 0 0 0
EGAN00001385223 17 0 0 17 0 0 0
EGAN00001385232 30 0 0 30 0 0 0
EGAN00001385237 14 0 0 14 0 0 0
EGAN00001385246 17 0 0 17 0 0 0
EGAN00001385268 17 0 0 17 0 0 0
EGAN00001385280 7 0 0 7 0 0 0
EGAN00001385284 13 0 0 13 0 0 0
EGAN00001385305 18 0 0 18 0 0 0
EGAN00001385313 14 0 0 14 0 0 0
EGAN00001385352 18 0 0 18 0 0 0
EGAN00001385361 21 0 0 21 0 0 0
EGAN00001385393 12 0 0 12 0 0 0
EGAN00001385395 12 0 0 12 0 0 0
EGAN00001385442 15 0 0 15 0 0 0
EGAN00001385443 20 0 0 19 0 1 0
EGAN00001385444 20 0 1 19 0 0 0
EGAN00001385447 10 0 0 10 0 0 0
EGAN00001385448 17 0 0 17 0 0 0
EGAN00001385449 22 0 0 22 0 0 0
EGAN00001385467 17 0 0 17 0 0 0
EGAN00001385469 17 0 0 17 0 0 0
EGAN00001385479 12 0 0 12 0 0 0
EGAN00001385496 20 0 0 20 0 0 0
EGAN00001385516 12 0 0 12 0 0 0
EGAN00001385522 23 0 0 23 0 0 0
EGAN00001385535 27 0 0 26 0 1 0
EGAN00001385539 17 0 0 17 0 0 0
EGAN00001385550 15 0 0 15 0 0 0
EGAN00001385578 15 0 0 15 0 0 0
EGAN00001385611 16 0 0 16 0 0 0
EGAN00001385616 16 0 0 16 0 0 0
EGAN00001385617 21 0 0 21 0 0 0
EGAN00001385627 20 0 0 20 0 0 0
EGAN00001385651 16 0 0 16 0 0 0
EGAN00001385655 14 0 0 14 0 0 0
EGAN00001385657 20 0 0 20 0 0 0
EGAN00001385673 14 0 0 14 0 0 0
EGAN00001385678 7 0 0 7 0 0 0
EGAN00001385688 16 0 0 16 0 0 0
EGAN00001385695 25 0 0 25 0 0 0
EGAN00001385699 19 0 0 19 0 0 0
EGAN00001385709 10 0 0 10 0 0 0
EGAN00001385738 10 0 0 10 0 0 0
EGAN00001385744 15 0 0 10 0 5 0
EGAN00001385746 21 0 0 21 0 0 0
EGAN00001385749 20 0 0 20 0 0 0
EGAN00001385752 17 0 0 17 0 0 0
EGAN00001385756 18 0 0 18 0 0 0
EGAN00001385760 16 0 0 16 0 0 0
EGAN00001385768 16 0 0 16 0 0 0
EGAN00001403187 21 0 0 21 0 0 0
EGAN00001403699 15 0 0 15 0 0 0
EGAN00001403701 15 0 0 15 0 0 0
EGAN00001403713 15 0 0 15 0 0 0
EGAN00001403722 11 0 0 11 0 0 0
EGAN00001403725 21 0 0 21 0 0 0
EGAN00001403739 23 0 0 23 0 0 0
EGAN00001403743 18 0 0 18 0 0 0
EGAN00001403756 9 0 0 9 0 0 0
EGAN00001403757 18 0 0 18 0 0 0
EGAN00001403763 10 0 0 10 0 0 0
EGAN00001403785 8 0 0 8 0 0 0
EGAN00001403786 9 0 0 9 0 0 0
EGAN00001403795 20 0 0 20 0 0 0
EGAN00001403805 9 0 0 9 0 0 0
EGAN00001403812 12 0 0 12 0 0 0
EGAN00001403819 15 0 0 15 0 0 0
EGAN00001403823 20 0 0 20 0 0 0
EGAN00001403825 21 0 0 21 0 0 0
EGAN00001403838 25 0 0 25 0 0 0
EGAN00001403845 15 0 0 15 0 0 0
EGAN00001403870 17 0 0 17 0 0 0
EGAN00001403873 12 0 0 12 0 0 0
EGAN00001403874 13 0 0 13 0 0 0
EGAN00001403892 13 0 0 13 0 0 0
EGAN00001403903 10 0 0 10 0 0 0
EGAN00001403909 20 0 0 20 0 0 0
EGAN00001403920 18 0 0 18 0 0 0
EGAN00001403930 14 0 0 14 0 0 0
EGAN00001403933 22 0 0 22 0 0 0
EGAN00001403939 18 0 0 18 0 0 0
EGAN00001403943 16 0 0 16 0 0 0
EGAN00001403953 13 0 0 13 0 0 0
EGAN00001403963 24 0 0 24 0 0 0
EGAN00001403980 13 0 0 13 0 0 0
EGAN00001403981 14 0 0 14 0 0 0
EGAN00001403994 15 0 0 15 0 0 0
EGAN00001404034 11 0 0 11 0 0 0
EGAN00001404044 16 0 0 16 0 0 0
EGAN00001404050 25 0 0 25 0 0 0
EGAN00001404075 16 0 0 16 0 0 0
EGAN00001404090 16 0 0 16 0 0 0
EGAN00001404108 21 0 0 21 0 0 0
EGAN00001404119 19 0 0 19 0 0 0
EGAN00001404147 19 0 0 19 0 0 0
EGAN00001404151 14 0 0 14 0 0 0
EGAN00001404154 15 0 0 15 0 0 0
EGAN00001404484 15 0 0 15 0 0 0
EGAN00001439009 24 0 0 24 0 0 0
EGAN00001439015 13 0 0 13 0 0 0
EGAN00001439114 16 0 0 16 0 0 0
EGAN00001439126 14 0 0 14 0 0 0
EGAN00001439127 16 0 0 16 0 0 0
EGAN00001439130 15 0 0 15 0 0 0
EGAN00001439141 26 0 1 25 0 0 0
EGAN00001439154 24 0 1 23 0 0 0
EGAN00001439168 12 0 0 12 0 0 0
EGAN00001439176 14 0 0 14 0 0 0
EGAN00001439191 23 0 0 23 0 0 0
EGAN00001439204 20 0 0 20 0 0 0
EGAN00001439205 23 0 1 22 0 0 0
EGAN00001439214 11 0 0 11 0 0 0
EGAN00001439216 13 0 0 13 0 0 0
EGAN00001439223 26 0 0 26 0 0 0
EGAN00001439229 5 0 0 5 0 0 0
EGAN00001439230 14 0 0 14 0 0 0
EGAN00001439797 18 0 0 18 0 0 0
EGAN00001440377 19 0 0 19 0 0 0
EGAN00001440389 20 0 0 20 0 0 0
EGAN00001440396 18 0 0 18 0 0 0
EGAN00001440398 5 0 0 5 0 0 0
EGAN00001440407 24 0 0 24 0 0 0
EGAN00001440429 24 0 0 23 1 0 0
EGAN00001440468 19 0 0 19 0 0 0
EGAN00001440476 14 0 0 14 0 0 0
EGAN00001440495 16 0 0 16 0 0 0
EGAN00001440500 16 0 0 16 0 0 0
EGAN00001440514 16 0 0 16 0 0 0
EGAN00001440523 4 0 0 4 0 0 0
EGAN00001440524 18 0 0 18 0 0 0
EGAN00001440539 17 0 0 17 0 0 0
EGAN00001440542 18 0 0 18 0 0 0
EGAN00001440566 21 0 0 21 0 0 0
EGAN00001440641 15 0 0 15 0 0 0
EGAN00001440710 13 0 0 13 0 0 0
EGAN00001440723 29 0 1 28 0 0 0
EGAN00001442167 13 0 0 13 0 0 0
EGAN00001442174 17 0 0 17 0 0 0
EGAN00001442203 17 0 0 17 0 0 0
EGAN00001442204 11 0 0 11 0 0 0
EGAN00001442210 20 0 0 20 0 0 0
EGAN00001442231 11 0 0 11 0 0 0
EGAN00001442238 16 0 0 16 0 0 0
EGAN00001442436 10 0 0 10 0 0 0
EGAN00001442449 23 0 0 23 0 0 0
EGAN00001442458 15 0 0 15 0 0 0
EGAN00001442474 12 0 1 11 0 0 0
EGAN00001442489 17 0 0 17 0 0 0
EGAN00001443772 18 0 0 18 0 0 0
EGAN00001444312 26 0 0 26 0 0 0
EGAN00001444317 25 0 0 25 0 0 0
EGAN00001444318 19 0 0 19 0 0 0
EGAN00001444415 13 0 0 13 0 0 0
EGAN00001444475 18 0 0 18 0 0 0
EGAN00001444482 13 0 0 13 0 0 0
EGAN00001444841 14 0 0 14 0 0 0
EGAN00001444984 10 0 0 10 0 0 0
EGAN00001445004 27 0 0 27 0 0 0
EGAN00001445013 17 0 0 17 0 0 0
EGAN00001445033 25 0 0 25 0 0 0
EGAN00001445043 11 0 1 10 0 0 0
EGAN00001445071 19 0 0 19 0 0 0
EGAN00001445077 17 0 0 17 0 0 0
EGAN00001445079 11 0 0 11 0 0 0
EGAN00001445081 18 0 0 18 0 0 0
EGAN00001445085 14 0 0 14 0 0 0
EGAN00001445454 22 0 0 22 0 0 0
EGAN00001445456 17 0 0 17 0 0 0
EGAN00001445463 21 0 0 21 0 0 0
EGAN00001445494 19 0 0 19 0 0 0
EGAN00001445507 13 0 0 13 0 0 0
EGAN00001445512 9 0 0 9 0 0 0
EGAN00001445521 12 0 0 12 0 0 0
EGAN00001445525 10 0 0 10 0 0 0
EGAN00001446662 13 0 0 13 0 0 0
EGAN00001446688 21 0 0 21 0 0 0
EGAN00001446689 4 0 0 4 0 0 0
EGAN00001446697 9 0 0 9 0 0 0
EGAN00001486675 16 0 0 16 0 0 0
EGAN00001486681 13 0 0 13 0 0 0
EGAN00001486687 19 0 0 19 0 0 0
EGAN00001559552 16 0 0 16 0 0 0
EGAN00001559573 20 0 0 20 0 0 0
EGAN00001559631 8 0 0 8 0 0 0
EGAN00001559637 13 0 0 13 0 0 0
EGAN00001559644 15 0 0 15 0 0 0
EGAN00001559648 15 0 0 15 0 0 0
EGAN00001559656 21 0 0 21 0 0 0
EGAN00001559663 19 0 0 19 0 0 0
EGAN00001559670 20 0 0 19 1 0 0
EGAN00001559678 14 0 0 13 1 0 0
EGAN00001559693 11 0 0 11 0 0 0
EGAN00001559701 13 0 0 13 0 0 0
EGAN00001559716 3 0 0 3 0 0 0
EGAN00001559739 22 0 0 22 0 0 0
EGAN00001559761 15 0 0 15 0 0 0
EGAN00001559766 13 0 0 13 0 0 0
EGAN00001559774 13 0 0 13 0 0 0
EGAN00001559782 8 0 0 8 0 0 0
EGAN00001559799 18 0 0 18 0 0 0
EGAN00001559808 20 0 0 20 0 0 0
EGAN00001559814 20 0 0 20 0 0 0
EGAN00001559826 15 0 0 15 0 0 0
EGAN00001559843 13 0 0 13 0 0 0
EGAN00001559849 23 0 0 23 0 0 0
EGAN00001559881 18 0 0 18 0 0 0
EGAN00001559902 20 0 0 20 0 0 0
EGAN00001559926 18 0 0 18 0 0 0
EGAN00001559933 20 0 0 20 0 0 0
EGAN00001559939 10 0 0 10 0 0 0
EGAN00001559962 9 0 0 9 0 0 0
EGAN00001559967 18 0 0 18 0 0 0
EGAN00001559995 14 0 0 14 0 0 0
EGAN00001560016 10 0 0 10 0 0 0
EGAN00001560034 15 0 0 15 0 0 0
EGAN00001560035 23 0 0 23 0 0 0
EGAN00001560050 10 0 0 10 0 0 0
EGAN00001560052 13 0 0 13 0 0 0
EGAN00001560068 18 0 0 18 0 0 0
EGAN00001560084 22 0 0 22 0 0 0
EGAN00001560085 14 0 0 14 0 0 0
EGAN00001560090 13 0 0 13 0 0 0
EGAN00001560096 21 0 0 21 0 0 0
EGAN00001560098 18 0 0 18 0 0 0
EGAN00001560124 23 0 0 23 0 0 0
EGAN00001560145 13 0 0 13 0 0 0
EGAN00001560153 11 0 0 11 0 0 0
EGAN00001560162 21 0 0 21 0 0 0
EGAN00001560183 16 0 0 16 0 0 0
EGAN00001560192 26 0 0 26 0 0 0
EGAN00001560207 9 0 0 9 0 0 0
EGAN00001560214 13 0 0 13 0 0 0
EGAN00001560218 15 0 0 15 0 0 0
EGAN00001560231 16 0 0 16 0 0 0
EGAN00001560243 11 0 0 11 0 0 0
EGAN00001560269 14 0 0 14 0 0 0
EGAN00001560308 17 0 1 16 0 0 0
EGAN00001560313 7 0 0 7 0 0 0
EGAN00001560314 12 0 0 12 0 0 0
EGAN00001560320 14 0 0 14 0 0 0
EGAN00001560322 10 0 0 10 0 0 0
EGAN00001560332 15 0 0 15 0 0 0
EGAN00001560346 12 0 0 12 0 0 0
EGAN00001560356 11 0 0 11 0 0 0
EGAN00001560362 16 0 0 16 0 0 0
EGAN00001560370 9 0 0 9 0 0 0
EGAN00001560386 20 0 0 20 0 0 0
EGAN00001560396 13 0 0 13 0 0 0
EGAN00001560410 18 0 0 18 0 0 0
EGAN00001560418 12 0 0 12 0 0 0
EGAN00001560424 15 0 0 15 0 0 0
EGAN00001560448 21 0 0 21 0 0 0
EGAN00001560453 12 0 0 12 0 0 0
EGAN00001560464 23 0 0 23 0 0 0
EGAN00001560478 16 0 0 16 0 0 0
EGAN00001560485 15 0 0 15 0 0 0
EGAN00001560513 16 0 0 16 0 0 0
EGAN00001560515 13 0 0 13 0 0 0
EGAN00001560516 11 0 0 11 0 0 0
EGAN00001560524 19 0 0 19 0 0 0
EGAN00001560527 4 0 0 4 0 0 0
EGAN00001560540 15 0 0 15 0 0 0
EGAN00001560547 14 0 0 14 0 0 0
EGAN00001560549 18 0 0 18 0 0 0
EGAN00001560559 14 0 0 14 0 0 0
EGAN00001560583 12 0 0 12 0 0 0
EGAN00001560592 11 0 0 11 0 0 0
EGAN00001560595 22 0 0 22 0 0 0
EGAN00001560606 9 0 0 9 0 0 0
EGAN00001560609 8 0 0 8 0 0 0
EGAN00001560616 9 0 0 9 0 0 0
EGAN00001560633 11 0 0 11 0 0 0
EGAN00001560665 10 0 0 10 0 0 0
EGAN00001560675 17 0 0 17 0 0 0
EGAN00001560686 16 0 0 16 0 0 0
EGAN00001560693 21 0 0 21 0 0 0
EGAN00001560695 15 0 0 15 0 0 0
EGAN00001560708 22 0 0 22 0 0 0
EGAN00001560710 20 0 0 20 0 0 0
EGAN00001560737 6 0 0 6 0 0 0
EGAN00001560738 18 0 0 18 0 0 0
EGAN00001560739 15 0 0 15 0 0 0
EGAN00001560761 17 0 0 17 0 0 0
EGAN00001560769 20 0 0 20 0 0 0
EGAN00001560786 19 0 0 19 0 0 0
EGAN00001560788 21 0 0 21 0 0 0
EGAN00001560813 14 0 0 14 0 0 0
EGAN00001560820 13 0 0 13 0 0 0
EGAN00001560821 17 0 0 17 0 0 0
EGAN00001560824 17 0 0 17 0 0 0
EGAN00001560853 15 0 0 15 0 0 0
EGAN00001560869 10 0 0 10 0 0 0
EGAN00001560889 13 0 0 13 0 0 0
EGAN00001560906 10 0 0 10 0 0 0
EGAN00001560912 14 0 0 14 0 0 0
EGAN00001560929 7 0 0 7 0 0 0
EGAN00001560938 7 0 0 7 0 0 0
EGAN00001560951 19 0 0 19 0 0 0
EGAN00001560966 7 0 0 7 0 0 0
EGAN00001560974 14 0 0 14 0 0 0
EGAN00001560985 13 0 0 13 0 0 0
EGAN00001560994 14 0 0 14 0 0 0
EGAN00001560995 19 0 0 19 0 0 0
EGAN00001561020 17 0 0 17 0 0 0
EGAN00001561055 23 0 0 23 0 0 0
EGAN00001561079 19 0 0 19 0 0 0
EGAN00001561085 19 0 0 19 0 0 0
EGAN00001561103 17 0 0 17 0 0 0
EGAN00001561148 12 0 0 12 0 0 0
EGAN00001561154 23 0 0 23 0 0 0
EGAN00001561172 15 0 0 15 0 0 0
EGAN00001561199 10 0 0 10 0 0 0
EGAN00001561200 14 0 0 14 0 0 0
EGAN00001561201 14 0 0 14 0 0 0
EGAN00001561206 14 0 0 14 0 0 0
EGAN00001561221 15 0 0 15 0 0 0
EGAN00001561231 19 0 0 19 0 0 0
EGAN00001561234 19 0 0 19 0 0 0
EGAN00001561251 23 0 0 23 0 0 0
EGAN00001561252 16 0 0 16 0 0 0
EGAN00001561280 11 0 0 11 0 0 0
EGAN00001561296 10 0 0 10 0 0 0
EGAN00001561299 17 0 0 17 0 0 0
EGAN00001561303 13 0 0 13 0 0 0
EGAN00001561312 19 0 0 19 0 0 0
EGAN00001561373 11 0 0 11 0 0 0
EGAN00001561380 17 0 0 17 0 0 0
EGAN00001561393 11 0 0 11 0 0 0
EGAN00001561406 19 0 0 19 0 0 0
EGAN00001561412 23 0 0 23 0 0 0
EGAN00001561414 8 0 0 8 0 0 0
EGAN00001561425 13 0 0 13 0 0 0
EGAN00001561431 17 0 0 17 0 0 0
EGAN00001561442 13 0 0 13 0 0 0
EGAN00001561448 17 0 0 17 0 0 0
EGAN00001561453 8 0 0 8 0 0 0
EGAN00001561456 13 0 0 13 0 0 0
EGAN00001561458 13 0 0 13 0 0 0
EGAN00001561467 10 0 0 10 0 0 0
EGAN00001561476 12 0 0 12 0 0 0
EGAN00001561503 12 0 0 12 0 0 0
EGAN00001561508 15 0 0 15 0 0 0
EGAN00001561510 14 0 0 14 0 0 0
EGAN00001561542 20 0 0 20 0 0 0
EGAN00001561554 11 0 0 11 0 0 0
EGAN00001569013 20 0 0 20 0 0 0
EGAN00001572904 13 0 0 13 0 0 0
EGAN00001572939 11 0 0 11 0 0 0
EGAN00001575966 20 0 0 20 0 0 0
EGAN00001575982 14 0 0 14 0 0 0
EGAN00001576013 18 0 0 17 1 0 0
EGAN00001576017 22 0 0 22 0 0 0
EGAN00001576033 15 0 0 15 0 0 0
EGAN00001576040 22 0 0 22 0 0 0
EGAN00001576047 13 0 0 13 0 0 0
EGAN00001576056 17 0 0 17 0 0 0
EGAN00001576064 19 0 0 19 0 0 0
EGAN00001576068 18 0 0 18 0 0 0
EGAN00001576070 30 0 0 30 0 0 0
EGAN00001576074 26 0 0 26 0 0 0
EGAN00001576094 20 0 0 20 0 0 0
EGAN00001576100 19 0 0 19 0 0 0
EGAN00001576104 17 0 0 17 0 0 0
EGAN00001576114 16 0 0 16 0 0 0
EGAN00001576126 16 0 0 16 0 0 0
EGAN00001576168 15 0 0 15 0 0 0
EGAN00001576188 18 0 0 18 0 0 0
EGAN00001576205 13 0 0 13 0 0 0
EGAN00001576216 15 0 0 15 0 0 0
EGAN00001576226 17 0 0 17 0 0 0
EGAN00001576240 17 0 0 17 0 0 0
EGAN00001576245 21 0 0 21 0 0 0
EGAN00001576247 14 0 0 14 0 0 0
EGAN00001576249 23 0 0 23 0 0 0
EGAN00001576253 14 0 0 14 0 0 0
EGAN00001576258 19 0 0 19 0 0 0
EGAN00001576264 9 0 0 9 0 0 0
EGAN00001576272 16 0 0 16 0 0 0
EGAN00001576273 11 0 0 11 0 0 0
EGAN00001576277 16 0 0 16 0 0 0
EGAN00001576296 16 0 0 15 1 0 0
EGAN00001576314 14 0 0 14 0 0 0
EGAN00001576321 16 0 0 16 0 0 0
EGAN00001576324 23 0 0 23 0 0 0
EGAN00001576334 31 0 0 31 0 0 0
EGAN00001576367 18 0 0 17 0 1 0
EGAN00001576379 13 0 1 12 0 0 0
EGAN00001576393 16 0 1 15 0 0 0
EGAN00001576415 19 0 0 19 0 0 0
EGAN00001576428 13 0 0 13 0 0 0
EGAN00001576431 17 0 1 16 0 0 0
EGAN00001576439 16 0 0 16 0 0 0
EGAN00001576442 16 0 0 16 0 0 0
EGAN00001576452 14 0 0 14 0 0 0
EGAN00001576459 15 0 0 15 0 0 0
EGAN00001576482 17 0 1 16 0 0 0
EGAN00001576490 13 0 0 13 0 0 0
EGAN00001576502 38 0 0 38 0 0 0
EGAN00001576514 12 0 0 12 0 0 0
EGAN00001576515 9 0 0 8 0 1 0
EGAN00001576553 33 0 0 33 0 0 0
EGAN00001576555 12 0 0 12 0 0 0
EGAN00001576558 15 0 0 15 0 0 0
EGAN00001576566 27 0 0 27 0 0 0
EGAN00001576575 18 0 0 18 0 0 0
EGAN00001576611 14 0 0 14 0 0 0
EGAN00001576639 19 0 0 19 0 0 0
EGAN00001576651 22 0 0 22 0 0 0
EGAN00001576682 15 0 0 15 0 0 0
EGAN00001576692 22 0 0 22 0 0 0
EGAN00001576705 13 0 0 13 0 0 0
EGAN00001576718 25 0 0 25 0 0 0
EGAN00001579169 22 0 0 21 0 0 1
EGAN00001579171 16 0 0 16 0 0 0
EGAN00001583153 27 0 0 27 0 0 0
EGAN00001583162 21 0 0 21 0 0 0
EGAN00001583163 18 0 0 18 0 0 0
EGAN00001583178 14 0 0 14 0 0 0
EGAN00001583180 16 0 0 16 0 0 0
EGAN00001583181 23 0 0 23 0 0 0
EGAN00001583193 20 0 0 20 0 0 0
EGAN00001583197 20 0 0 20 0 0 0
EGAN00001583205 18 0 0 18 0 0 0
EGAN00001583212 20 0 0 20 0 0 0
EGAN00001583219 24 0 0 24 0 0 0
EGAN00001583224 17 0 0 17 0 0 0
EGAN00001583226 14 0 0 14 0 0 0
EGAN00001583243 13 0 0 13 0 0 0
EGAN00001583244 18 0 0 18 0 0 0
EGAN00001583254 22 0 0 22 0 0 0
EGAN00001583261 22 0 0 22 0 0 0
EGAN00001583263 8 0 0 8 0 0 0
EGAN00001583265 10 0 0 10 0 0 0
EGAN00001583284 19 0 0 19 0 0 0
EGAN00001583286 21 0 0 21 0 0 0
EGAN00001583301 20 0 0 20 0 0 0
EGAN00001583306 20 0 0 20 0 0 0
EGAN00001583343 16 0 0 16 0 0 0
EGAN00001583345 23 0 0 23 0 0 0
EGAN00001583356 12 0 0 12 0 0 0
EGAN00001583369 12 0 0 12 0 0 0
EGAN00001583385 10 0 0 10 0 0 0
EGAN00001583389 18 0 0 18 0 0 0
EGAN00001583391 14 0 0 14 0 0 0
EGAN00001583392 23 0 0 23 0 0 0
EGAN00001583412 15 0 0 15 0 0 0
EGAN00001583457 13 0 0 13 0 0 0
EGAN00001583470 13 0 0 13 0 0 0
EGAN00001583494 12 0 0 12 0 0 0
EGAN00001583512 12 0 0 12 0 0 0
EGAN00001583541 16 0 1 15 0 0 0
EGAN00001583549 15 0 0 15 0 0 0
EGAN00001583560 18 0 0 18 0 0 0
EGAN00001583568 14 0 0 14 0 0 0
EGAN00001583572 25 0 0 25 0 0 0
EGAN00001583582 22 0 0 22 0 0 0
EGAN00001583601 20 0 0 20 0 0 0
EGAN00001583605 13 0 0 13 0 0 0
EGAN00001583609 12 0 0 12 0 0 0
EGAN00001583611 15 0 0 15 0 0 0
EGAN00001583640 22 0 0 22 0 0 0
EGAN00001583651 12 0 0 12 0 0 0
EGAN00001583686 13 0 0 13 0 0 0
EGAN00001583692 17 0 0 17 0 0 0
EGAN00001583724 16 0 0 16 0 0 0
EGAN00001583742 14 0 0 14 0 0 0
EGAN00001583765 26 0 0 26 0 0 0
EGAN00001583766 19 0 0 19 0 0 0
EGAN00001583772 14 0 0 14 0 0 0
EGAN00001583814 7 0 0 7 0 0 0
EGAN00001583825 16 0 0 16 0 0 0
EGAN00001583828 22 0 0 22 0 0 0
EGAN00001583831 21 0 0 21 0 0 0
EGAN00001583841 31 0 0 31 0 0 0
EGAN00001583853 16 0 0 16 0 0 0
EGAN00001583858 22 0 0 22 0 0 0
EGAN00001583868 17 0 0 17 0 0 0
EGAN00001583899 20 0 0 20 0 0 0
EGAN00001583921 15 0 0 15 0 0 0
EGAN00001583924 19 0 0 19 0 0 0
EGAN00001583925 14 0 0 14 0 0 0
EGAN00001583933 15 0 0 15 0 0 0
EGAN00001584036 19 0 0 19 0 0 0
EGAN00001584047 16 0 0 16 0 0 0
EGAN00001584049 23 0 0 23 0 0 0
EGAN00001584057 18 0 0 18 0 0 0
EGAN00001584062 21 0 0 21 0 0 0
EGAN00001584081 11 0 0 11 0 0 0
EGAN00001584088 21 0 0 21 0 0 0
EGAN00001584090 22 0 0 22 0 0 0
EGAN00001584093 13 0 0 13 0 0 0
EGAN00001584094 18 0 0 18 0 0 0
EGAN00001584105 16 0 0 16 0 0 0
EGAN00001584106 10 0 0 10 0 0 0
EGAN00001584115 16 0 0 16 0 0 0
EGAN00001584121 18 0 1 17 0 0 0
EGAN00001584137 18 0 0 18 0 0 0
EGAN00001584139 10 0 0 10 0 0 0
EGAN00001584140 11 0 0 11 0 0 0
EGAN00001584144 19 0 0 19 0 0 0
EGAN00001584198 24 0 0 24 0 0 0
EGAN00001584205 24 0 0 24 0 0 0
EGAN00001584210 11 0 0 11 0 0 0
EGAN00001584212 19 0 0 19 0 0 0
EGAN00001584219 13 0 0 13 0 0 0
EGAN00001584226 18 0 0 18 0 0 0
EGAN00001584245 15 0 0 15 0 0 0
EGAN00001584254 18 0 0 17 0 1 0
EGAN00001584279 15 0 0 15 0 0 0
EGAN00001584280 18 0 0 18 0 0 0
EGAN00001584292 18 0 0 18 0 0 0
EGAN00001584299 16 0 0 16 0 0 0
EGAN00001584334 16 0 0 16 0 0 0
EGAN00001584348 7 0 0 7 0 0 0
EGAN00001584355 10 0 0 10 0 0 0
EGAN00001584367 20 0 0 19 0 1 0
EGAN00001584368 15 0 0 15 0 0 0
EGAN00001584369 24 0 0 24 0 0 0
EGAN00001584374 19 0 0 19 0 0 0
EGAN00001584384 10 0 0 10 0 0 0
EGAN00001584389 16 0 0 16 0 0 0
EGAN00001584393 15 0 0 15 0 0 0
EGAN00001584404 25 0 0 25 0 0 0
EGAN00001584410 11 0 0 11 0 0 0
EGAN00001584419 12 0 0 12 0 0 0
EGAN00001584421 14 0 0 14 0 0 0
EGAN00001584426 7 0 0 7 0 0 0
EGAN00001584447 14 0 0 14 0 0 0
EGAN00001584469 25 0 0 25 0 0 0
EGAN00001584470 12 0 0 12 0 0 0
EGAN00001584475 22 0 0 22 0 0 0
EGAN00001584497 20 0 0 20 0 0 0
EGAN00001584525 20 0 0 20 0 0 0
EGAN00001584530 18 0 0 18 0 0 0
EGAN00001584531 14 0 0 14 0 0 0
EGAN00001584562 17 0 0 17 0 0 0
EGAN00001584578 23 0 0 23 0 0 0
EGAN00001584585 19 0 0 19 0 0 0
EGAN00001584587 14 0 0 14 0 0 0
EGAN00001584590 12 0 0 12 0 0 0
EGAN00001584594 26 0 0 26 0 0 0
EGAN00001584621 14 0 0 14 0 0 0
EGAN00001584662 23 0 0 23 0 0 0
EGAN00001584670 9 0 0 9 0 0 0
EGAN00001584681 22 0 0 22 0 0 0
EGAN00001584682 20 0 0 20 0 0 0
EGAN00001584686 20 0 0 20 0 0 0
EGAN00001584695 26 0 0 26 0 0 0
EGAN00001584701 15 0 0 15 0 0 0
EGAN00001584748 17 0 0 17 0 0 0
EGAN00001584752 22 0 0 22 0 0 0
EGAN00001584770 17 0 0 17 0 0 0
EGAN00001584776 11 0 0 11 0 0 0
EGAN00001584789 11 0 0 11 0 0 0
EGAN00001584799 12 0 0 12 0 0 0
EGAN00001584807 20 0 0 20 0 0 0
EGAN00001584818 12 0 0 12 0 0 0
EGAN00001584827 13 0 0 13 0 0 0
EGAN00001584831 19 0 0 19 0 0 0
EGAN00001584844 18 0 0 18 0 0 0
EGAN00001584856 19 0 0 19 0 0 0
EGAN00001584876 25 0 0 25 0 0 0
EGAN00001584878 17 0 0 17 0 0 0
EGAN00001584887 21 0 0 21 0 0 0
EGAN00001584890 15 0 0 15 0 0 0
EGAN00001584902 16 0 0 16 0 0 0
EGAN00001584908 10 0 0 10 0 0 0
EGAN00001584924 15 0 0 15 0 0 0
EGAN00001584927 11 0 0 11 0 0 0
EGAN00001584940 21 0 0 21 0 0 0
EGAN00001584952 15 0 0 15 0 0 0
EGAN00001584966 17 0 0 17 0 0 0
EGAN00001584970 15 0 0 15 0 0 0
EGAN00001584972 9 0 0 9 0 0 0
EGAN00001585037 16 0 0 16 0 0 0
EGAN00001585049 16 0 0 16 0 0 0
EGAN00001585062 17 0 0 17 0 0 0
EGAN00001585083 8 0 0 8 0 0 0
EGAN00001585105 10 0 0 10 0 0 0
EGAN00001585131 15 0 0 15 0 0 0
EGAN00001585136 14 0 0 14 0 0 0
EGAN00001585163 17 0 0 17 0 0 0
EGAN00001585167 20 0 0 19 1 0 0
EGAN00001585175 23 0 0 23 0 0 0
EGAN00001585178 15 0 0 15 0 0 0
EGAN00001585191 20 0 0 20 0 0 0
EGAN00001585193 14 0 0 14 0 0 0
EGAN00001585195 10 0 0 10 0 0 0
EGAN00001585197 14 0 0 14 0 0 0
EGAN00001585198 21 0 0 21 0 0 0
EGAN00001585202 17 0 0 17 0 0 0
EGAN00001585228 27 0 0 27 0 0 0
EGAN00001585231 27 0 0 27 0 0 0
EGAN00001585239 14 0 0 14 0 0 0
EGAN00001585244 19 0 0 19 0 0 0
EGAN00001585262 19 0 0 18 0 1 0
EGAN00001585265 20 0 0 20 0 0 0
EGAN00001585280 14 0 0 14 0 0 0
EGAN00001585318 6 0 0 6 0 0 0
EGAN00001585319 17 0 0 17 0 0 0
EGAN00001585322 14 0 0 14 0 0 0
EGAN00001585328 21 0 0 21 0 0 0
EGAN00001585331 13 0 0 13 0 0 0
EGAN00001585337 11 0 0 11 0 0 0
EGAN00001585349 24 0 0 24 0 0 0
EGAN00001585350 22 0 0 22 0 0 0
EGAN00001585368 10 0 0 10 0 0 0
EGAN00001585387 22 0 0 22 0 0 0
EGAN00001585388 22 0 0 22 0 0 0
EGAN00001585391 21 0 0 20 1 0 0
EGAN00001585393 19 0 0 19 0 0 0
EGAN00001585404 11 0 0 11 0 0 0
EGAN00001585423 8 0 0 8 0 0 0
EGAN00001585439 10 0 0 10 0 0 0
EGAN00001585440 16 0 0 16 0 0 0
EGAN00001585449 18 0 0 18 0 0 0
EGAN00001585462 17 0 0 17 0 0 0
EGAN00001585473 15 0 0 15 0 0 0
EGAN00001585477 13 0 0 13 0 0 0
EGAN00001585491 10 0 0 10 0 0 0
EGAN00001585505 19 0 0 19 0 0 0
EGAN00001585506 15 0 0 15 0 0 0
EGAN00001585507 11 0 0 11 0 0 0
EGAN00001585518 15 0 0 15 0 0 0
EGAN00001585529 18 0 0 18 0 0 0
EGAN00001585530 17 0 0 17 0 0 0
EGAN00001585536 12 0 0 12 0 0 0
EGAN00001585557 11 0 0 11 0 0 0
EGAN00001585560 19 0 0 19 0 0 0
EGAN00001585569 7 0 0 7 0 0 0
EGAN00001585604 14 0 0 14 0 0 0
EGAN00001585621 19 0 0 19 0 0 0
EGAN00001585625 22 0 0 22 0 0 0
EGAN00001585628 11 0 0 11 0 0 0
EGAN00001585629 12 0 0 12 0 0 0
EGAN00001585639 15 0 0 15 0 0 0
EGAN00001585649 23 0 0 23 0 0 0
EGAN00001585650 16 0 0 16 0 0 0
EGAN00001585657 18 0 0 18 0 0 0
EGAN00001585676 19 0 0 19 0 0 0
EGAN00001585681 17 0 0 17 0 0 0
EGAN00001585693 12 0 0 11 0 1 0
EGAN00001585705 10 0 0 10 0 0 0
EGAN00001585726 15 0 0 15 0 0 0
EGAN00001585735 15 0 0 15 0 0 0
EGAN00001585751 13 0 0 13 0 0 0
EGAN00001585755 16 0 0 16 0 0 0
EGAN00001585773 17 0 0 17 0 0 0
EGAN00001585802 20 0 0 20 0 0 0
EGAN00001585821 18 0 1 17 0 0 0
EGAN00001585822 18 0 0 18 0 0 0
EGAN00001585840 8 0 0 8 0 0 0
EGAN00001585842 12 0 0 12 0 0 0
EGAN00001585849 11 0 0 11 0 0 0
EGAN00001585852 20 0 0 20 0 0 0
EGAN00001585857 18 0 0 18 0 0 0
EGAN00001585870 15 0 0 15 0 0 0
EGAN00001585871 18 0 0 18 0 0 0
EGAN00001585884 20 0 0 20 0 0 0
EGAN00001585910 33 0 0 33 0 0 0
EGAN00001585946 21 0 0 21 0 0 0
EGAN00001585953 15 0 0 15 0 0 0
EGAN00001585980 14 0 0 13 1 0 0
EGAN00001585989 9 0 0 9 0 0 0
EGAN00001586004 15 0 0 14 1 0 0
EGAN00001586011 12 0 0 12 0 0 0
EGAN00001586036 18 0 0 18 0 0 0
EGAN00001586045 8 0 0 8 0 0 0
EGAN00001586049 18 0 0 18 0 0 0
EGAN00001586050 15 0 0 15 0 0 0
EGAN00001586055 24 0 0 24 0 0 0
EGAN00001586060 28 0 0 28 0 0 0
EGAN00001586066 15 0 0 15 0 0 0
EGAN00001586069 17 0 0 17 0 0 0
EGAN00001586081 9 0 0 9 0 0 0
EGAN00001586083 15 0 0 15 0 0 0
EGAN00001586104 21 0 0 21 0 0 0
EGAN00001586112 10 0 0 10 0 0 0
EGAN00001586117 10 0 1 9 0 0 0
EGAN00001586125 15 0 0 15 0 0 0
EGAN00001586148 16 0 0 16 0 0 0
EGAN00001586165 19 0 0 19 0 0 0
EGAN00001586175 22 0 0 22 0 0 0
EGAN00001586181 12 0 0 12 0 0 0
EGAN00001586191 11 0 0 11 0 0 0
EGAN00001586205 18 0 0 18 0 0 0
EGAN00001586206 13 0 0 13 0 0 0
EGAN00001599246 16 0 0 16 0 0 0
EGAN00001599251 16 0 0 16 0 0 0
EGAN00001599261 18 0 0 18 0 0 0
EGAN00001599262 16 0 0 16 0 0 0
EGAN00001599270 16 0 0 16 0 0 0
EGAN00001599275 15 0 0 15 0 0 0
EGAN00001599281 19 0 0 19 0 0 0
EGAN00001599290 15 0 0 15 0 0 0
EGAN00001599298 10 0 0 10 0 0 0
EGAN00001599353 20 0 0 20 0 0 0
EGAN00001599360 19 0 0 19 0 0 0
EGAN00001599375 17 0 0 17 0 0 0
EGAN00001599391 14 0 0 14 0 0 0
EGAN00001599393 23 0 0 23 0 0 0
EGAN00001599404 23 0 0 23 0 0 0
EGAN00001599406 18 0 0 18 0 0 0
EGAN00001599407 20 0 0 19 1 0 0
EGAN00001599410 12 0 0 12 0 0 0
EGAN00001599411 17 0 0 17 0 0 0
EGAN00001599421 17 0 0 17 0 0 0
EGAN00001599432 30 0 0 30 0 0 0
EGAN00001599445 11 0 0 11 0 0 0
EGAN00001599448 14 0 0 14 0 0 0
EGAN00001599449 15 0 0 15 0 0 0
EGAN00001599452 13 0 0 13 0 0 0
EGAN00001599455 10 0 0 10 0 0 0
EGAN00001599456 22 0 0 22 0 0 0
EGAN00001599457 16 0 0 16 0 0 0
EGAN00001599461 11 0 0 10 1 0 0
EGAN00001599480 16 0 0 16 0 0 0
EGAN00001599501 12 0 0 12 0 0 0
EGAN00001599506 21 0 0 21 0 0 0
EGAN00001599542 12 0 0 12 0 0 0
EGAN00001599555 18 0 0 18 0 0 0
EGAN00001599567 11 0 0 11 0 0 0
EGAN00001599576 17 0 0 17 0 0 0
EGAN00001599593 14 0 0 14 0 0 0
EGAN00001599599 14 0 0 14 0 0 0
EGAN00001599625 22 0 0 22 0 0 0
EGAN00001599637 32 0 0 32 0 0 0
EGAN00001599655 36 0 0 36 0 0 0
EGAN00001599686 22 0 0 22 0 0 0
EGAN00001599694 18 0 0 18 0 0 0
EGAN00001599696 15 0 0 15 0 0 0
EGAN00001599700 18 0 0 18 0 0 0
EGAN00001599703 23 0 0 23 0 0 0
EGAN00001599711 23 0 0 23 0 0 0
EGAN00001599722 16 0 0 15 1 0 0
EGAN00001599749 17 0 0 17 0 0 0
EGAN00001599760 13 0 0 13 0 0 0
EGAN00001599774 21 0 0 21 0 0 0
EGAN00001599777 24 0 0 24 0 0 0
EGAN00001599780 19 0 0 19 0 0 0
EGAN00001599802 15 0 0 15 0 0 0
EGAN00001599817 17 0 0 17 0 0 0
EGAN00001599825 11 0 0 11 0 0 0
EGAN00001599870 20 0 0 20 0 0 0
EGAN00001599876 17 0 0 17 0 0 0
EGAN00001599887 14 0 0 14 0 0 0
EGAN00001599896 18 0 0 18 0 0 0
EGAN00001599904 12 0 0 12 0 0 0
EGAN00001599915 10 0 0 10 0 0 0
EGAN00001599917 11 0 0 11 0 0 0
EGAN00001599932 17 0 0 17 0 0 0
EGAN00001671033 7 0 0 7 0 0 0
EGAN00001671807 26 0 0 26 0 0 0
EGAN00001671828 14 0 0 14 0 0 0
EGAN00001671840 9 0 0 9 0 0 0
EGAN00001671857 21 0 0 21 0 0 0
EGAN00001671875 19 0 0 19 0 0 0
EGAN00001671876 7 0 0 7 0 0 0
EGAN00001671878 17 0 1 16 0 0 0
EGAN00001671882 11 0 0 11 0 0 0
EGAN00001671919 20 0 0 20 0 0 0
EGAN00001671924 20 0 0 20 0 0 0
EGAN00001671928 17 0 0 17 0 0 0
EGAN00001671936 10 0 0 10 0 0 0
EGAN00001671948 13 0 0 13 0 0 0
EGAN00001671983 15 0 0 15 0 0 0
EGAN00001671999 14 0 0 14 0 0 0
EGAN00001672009 12 0 0 11 1 0 0
EGAN00001672013 13 0 0 13 0 0 0
EGAN00001672017 19 0 0 19 0 0 0
EGAN00001672025 13 0 0 13 0 0 0
EGAN00001672026 12 0 1 11 0 0 0
EGAN00001672054 26 0 0 26 0 0 0
EGAN00001672062 10 0 0 10 0 0 0
EGAN00001672074 11 0 0 11 0 0 0
EGAN00001672084 23 0 0 23 0 0 0
EGAN00001672093 24 0 0 24 0 0 0
EGAN00001672100 18 0 0 18 0 0 0
EGAN00001672104 19 0 0 19 0 0 0
EGAN00001672114 19 0 0 19 0 0 0
EGAN00001672116 18 0 0 17 0 0 1
EGAN00001672124 19 0 0 19 0 0 0
EGAN00001672126 12 0 0 12 0 0 0
EGAN00001672134 14 0 0 14 0 0 0
EGAN00001672147 33 0 0 33 0 0 0
EGAN00001672148 12 0 0 12 0 0 0
EGAN00001672152 12 0 0 12 0 0 0
EGAN00001672156 15 0 0 15 0 0 0
EGAN00001672161 10 0 0 10 0 0 0
EGAN00001672165 12 0 0 12 0 0 0
EGAN00001672169 17 0 0 17 0 0 0
EGAN00001672173 14 0 0 14 0 0 0
EGAN00001672178 18 0 0 18 0 0 0
EGAN00001672183 16 0 0 16 0 0 0
EGAN00001672190 13 0 0 13 0 0 0
EGAN00001672197 27 0 0 27 0 0 0
EGAN00001672210 23 0 0 23 0 0 0
EGAN00001672232 16 0 0 15 0 0 1
EGAN00001672243 17 0 0 17 0 0 0
EGAN00001672284 17 0 0 17 0 0 0
EGAN00001672288 10 0 0 10 0 0 0
EGAN00001672308 22 0 0 22 0 0 0
EGAN00001672316 11 0 0 11 0 0 0
EGAN00001672322 8 0 0 8 0 0 0
EGAN00001672330 14 0 0 14 0 0 0
EGAN00001672333 22 0 0 22 0 0 0
EGAN00001672334 18 0 0 18 0 0 0
EGAN00001672345 15 0 0 15 0 0 0
EGAN00001672354 15 0 0 15 0 0 0
EGAN00001672363 17 0 0 17 0 0 0
EGAN00001672376 9 0 0 9 0 0 0
EGAN00001672378 24 0 0 24 0 0 0
EGAN00001672383 38 0 0 38 0 0 0
EGAN00001672411 21 0 0 21 0 0 0
EGAN00001672428 21 0 0 21 0 0 0
EGAN00001672439 22 0 0 21 0 1 0
EGAN00001672452 16 0 0 16 0 0 0
EGAN00001672457 15 0 0 15 0 0 0
EGAN00001672462 11 0 0 11 0 0 0
EGAN00001672511 12 0 0 12 0 0 0
EGAN00001672536 20 0 0 20 0 0 0
EGAN00001672538 12 0 0 12 0 0 0
EGAN00001672542 16 0 0 16 0 0 0
EGAN00001672553 16 0 0 16 0 0 0
EGAN00001672554 14 0 0 14 0 0 0
EGAN00001672565 21 0 0 21 0 0 0
EGAN00001672572 14 0 0 14 0 0 0
EGAN00001672578 18 0 0 18 0 0 0
EGAN00001672580 17 0 0 17 0 0 0
EGAN00001672585 14 0 0 14 0 0 0
EGAN00001672593 16 0 0 16 0 0 0
EGAN00001672597 18 0 0 18 0 0 0
EGAN00001672601 16 0 0 16 0 0 0
EGAN00001672631 17 0 0 17 0 0 0
EGAN00001672646 26 0 0 26 0 0 0
EGAN00001672651 17 0 0 17 0 0 0
EGAN00001672675 12 0 0 12 0 0 0
EGAN00001672687 18 0 0 18 0 0 0
EGAN00001672714 27 0 0 27 0 0 0
EGAN00001672719 15 0 0 15 0 0 0
EGAN00001672736 24 0 0 24 0 0 0
EGAN00001672744 15 0 0 15 0 0 0
EGAN00001672745 17 0 0 17 0 0 0
EGAN00001672751 13 0 0 13 0 0 0
EGAN00001672763 17 0 0 17 0 0 0
EGAN00001672783 9 0 0 9 0 0 0
EGAN00001672790 18 0 0 18 0 0 0
EGAN00001672794 9 0 0 9 0 0 0
EGAN00001672797 20 0 0 20 0 0 0
EGAN00001672813 18 0 0 18 0 0 0
EGAN00001672820 38 0 0 38 0 0 0
EGAN00001672833 20 0 0 20 0 0 0
EGAN00001672839 13 0 0 13 0 0 0
EGAN00001672848 17 0 0 17 0 0 0
EGAN00001672870 28 0 0 28 0 0 0
EGAN00001672873 21 0 0 20 0 1 0
EGAN00001672877 15 0 0 15 0 0 0
EGAN00001672886 17 0 0 17 0 0 0
EGAN00001672896 24 0 0 24 0 0 0
EGAN00001672914 12 0 0 12 0 0 0
EGAN00001672923 19 0 0 19 0 0 0
EGAN00001672926 13 0 0 13 0 0 0
EGAN00001672930 20 0 0 20 0 0 0
EGAN00001672933 10 0 0 10 0 0 0
EGAN00001672940 22 0 0 22 0 0 0
EGAN00001672947 17 0 0 17 0 0 0
EGAN00001672969 22 0 0 22 0 0 0
EGAN00001672988 11 0 0 11 0 0 0
EGAN00001673014 9 0 0 9 0 0 0
EGAN00001673075 16 0 0 16 0 0 0
EGAN00001673103 19 0 0 19 0 0 0
EGAN00001673106 24 0 0 24 0 0 0
EGAN00001673115 17 0 0 17 0 0 0
EGAN00001673116 11 0 0 11 0 0 0
EGAN00001673128 20 0 0 20 0 0 0
EGAN00001673142 16 0 0 16 0 0 0
EGAN00001673167 23 0 0 23 0 0 0
EGAN00001673209 17 0 0 17 0 0 0
EGAN00001673245 14 0 0 14 0 0 0
EGAN00001673252 19 0 0 19 0 0 0
EGAN00001673257 23 0 0 23 0 0 0
EGAN00001673263 16 0 0 16 0 0 0
EGAN00001673285 22 0 0 22 0 0 0
EGAN00001673292 20 0 0 20 0 0 0
EGAN00001673302 17 0 1 16 0 0 0
EGAN00001673321 24 0 0 24 0 0 0
EGAN00001673329 25 0 0 25 0 0 0
EGAN00001673335 9 0 0 9 0 0 0
EGAN00001673347 20 0 0 20 0 0 0
EGAN00001673371 18 0 0 18 0 0 0
EGAN00001673418 25 0 0 25 0 0 0
EGAN00001673422 23 0 0 23 0 0 0
EGAN00001673446 22 0 0 22 0 0 0
EGAN00001673458 10 0 0 10 0 0 0
EGAN00001673521 17 0 0 17 0 0 0
EGAN00001673523 12 0 0 12 0 0 0
EGAN00001673532 19 0 0 19 0 0 0
EGAN00001673562 5 0 0 5 0 0 0
EGAN00001673578 14 0 0 14 0 0 0
EGAN00001673580 10 0 0 10 0 0 0
EGAN00001673583 21 0 0 21 0 0 0
EGAN00001673597 15 0 0 15 0 0 0
EGAN00001673607 17 0 0 17 0 0 0
EGAN00001673611 16 0 0 16 0 0 0
EGAN00001673632 19 0 0 19 0 0 0
EGAN00001673637 15 0 0 15 0 0 0
EGAN00001673670 17 0 0 17 0 0 0
EGAN00001673677 11 0 0 11 0 0 0
EGAN00001673693 17 0 0 17 0 0 0
EGAN00001673700 17 0 0 17 0 0 0
EGAN00001673727 17 0 0 17 0 0 0
EGAN00001673751 18 0 0 18 0 0 0
EGAN00001673782 19 0 0 18 0 1 0
EGAN00001673804 22 0 0 22 0 0 0
EGAN00001673810 25 0 0 25 0 0 0
EGAN00001730343 12 0 0 12 0 0 0
EGAN00001730397 22 0 0 22 0 0 0
EGAN00001730410 14 0 0 14 0 0 0
EGAN00001730434 5 0 0 5 0 0 0
EGAN00001730447 14 0 0 14 0 0 0
EGAN00001730450 27 0 0 26 0 0 1
EGAN00001730455 9 0 0 9 0 0 0
EGAN00001730460 20 0 0 20 0 0 0
EGAN00001730488 6 0 0 6 0 0 0
EGAN00001730502 18 0 0 18 0 0 0
EGAN00001730503 17 0 0 17 0 0 0
EGAN00001730521 8 0 0 8 0 0 0
EGAN00001730523 13 0 0 13 0 0 0
EGAN00001730529 10 0 0 10 0 0 0
EGAN00001740624 26 0 0 26 0 0 0
EGAN00001740630 12 0 0 12 0 0 0
EGAN00001740633 17 0 0 17 0 0 0
EGAN00001740634 16 0 0 16 0 0 0
EGAN00001740641 11 0 0 11 0 0 0
EGAN00001740654 9 0 0 9 0 0 0
EGAN00001740657 8 0 0 8 0 0 0
EGAN00001740658 14 0 0 14 0 0 0
EGAN00001740673 10 0 0 10 0 0 0
EGAN00001740680 18 0 0 18 0 0 0
EGAN00001740686 11 0 0 11 0 0 0
EGAN00001740691 12 0 0 12 0 0 0
EGAN00001740692 14 0 0 14 0 0 0
EGAN00001740695 9 0 0 9 0 0 0
EGAN00001740700 7 0 0 7 0 0 0
EGAN00001740704 12 0 0 12 0 0 0
EGAN00001740742 15 0 0 15 0 0 0
EGAN00001740752 13 0 0 13 0 0 0
EGAN00001740772 23 0 0 23 0 0 0
EGAN00001740774 12 0 0 12 0 0 0
EGAN00001740796 18 0 0 18 0 0 0
EGAN00001740797 11 0 0 11 0 0 0
EGAN00001740802 11 0 0 11 0 0 0
EGAN00001740806 16 0 0 16 0 0 0
EGAN00001740827 15 0 0 15 0 0 0
EGAN00001740848 16 0 0 16 0 0 0
EGAN00001740858 9 0 0 9 0 0 0
EGAN00001740884 19 0 0 19 0 0 0
EGAN00001740885 20 0 0 20 0 0 0
EGAN00001740904 14 0 0 14 0 0 0
EGAN00001740906 16 0 0 16 0 0 0
EGAN00001740907 10 0 0 10 0 0 0
EGAN00001740918 14 0 0 14 0 0 0
EGAN00001740921 13 0 0 13 0 0 0
EGAN00001740927 8 0 0 8 0 0 0
EGAN00001740932 12 0 0 12 0 0 0
EGAN00001740944 24 0 0 24 0 0 0
EGAN00001740955 14 0 0 14 0 0 0
EGAN00001740957 7 0 0 7 0 0 0
EGAN00001740967 13 0 0 13 0 0 0
EGAN00001740970 15 0 0 15 0 0 0
EGAN00001740973 14 0 0 14 0 0 0
EGAN00001740978 14 0 1 13 0 0 0
EGAN00001740988 13 0 0 13 0 0 0
EGAN00001741035 14 0 0 14 0 0 0
EGAN00001741056 15 0 0 15 0 0 0
EGAN00001741057 20 0 0 20 0 0 0
EGAN00001741066 8 0 0 8 0 0 0
EGAN00001741073 10 0 0 10 0 0 0
EGAN00001741075 14 0 0 14 0 0 0
EGAN00001741087 10 0 0 10 0 0 0
EGAN00001741090 20 0 0 20 0 0 0
EGAN00001741093 14 0 0 14 0 0 0
EGAN00001741099 18 0 0 18 0 0 0
EGAN00001741107 23 0 0 23 0 0 0
EGAN00001741120 27 0 0 27 0 0 0
EGAN00001741122 23 0 0 23 0 0 0
EGAN00001741140 21 0 0 21 0 0 0
EGAN00001741150 14 0 0 14 0 0 0
EGAN00001741154 16 0 0 16 0 0 0
EGAN00001797988 19 0 0 19 0 0 0
EGAN00001797994 14 0 0 14 0 0 0
EGAN00001797996 13 0 0 13 0 0 0
EGAN00001798007 26 0 0 26 0 0 0
EGAN00001798008 19 0 0 19 0 0 0
EGAN00001798021 18 0 0 18 0 0 0
EGAN00001798030 27 0 0 27 0 0 0
EGAN00001798074 20 0 0 20 0 0 0
EGAN00001798091 13 0 0 13 0 0 0
EGAN00001798092 11 0 0 11 0 0 0
EGAN00001798104 15 0 0 15 0 0 0
EGAN00001798154 21 0 0 21 0 0 0
EGAN00001798162 17 0 0 17 0 0 0
EGAN00001798177 14 0 0 14 0 0 0
EGAN00001798191 14 0 0 14 0 0 0
EGAN00001798203 21 0 0 21 0 0 0
EGAN00001798255 20 0 0 20 0 0 0
EGAN00001798262 11 0 0 11 0 0 0
EGAN00001798269 10 0 0 10 0 0 0
EGAN00001798282 15 0 0 15 0 0 0
EGAN00001798285 20 0 0 20 0 0 0
EGAN00001798300 13 0 0 13 0 0 0
EGAN00001798317 13 0 0 13 0 0 0
EGAN00001798327 21 0 0 21 0 0 0
EGAN00001798330 12 0 0 12 0 0 0
EGAN00001798339 8 0 0 8 0 0 0
EGAN00001798342 14 0 0 14 0 0 0
EGAN00001798347 16 0 0 16 0 0 0
EGAN00001798348 14 0 0 14 0 0 0
EGAN00001798351 9 0 0 9 0 0 0
EGAN00001798359 15 0 0 15 0 0 0
EGAN00001798360 11 0 0 11 0 0 0
EGAN00001798367 20 0 0 20 0 0 0
EGAN00001798381 17 0 0 17 0 0 0
EGAN00001798382 10 0 0 10 0 0 0
EGAN00001798397 8 0 0 8 0 0 0
EGAN00001798404 16 0 0 16 0 0 0
EGAN00001798412 15 0 0 15 0 0 0
EGAN00001798435 12 0 0 12 0 0 0
EGAN00001798443 21 0 0 21 0 0 0
EGAN00001798445 8 0 0 8 0 0 0
EGAN00001798453 12 0 0 12 0 0 0
EGAN00001798480 26 0 0 26 0 0 0
EGAN00001798482 8 0 0 8 0 0 0
EGAN00001798483 13 0 0 13 0 0 0
EGAN00001798484 17 0 0 17 0 0 0
EGAN00001798492 22 0 0 22 0 0 0
EGAN00001798495 14 0 0 14 0 0 0
EGAN00001798498 10 0 0 10 0 0 0
EGAN00001798506 15 0 0 15 0 0 0
EGAN00001798511 16 0 0 16 0 0 0
EGAN00001798521 17 0 0 17 0 0 0
EGAN00001798534 13 0 0 13 0 0 0
EGAN00001798550 17 0 0 17 0 0 0
EGAN00001798551 15 0 0 15 0 0 0
EGAN00001798564 12 0 0 12 0 0 0
EGAN00001798565 12 0 0 12 0 0 0
EGAN00001798570 20 0 0 20 0 0 0
EGAN00001798574 13 0 0 13 0 0 0
EGAN00001798607 24 0 0 24 0 0 0
EGAN00001798625 19 0 0 19 0 0 0
EGAN00001798626 11 0 0 11 0 0 0
EGAN00001798632 16 0 0 16 0 0 0
EGAN00001798647 13 0 0 13 0 0 0
EGAN00001798653 18 0 0 18 0 0 0
EGAN00001798666 16 0 0 16 0 0 0
EGAN00001798669 17 0 0 17 0 0 0
EGAN00001798695 11 0 0 11 0 0 0
EGAN00001798708 17 0 0 17 0 0 0
EGAN00001830726 16 0 0 16 0 0 0
EGAN00001830730 20 0 0 20 0 0 0
EGAN00001830735 21 0 0 20 0 0 1
EGAN00001830736 19 0 0 19 0 0 0
EGAN00001830748 15 0 0 15 0 0 0
EGAN00001830757 20 0 0 20 0 0 0
EGAN00001830766 14 0 0 14 0 0 0
EGAN00001830784 14 0 0 14 0 0 0
EGAN00001830804 12 0 0 12 0 0 0
EGAN00001830806 15 0 0 15 0 0 0
EGAN00001830813 19 0 0 19 0 0 0
EGAN00001830822 10 0 0 10 0 0 0
EGAN00001830825 20 0 0 20 0 0 0
EGAN00001830830 17 0 0 17 0 0 0
EGAN00001830831 14 0 0 14 0 0 0
EGAN00001830836 17 0 0 17 0 0 0
EGAN00001830837 9 0 0 9 0 0 0
EGAN00001830839 14 0 0 14 0 0 0
EGAN00001830844 21 0 0 21 0 0 0
EGAN00001830849 9 0 0 9 0 0 0
EGAN00001830870 20 0 0 20 0 0 0
EGAN00001830878 15 0 0 15 0 0 0
EGAN00001830880 19 0 0 19 0 0 0
EGAN00001830882 18 0 0 18 0 0 0
EGAN00001830889 17 0 0 17 0 0 0
EGAN00001830896 13 0 0 13 0 0 0
EGAN00001830921 11 0 0 11 0 0 0
EGAN00001830930 21 0 0 21 0 0 0
EGAN00001830942 19 0 0 19 0 0 0
EGAN00001830943 23 0 0 23 0 0 0
EGAN00001830956 15 0 0 15 0 0 0
EGAN00001830959 25 0 0 25 0 0 0
