Sample Depth = A C G T N
EGAN00001008152 19 0 1 18 0 0 0
EGAN00001008240 29 0 0 29 0 0 0
EGAN00001008480 17 0 0 17 0 0 0
EGAN00001021279 20 0 0 20 0 0 0
EGAN00001021287 24 0 0 24 0 0 0
EGAN00001021349 29 0 0 29 0 0 0
EGAN00001021460 26 0 0 26 0 0 0
EGAN00001021482 16 0 0 16 0 0 0
EGAN00001021497 25 0 0 25 0 0 0
EGAN00001021529 23 0 0 23 0 0 0
EGAN00001021566 30 0 0 30 0 0 0
EGAN00001021591 24 0 0 24 0 0 0
EGAN00001021602 22 0 0 22 0 0 0
EGAN00001021616 20 0 0 20 0 0 0
EGAN00001021618 19 0 0 19 0 0 0
EGAN00001021722 19 0 0 19 0 0 0
EGAN00001021724 15 0 0 15 0 0 0
EGAN00001021747 16 0 0 16 0 0 0
EGAN00001021767 22 0 0 22 0 0 0
EGAN00001021773 21 0 0 21 0 0 0
EGAN00001021774 19 0 0 19 0 0 0
EGAN00001021779 30 0 0 30 0 0 0
EGAN00001021807 17 0 0 17 0 0 0
EGAN00001021818 19 0 1 18 0 0 0
EGAN00001021838 25 0 0 25 0 0 0
EGAN00001021842 25 0 0 25 0 0 0
EGAN00001021852 22 0 0 22 0 0 0
EGAN00001021861 19 0 0 19 0 0 0
EGAN00001021877 28 0 0 28 0 0 0
EGAN00001021992 16 0 0 16 0 0 0
EGAN00001021995 23 0 0 23 0 0 0
EGAN00001022009 22 0 0 22 0 0 0
EGAN00001022024 21 0 0 21 0 0 0
EGAN00001022028 18 0 0 18 0 0 0
EGAN00001022070 18 0 0 18 0 0 0
EGAN00001022071 28 0 0 28 0 0 0
EGAN00001022073 25 0 0 25 0 0 0
EGAN00001022269 24 0 0 24 0 0 0
EGAN00001022287 16 0 0 16 0 0 0
EGAN00001022694 29 0 0 29 0 0 0
EGAN00001022728 20 0 1 19 0 0 0
EGAN00001022747 25 0 0 25 0 0 0
EGAN00001022776 19 0 0 19 0 0 0
EGAN00001022786 23 0 0 23 0 0 0
EGAN00001022788 17 0 0 17 0 0 0
EGAN00001022798 18 0 0 18 0 0 0
EGAN00001022907 23 0 0 23 0 0 0
EGAN00001022925 14 0 0 14 0 0 0
EGAN00001022928 34 0 0 34 0 0 0
EGAN00001022933 20 0 0 20 0 0 0
EGAN00001022944 10 0 0 10 0 0 0
EGAN00001022965 14 0 0 14 0 0 0
EGAN00001022970 27 0 0 27 0 0 0
EGAN00001022976 27 0 1 26 0 0 0
EGAN00001022977 40 0 0 40 0 0 0
EGAN00001022985 15 0 0 15 0 0 0
EGAN00001022994 17 0 0 17 0 0 0
EGAN00001022999 49 0 0 49 0 0 0
EGAN00001023013 13 0 0 13 0 0 0
EGAN00001023048 24 0 0 24 0 0 0
EGAN00001023052 22 0 0 21 1 0 0
EGAN00001023062 21 0 1 20 0 0 0
EGAN00001023065 26 0 0 26 0 0 0
EGAN00001023090 27 0 0 27 0 0 0
EGAN00001023109 18 0 0 18 0 0 0
EGAN00001023113 16 0 0 16 0 0 0
EGAN00001023144 15 0 0 15 0 0 0
EGAN00001023149 21 0 0 21 0 0 0
EGAN00001023165 21 0 0 21 0 0 0
EGAN00001023440 16 0 0 16 0 0 0
EGAN00001023443 21 0 0 21 0 0 0
EGAN00001023451 18 0 0 18 0 0 0
EGAN00001023536 33 0 0 33 0 0 0
EGAN00001024052 30 0 0 30 0 0 0
EGAN00001024169 31 0 0 31 0 0 0
EGAN00001024175 14 0 0 14 0 0 0
EGAN00001024242 19 0 0 19 0 0 0
EGAN00001024268 20 0 0 20 0 0 0
EGAN00001024339 22 0 0 22 0 0 0
EGAN00001025821 20 0 0 20 0 0 0
EGAN00001025877 20 0 0 20 0 0 0
EGAN00001026203 20 0 0 20 0 0 0
EGAN00001026429 24 0 0 24 0 0 0
EGAN00001026576 18 0 0 18 0 0 0
EGAN00001026589 25 0 0 25 0 0 0
EGAN00001026598 20 0 0 20 0 0 0
EGAN00001026629 25 0 0 25 0 0 0
EGAN00001026694 27 0 0 27 0 0 0
EGAN00001026814 20 0 1 19 0 0 0
EGAN00001027202 22 0 0 22 0 0 0
EGAN00001027204 14 0 0 14 0 0 0
EGAN00001027205 20 0 0 20 0 0 0
EGAN00001027212 12 0 0 12 0 0 0
EGAN00001027340 21 0 0 21 0 0 0
EGAN00001027395 17 0 0 17 0 0 0
EGAN00001027418 18 0 0 18 0 0 0
EGAN00001027453 28 0 0 28 0 0 0
EGAN00001027462 28 0 0 28 0 0 0
EGAN00001027463 21 0 0 21 0 0 0
EGAN00001027475 28 0 0 28 0 0 0
EGAN00001027505 22 0 0 20 0 1 1
EGAN00001027540 20 0 0 20 0 0 0
EGAN00001073920 17 0 0 17 0 0 0
EGAN00001073921 21 0 0 21 0 0 0
EGAN00001073922 20 0 0 20 0 0 0
EGAN00001074781 25 0 0 25 0 0 0
EGAN00001074834 28 0 0 28 0 0 0
EGAN00001074854 22 0 0 22 0 0 0
EGAN00001074864 32 0 0 32 0 0 0
EGAN00001074869 29 0 0 29 0 0 0
EGAN00001074873 23 0 0 23 0 0 0
EGAN00001074875 16 0 0 16 0 0 0
EGAN00001079317 16 0 0 16 0 0 0
EGAN00001079328 16 0 0 16 0 0 0
EGAN00001079401 25 0 0 25 0 0 0
EGAN00001079414 11 0 0 11 0 0 0
EGAN00001079479 22 0 0 22 0 0 0
EGAN00001079481 23 0 0 23 0 0 0
EGAN00001079505 17 0 0 17 0 0 0
EGAN00001079506 13 0 0 13 0 0 0
EGAN00001079561 29 0 0 29 0 0 0
EGAN00001079572 20 0 0 20 0 0 0
EGAN00001079662 24 0 0 24 0 0 0
EGAN00001079666 18 0 0 18 0 0 0
EGAN00001079696 24 0 0 24 0 0 0
EGAN00001079780 21 0 0 21 0 0 0
EGAN00001080216 19 0 0 19 0 0 0
EGAN00001080226 20 0 0 20 0 0 0
EGAN00001240157 13 0 0 13 0 0 0
EGAN00001240272 16 0 0 16 0 0 0
EGAN00001240612 23 0 0 23 0 0 0
EGAN00001240628 13 0 0 13 0 0 0
EGAN00001240764 19 0 0 19 0 0 0
EGAN00001240779 13 0 0 13 0 0 0
EGAN00001240905 12 0 0 12 0 0 0
EGAN00001241156 16 0 0 16 0 0 0
EGAN00001241214 18 0 0 18 0 0 0
EGAN00001241247 27 0 0 27 0 0 0
EGAN00001241334 21 0 0 21 0 0 0
EGAN00001241394 15 0 0 15 0 0 0
EGAN00001241506 24 0 0 24 0 0 0
EGAN00001241817 17 0 0 17 0 0 0
EGAN00001241861 20 0 0 20 0 0 0
EGAN00001241906 20 0 0 20 0 0 0
EGAN00001241963 16 0 0 16 0 0 0
EGAN00001241982 20 0 0 20 0 0 0
EGAN00001242082 18 0 0 18 0 0 0
EGAN00001242253 20 0 0 20 0 0 0
EGAN00001242280 8 0 0 8 0 0 0
EGAN00001242309 13 0 0 13 0 0 0
EGAN00001242516 27 0 0 27 0 0 0
EGAN00001242562 23 0 0 22 1 0 0
EGAN00001242628 31 0 0 31 0 0 0
EGAN00001242652 28 0 0 28 0 0 0
EGAN00001242720 18 0 0 18 0 0 0
EGAN00001242723 17 0 0 17 0 0 0
EGAN00001242952 19 0 0 19 0 0 0
EGAN00001243036 23 0 0 23 0 0 0
EGAN00001243053 21 0 0 21 0 0 0
EGAN00001243054 30 0 0 30 0 0 0
EGAN00001243109 18 0 0 18 0 0 0
EGAN00001243140 16 0 0 16 0 0 0
EGAN00001243144 20 0 0 20 0 0 0
EGAN00001243226 15 0 0 15 0 0 0
EGAN00001243294 15 0 0 15 0 0 0
EGAN00001243323 14 0 0 14 0 0 0
EGAN00001243343 24 0 0 24 0 0 0
EGAN00001243402 15 0 0 15 0 0 0
EGAN00001243503 17 0 0 17 0 0 0
EGAN00001243681 20 0 0 20 0 0 0
EGAN00001243731 16 0 0 16 0 0 0
EGAN00001243755 18 0 0 18 0 0 0
EGAN00001243780 14 0 0 14 0 0 0
EGAN00001243786 16 0 0 16 0 0 0
EGAN00001243946 18 0 0 18 0 0 0
EGAN00001244068 19 0 0 19 0 0 0
EGAN00001244108 15 0 0 15 0 0 0
EGAN00001244157 24 0 0 24 0 0 0
EGAN00001244308 21 0 0 21 0 0 0
EGAN00001244475 20 0 0 20 0 0 0
EGAN00001244572 32 0 0 32 0 0 0
EGAN00001244592 24 0 0 24 0 0 0
EGAN00001244659 22 0 0 22 0 0 0
EGAN00001244730 16 0 0 16 0 0 0
EGAN00001244763 24 0 0 24 0 0 0
EGAN00001244776 18 0 0 18 0 0 0
EGAN00001245103 15 0 0 15 0 0 0
EGAN00001245122 19 0 0 19 0 0 0
EGAN00001245134 14 0 0 14 0 0 0
EGAN00001245179 15 0 0 15 0 0 0
EGAN00001245323 18 0 0 18 0 0 0
EGAN00001245434 19 0 0 19 0 0 0
EGAN00001245840 26 0 0 26 0 0 0
EGAN00001246009 19 0 0 19 0 0 0
EGAN00001246021 22 0 0 22 0 0 0
EGAN00001246023 28 0 0 28 0 0 0
EGAN00001246063 13 0 0 13 0 0 0
EGAN00001246077 19 0 0 19 0 0 0
EGAN00001246246 12 0 0 12 0 0 0
EGAN00001246783 21 0 0 21 0 0 0
EGAN00001247049 18 0 0 18 0 0 0
EGAN00001247152 21 0 0 21 0 0 0
EGAN00001247246 22 0 0 22 0 0 0
EGAN00001247313 17 0 0 17 0 0 0
EGAN00001247500 19 0 0 19 0 0 0
EGAN00001247568 28 0 0 28 0 0 0
EGAN00001247658 14 0 0 14 0 0 0
EGAN00001247674 18 0 0 18 0 0 0
EGAN00001247681 16 0 0 16 0 0 0
EGAN00001267728 27 0 0 27 0 0 0
EGAN00001267991 18 0 0 18 0 0 0
EGAN00001277294 20 0 0 20 0 0 0
EGAN00001277295 25 0 0 25 0 0 0
EGAN00001385049 15 0 0 15 0 0 0
EGAN00001385050 17 0 0 17 0 0 0
EGAN00001385053 17 0 1 16 0 0 0
EGAN00001385060 18 0 0 18 0 0 0
EGAN00001385062 16 0 0 16 0 0 0
EGAN00001385083 19 0 0 19 0 0 0
EGAN00001385135 15 0 0 15 0 0 0
EGAN00001385146 19 0 0 19 0 0 0
EGAN00001385155 23 0 0 23 0 0 0
EGAN00001385160 36 0 0 36 0 0 0
EGAN00001385169 17 0 0 17 0 0 0
EGAN00001385173 13 0 0 13 0 0 0
EGAN00001385177 18 0 0 18 0 0 0
EGAN00001385180 24 0 0 24 0 0 0
EGAN00001385182 20 0 0 20 0 0 0
EGAN00001385184 24 0 0 24 0 0 0
EGAN00001385193 16 0 0 16 0 0 0
EGAN00001385212 18 0 0 18 0 0 0
EGAN00001385222 19 0 0 19 0 0 0
EGAN00001385223 21 0 0 21 0 0 0
EGAN00001385232 26 0 0 26 0 0 0
EGAN00001385237 10 0 0 10 0 0 0
EGAN00001385246 28 0 0 28 0 0 0
EGAN00001385268 22 0 0 22 0 0 0
EGAN00001385280 19 0 0 19 0 0 0
EGAN00001385284 14 0 0 14 0 0 0
EGAN00001385305 20 0 0 20 0 0 0
EGAN00001385313 19 0 0 19 0 0 0
EGAN00001385352 13 0 0 13 0 0 0
EGAN00001385361 16 0 0 16 0 0 0
EGAN00001385393 23 0 0 23 0 0 0
EGAN00001385395 25 0 0 25 0 0 0
EGAN00001385442 17 0 0 17 0 0 0
EGAN00001385443 19 0 0 19 0 0 0
EGAN00001385444 22 0 0 22 0 0 0
EGAN00001385447 12 0 0 12 0 0 0
EGAN00001385448 21 0 0 21 0 0 0
EGAN00001385449 9 0 0 9 0 0 0
EGAN00001385467 16 0 0 16 0 0 0
EGAN00001385469 22 0 0 22 0 0 0
EGAN00001385479 13 0 0 13 0 0 0
EGAN00001385496 14 0 0 14 0 0 0
EGAN00001385516 21 0 0 21 0 0 0
EGAN00001385522 30 0 0 30 0 0 0
EGAN00001385535 20 0 0 20 0 0 0
EGAN00001385539 16 0 0 16 0 0 0
EGAN00001385550 23 0 0 23 0 0 0
EGAN00001385578 21 0 0 21 0 0 0
EGAN00001385611 20 0 0 20 0 0 0
EGAN00001385616 15 0 0 15 0 0 0
EGAN00001385617 26 0 0 26 0 0 0
EGAN00001385627 12 0 0 12 0 0 0
EGAN00001385651 20 0 0 20 0 0 0
EGAN00001385655 12 0 0 12 0 0 0
EGAN00001385657 26 0 0 26 0 0 0
EGAN00001385673 21 0 0 21 0 0 0
EGAN00001385678 20 0 0 20 0 0 0
EGAN00001385688 15 0 0 15 0 0 0
EGAN00001385695 17 0 0 17 0 0 0
EGAN00001385699 17 0 0 17 0 0 0
EGAN00001385709 12 0 0 12 0 0 0
EGAN00001385738 16 0 0 16 0 0 0
EGAN00001385744 17 0 0 17 0 0 0
EGAN00001385746 27 0 0 27 0 0 0
EGAN00001385749 24 0 0 24 0 0 0
EGAN00001385752 12 0 0 12 0 0 0
EGAN00001385756 11 0 0 11 0 0 0
EGAN00001385760 22 0 0 22 0 0 0
EGAN00001385768 16 0 0 16 0 0 0
EGAN00001403187 18 0 0 18 0 0 0
EGAN00001403699 17 0 0 17 0 0 0
EGAN00001403701 16 0 0 16 0 0 0
EGAN00001403713 20 0 0 20 0 0 0
EGAN00001403722 11 0 0 11 0 0 0
EGAN00001403725 12 0 0 12 0 0 0
EGAN00001403739 26 0 0 26 0 0 0
EGAN00001403743 18 0 0 18 0 0 0
EGAN00001403756 28 0 0 28 0 0 0
EGAN00001403757 11 0 0 11 0 0 0
EGAN00001403763 14 0 0 14 0 0 0
EGAN00001403785 17 0 0 17 0 0 0
EGAN00001403786 29 0 0 29 0 0 0
EGAN00001403795 14 0 0 14 0 0 0
EGAN00001403805 21 0 0 21 0 0 0
EGAN00001403812 20 0 0 20 0 0 0
EGAN00001403819 11 0 0 11 0 0 0
EGAN00001403823 18 0 0 18 0 0 0
EGAN00001403825 25 0 0 25 0 0 0
EGAN00001403838 26 0 0 26 0 0 0
EGAN00001403845 23 0 0 23 0 0 0
EGAN00001403870 19 0 0 18 0 1 0
EGAN00001403873 18 0 0 18 0 0 0
EGAN00001403874 20 0 0 20 0 0 0
EGAN00001403892 20 0 1 19 0 0 0
EGAN00001403903 17 0 0 17 0 0 0
EGAN00001403909 22 0 0 22 0 0 0
EGAN00001403920 36 0 0 36 0 0 0
EGAN00001403930 22 0 0 22 0 0 0
EGAN00001403933 20 0 0 20 0 0 0
EGAN00001403939 19 0 0 19 0 0 0
EGAN00001403943 23 0 0 23 0 0 0
EGAN00001403953 13 0 0 13 0 0 0
EGAN00001403963 27 0 0 27 0 0 0
EGAN00001403980 32 0 0 32 0 0 0
EGAN00001403981 13 0 0 13 0 0 0
EGAN00001403994 14 0 0 14 0 0 0
EGAN00001404034 16 0 0 16 0 0 0
EGAN00001404044 14 0 0 14 0 0 0
EGAN00001404050 16 0 0 16 0 0 0
EGAN00001404075 13 0 0 13 0 0 0
EGAN00001404090 20 0 0 20 0 0 0
EGAN00001404108 22 0 0 22 0 0 0
EGAN00001404119 22 0 0 22 0 0 0
EGAN00001404147 26 0 0 26 0 0 0
EGAN00001404151 25 0 0 25 0 0 0
EGAN00001404154 20 0 0 20 0 0 0
EGAN00001404484 26 0 0 26 0 0 0
EGAN00001439009 9 0 0 9 0 0 0
EGAN00001439015 12 0 0 12 0 0 0
EGAN00001439114 20 0 0 20 0 0 0
EGAN00001439126 15 0 0 15 0 0 0
EGAN00001439127 16 0 0 15 1 0 0
EGAN00001439130 16 0 0 16 0 0 0
EGAN00001439141 22 0 0 22 0 0 0
EGAN00001439154 25 0 0 25 0 0 0
EGAN00001439168 17 0 0 17 0 0 0
EGAN00001439176 18 0 0 18 0 0 0
EGAN00001439191 14 0 0 14 0 0 0
EGAN00001439204 18 0 0 18 0 0 0
EGAN00001439205 25 0 0 25 0 0 0
EGAN00001439214 24 0 0 24 0 0 0
EGAN00001439216 21 0 0 21 0 0 0
EGAN00001439223 24 0 0 24 0 0 0
EGAN00001439229 11 0 0 11 0 0 0
EGAN00001439230 19 0 0 19 0 0 0
EGAN00001439797 29 0 0 29 0 0 0
EGAN00001440377 29 0 0 29 0 0 0
EGAN00001440389 23 0 0 23 0 0 0
EGAN00001440396 15 0 0 15 0 0 0
EGAN00001440398 6 0 0 6 0 0 0
EGAN00001440407 20 0 0 20 0 0 0
EGAN00001440429 34 0 0 34 0 0 0
EGAN00001440468 20 0 0 20 0 0 0
EGAN00001440476 18 0 0 18 0 0 0
EGAN00001440495 19 0 0 19 0 0 0
EGAN00001440500 23 0 0 23 0 0 0
EGAN00001440514 20 0 0 19 0 1 0
EGAN00001440523 10 0 0 10 0 0 0
EGAN00001440524 21 0 0 20 1 0 0
EGAN00001440539 21 0 0 21 0 0 0
EGAN00001440542 16 0 0 16 0 0 0
EGAN00001440566 16 0 0 15 0 1 0
EGAN00001440641 20 0 0 20 0 0 0
EGAN00001440710 11 0 0 11 0 0 0
EGAN00001440723 18 0 0 18 0 0 0
EGAN00001442167 24 0 0 24 0 0 0
EGAN00001442174 25 0 0 25 0 0 0
EGAN00001442203 26 0 0 26 0 0 0
EGAN00001442204 24 0 0 24 0 0 0
EGAN00001442210 19 0 0 19 0 0 0
EGAN00001442231 14 0 0 13 0 1 0
EGAN00001442238 12 0 0 12 0 0 0
EGAN00001442436 16 0 0 16 0 0 0
EGAN00001442449 31 0 0 31 0 0 0
EGAN00001442458 15 0 0 15 0 0 0
EGAN00001442474 7 0 0 7 0 0 0
EGAN00001442489 20 0 0 20 0 0 0
EGAN00001443772 14 0 0 14 0 0 0
EGAN00001444312 15 0 0 15 0 0 0
EGAN00001444317 14 0 0 14 0 0 0
EGAN00001444318 19 0 0 19 0 0 0
EGAN00001444415 24 0 0 24 0 0 0
EGAN00001444475 21 0 0 21 0 0 0
EGAN00001444482 17 0 0 17 0 0 0
EGAN00001444841 21 0 0 21 0 0 0
EGAN00001444984 22 0 0 22 0 0 0
EGAN00001445004 24 0 0 24 0 0 0
EGAN00001445013 10 0 0 10 0 0 0
EGAN00001445033 34 0 0 34 0 0 0
EGAN00001445043 16 0 0 16 0 0 0
EGAN00001445071 25 0 0 25 0 0 0
EGAN00001445077 20 0 0 20 0 0 0
EGAN00001445079 22 0 0 22 0 0 0
EGAN00001445081 19 0 0 19 0 0 0
EGAN00001445085 21 0 0 21 0 0 0
EGAN00001445454 27 0 0 27 0 0 0
EGAN00001445456 28 0 0 28 0 0 0
EGAN00001445463 20 0 0 20 0 0 0
EGAN00001445494 13 0 0 13 0 0 0
EGAN00001445507 16 0 0 16 0 0 0
EGAN00001445512 12 0 0 12 0 0 0
EGAN00001445521 9 0 0 8 1 0 0
EGAN00001445525 20 0 1 19 0 0 0
EGAN00001446662 29 0 0 29 0 0 0
EGAN00001446688 29 0 0 28 0 1 0
EGAN00001446689 16 0 0 16 0 0 0
EGAN00001446697 10 0 0 10 0 0 0
EGAN00001486675 18 0 0 18 0 0 0
EGAN00001486681 19 0 0 19 0 0 0
EGAN00001486687 13 0 0 13 0 0 0
EGAN00001559552 22 0 0 22 0 0 0
EGAN00001559573 12 0 0 12 0 0 0
EGAN00001559631 17 0 0 17 0 0 0
EGAN00001559637 14 0 1 13 0 0 0
EGAN00001559644 13 0 0 13 0 0 0
EGAN00001559648 15 0 0 15 0 0 0
EGAN00001559656 25 0 0 25 0 0 0
EGAN00001559663 25 0 0 25 0 0 0
EGAN00001559670 22 0 0 22 0 0 0
EGAN00001559678 22 0 0 22 0 0 0
EGAN00001559693 24 0 0 24 0 0 0
EGAN00001559701 27 0 0 27 0 0 0
EGAN00001559716 15 0 0 15 0 0 0
EGAN00001559739 21 0 0 21 0 0 0
EGAN00001559761 20 0 0 20 0 0 0
EGAN00001559766 21 0 0 21 0 0 0
EGAN00001559774 17 0 0 17 0 0 0
EGAN00001559782 17 0 0 17 0 0 0
EGAN00001559799 20 0 0 20 0 0 0
EGAN00001559808 17 0 0 17 0 0 0
EGAN00001559814 25 0 0 25 0 0 0
EGAN00001559826 20 0 0 20 0 0 0
EGAN00001559843 22 0 0 22 0 0 0
EGAN00001559849 14 0 0 14 0 0 0
EGAN00001559881 19 0 0 19 0 0 0
EGAN00001559902 18 0 0 18 0 0 0
EGAN00001559926 28 0 0 28 0 0 0
EGAN00001559933 20 0 0 20 0 0 0
EGAN00001559939 24 0 0 24 0 0 0
EGAN00001559962 24 0 1 23 0 0 0
EGAN00001559967 17 0 0 17 0 0 0
EGAN00001559995 16 0 0 16 0 0 0
EGAN00001560016 14 0 0 14 0 0 0
EGAN00001560034 12 0 0 12 0 0 0
EGAN00001560035 26 0 0 26 0 0 0
EGAN00001560050 15 0 0 15 0 0 0
EGAN00001560052 17 0 0 17 0 0 0
EGAN00001560068 16 0 0 16 0 0 0
EGAN00001560084 23 0 0 23 0 0 0
EGAN00001560085 21 0 0 21 0 0 0
EGAN00001560090 19 0 0 19 0 0 0
EGAN00001560096 37 0 0 37 0 0 0
EGAN00001560098 15 0 0 15 0 0 0
EGAN00001560124 19 0 0 19 0 0 0
EGAN00001560145 21 0 0 21 0 0 0
EGAN00001560153 20 0 0 20 0 0 0
EGAN00001560162 25 0 0 25 0 0 0
EGAN00001560183 14 0 0 14 0 0 0
EGAN00001560192 25 0 0 25 0 0 0
EGAN00001560207 21 0 0 21 0 0 0
EGAN00001560214 23 0 0 23 0 0 0
EGAN00001560218 22 0 0 22 0 0 0
EGAN00001560231 20 0 0 20 0 0 0
EGAN00001560243 22 0 0 22 0 0 0
EGAN00001560269 23 0 0 23 0 0 0
EGAN00001560308 24 0 0 24 0 0 0
EGAN00001560313 16 0 0 16 0 0 0
EGAN00001560314 17 0 0 17 0 0 0
EGAN00001560320 11 0 0 11 0 0 0
EGAN00001560322 16 0 0 16 0 0 0
EGAN00001560332 22 0 0 22 0 0 0
EGAN00001560346 15 0 0 15 0 0 0
EGAN00001560356 20 0 0 19 0 0 1
EGAN00001560362 18 0 0 18 0 0 0
EGAN00001560370 27 0 0 27 0 0 0
EGAN00001560386 17 0 0 17 0 0 0
EGAN00001560396 18 0 0 18 0 0 0
EGAN00001560410 20 0 0 20 0 0 0
EGAN00001560418 20 0 0 20 0 0 0
EGAN00001560424 23 0 0 23 0 0 0
EGAN00001560448 22 0 0 22 0 0 0
EGAN00001560453 26 0 0 26 0 0 0
EGAN00001560464 23 0 0 23 0 0 0
EGAN00001560478 16 0 0 16 0 0 0
EGAN00001560485 16 0 0 15 0 1 0
EGAN00001560513 26 0 0 26 0 0 0
EGAN00001560515 21 0 0 21 0 0 0
EGAN00001560516 23 0 0 23 0 0 0
EGAN00001560524 25 0 0 25 0 0 0
EGAN00001560527 18 0 0 18 0 0 0
EGAN00001560540 14 0 0 14 0 0 0
EGAN00001560547 24 0 0 24 0 0 0
EGAN00001560549 24 0 0 24 0 0 0
EGAN00001560559 18 0 0 18 0 0 0
EGAN00001560583 15 0 0 15 0 0 0
EGAN00001560592 25 0 0 25 0 0 0
EGAN00001560595 19 0 0 19 0 0 0
EGAN00001560606 21 0 0 21 0 0 0
EGAN00001560609 18 0 0 18 0 0 0
EGAN00001560616 16 0 0 16 0 0 0
EGAN00001560633 13 0 0 13 0 0 0
EGAN00001560665 20 0 0 20 0 0 0
EGAN00001560675 12 0 0 12 0 0 0
EGAN00001560686 27 0 0 27 0 0 0
EGAN00001560693 19 0 0 19 0 0 0
EGAN00001560695 23 0 0 23 0 0 0
EGAN00001560708 19 0 0 19 0 0 0
EGAN00001560710 22 0 0 22 0 0 0
EGAN00001560737 20 0 0 20 0 0 0
EGAN00001560738 24 0 0 24 0 0 0
EGAN00001560739 15 0 0 15 0 0 0
EGAN00001560761 24 0 0 24 0 0 0
EGAN00001560769 25 0 0 25 0 0 0
EGAN00001560786 20 0 0 20 0 0 0
EGAN00001560788 32 0 0 32 0 0 0
EGAN00001560813 15 0 0 15 0 0 0
EGAN00001560820 19 0 0 19 0 0 0
EGAN00001560821 26 0 0 26 0 0 0
EGAN00001560824 22 0 0 22 0 0 0
EGAN00001560853 15 0 0 15 0 0 0
EGAN00001560869 28 0 0 28 0 0 0
EGAN00001560889 22 0 0 22 0 0 0
EGAN00001560906 19 0 0 19 0 0 0
EGAN00001560912 21 0 0 21 0 0 0
EGAN00001560929 19 0 0 19 0 0 0
EGAN00001560938 16 0 0 16 0 0 0
EGAN00001560951 15 0 0 15 0 0 0
EGAN00001560966 16 0 0 16 0 0 0
EGAN00001560974 21 0 0 21 0 0 0
EGAN00001560985 34 0 0 34 0 0 0
EGAN00001560994 27 0 0 27 0 0 0
EGAN00001560995 29 0 0 29 0 0 0
EGAN00001561020 23 0 0 23 0 0 0
EGAN00001561055 21 0 0 20 1 0 0
EGAN00001561079 23 0 0 23 0 0 0
EGAN00001561085 18 0 0 18 0 0 0
EGAN00001561103 26 0 0 26 0 0 0
EGAN00001561148 19 0 0 19 0 0 0
EGAN00001561154 24 0 0 24 0 0 0
EGAN00001561172 24 0 0 24 0 0 0
EGAN00001561199 16 0 0 16 0 0 0
EGAN00001561200 14 0 0 14 0 0 0
EGAN00001561201 17 0 0 17 0 0 0
EGAN00001561206 18 0 0 18 0 0 0
EGAN00001561221 19 0 0 19 0 0 0
EGAN00001561231 21 0 0 21 0 0 0
EGAN00001561234 20 0 0 20 0 0 0
EGAN00001561251 29 0 0 29 0 0 0
EGAN00001561252 19 0 0 19 0 0 0
EGAN00001561280 24 0 0 24 0 0 0
EGAN00001561296 16 0 1 15 0 0 0
EGAN00001561299 20 0 0 20 0 0 0
EGAN00001561303 23 0 0 23 0 0 0
EGAN00001561312 22 0 0 22 0 0 0
EGAN00001561373 14 0 0 14 0 0 0
EGAN00001561380 20 0 0 20 0 0 0
EGAN00001561393 30 0 0 30 0 0 0
EGAN00001561406 23 0 0 23 0 0 0
EGAN00001561412 20 0 0 20 0 0 0
EGAN00001561414 20 0 0 20 0 0 0
EGAN00001561425 25 0 0 25 0 0 0
EGAN00001561431 29 0 0 29 0 0 0
EGAN00001561442 14 0 0 14 0 0 0
EGAN00001561448 22 0 0 22 0 0 0
EGAN00001561453 21 0 0 21 0 0 0
EGAN00001561456 21 0 0 21 0 0 0
EGAN00001561458 24 0 0 24 0 0 0
EGAN00001561467 13 0 0 13 0 0 0
EGAN00001561476 25 0 0 25 0 0 0
EGAN00001561503 18 0 0 18 0 0 0
EGAN00001561508 23 0 0 23 0 0 0
EGAN00001561510 19 0 0 19 0 0 0
EGAN00001561542 14 0 0 14 0 0 0
EGAN00001561554 22 0 0 22 0 0 0
EGAN00001569013 14 0 0 14 0 0 0
EGAN00001572904 22 0 0 22 0 0 0
EGAN00001572939 26 0 0 26 0 0 0
EGAN00001575966 19 0 0 19 0 0 0
EGAN00001575982 22 0 0 22 0 0 0
EGAN00001576013 15 0 0 15 0 0 0
EGAN00001576017 30 0 0 30 0 0 0
EGAN00001576033 30 0 0 30 0 0 0
EGAN00001576040 27 0 0 27 0 0 0
EGAN00001576047 19 0 0 19 0 0 0
EGAN00001576056 18 0 0 18 0 0 0
EGAN00001576064 26 0 0 26 0 0 0
EGAN00001576068 20 0 0 20 0 0 0
EGAN00001576070 46 0 1 45 0 0 0
EGAN00001576074 26 0 0 25 0 1 0
EGAN00001576094 24 0 1 23 0 0 0
EGAN00001576100 20 0 0 20 0 0 0
EGAN00001576104 32 0 0 32 0 0 0
EGAN00001576114 20 0 0 20 0 0 0
EGAN00001576126 20 0 0 20 0 0 0
EGAN00001576168 31 0 0 31 0 0 0
EGAN00001576188 29 0 1 28 0 0 0
EGAN00001576205 26 0 0 26 0 0 0
EGAN00001576216 30 0 0 30 0 0 0
EGAN00001576226 21 0 0 21 0 0 0
EGAN00001576240 14 0 0 14 0 0 0
EGAN00001576245 18 0 0 18 0 0 0
EGAN00001576247 15 0 0 15 0 0 0
EGAN00001576249 15 0 0 15 0 0 0
EGAN00001576253 19 0 0 19 0 0 0
EGAN00001576258 22 0 0 22 0 0 0
EGAN00001576264 19 0 0 19 0 0 0
EGAN00001576272 23 0 0 23 0 0 0
EGAN00001576273 23 0 0 23 0 0 0
EGAN00001576277 14 0 0 14 0 0 0
EGAN00001576296 18 0 0 18 0 0 0
EGAN00001576314 21 0 0 21 0 0 0
EGAN00001576321 23 0 0 23 0 0 0
EGAN00001576324 29 0 0 29 0 0 0
EGAN00001576334 19 0 0 19 0 0 0
EGAN00001576367 17 0 0 17 0 0 0
EGAN00001576379 25 0 0 25 0 0 0
EGAN00001576393 30 0 0 30 0 0 0
EGAN00001576415 25 0 0 25 0 0 0
EGAN00001576428 24 0 0 24 0 0 0
EGAN00001576431 20 0 0 20 0 0 0
EGAN00001576439 17 0 0 17 0 0 0
EGAN00001576442 19 0 0 19 0 0 0
EGAN00001576452 19 0 0 19 0 0 0
EGAN00001576459 20 0 0 20 0 0 0
EGAN00001576482 27 0 0 27 0 0 0
EGAN00001576490 21 0 0 21 0 0 0
EGAN00001576502 19 0 0 19 0 0 0
EGAN00001576514 16 0 0 16 0 0 0
EGAN00001576515 14 0 0 14 0 0 0
EGAN00001576553 19 0 0 19 0 0 0
EGAN00001576555 18 0 0 18 0 0 0
EGAN00001576558 13 0 0 13 0 0 0
EGAN00001576566 37 0 0 37 0 0 0
EGAN00001576575 26 0 0 26 0 0 0
EGAN00001576611 17 0 0 17 0 0 0
EGAN00001576639 13 0 0 13 0 0 0
EGAN00001576651 36 0 0 36 0 0 0
EGAN00001576682 14 0 0 14 0 0 0
EGAN00001576692 17 0 0 17 0 0 0
EGAN00001576705 13 0 0 13 0 0 0
EGAN00001576718 16 0 0 16 0 0 0
EGAN00001579169 16 0 0 16 0 0 0
EGAN00001579171 18 0 0 18 0 0 0
EGAN00001583153 31 0 0 31 0 0 0
EGAN00001583162 13 0 0 13 0 0 0
EGAN00001583163 11 0 0 11 0 0 0
EGAN00001583178 21 0 0 21 0 0 0
EGAN00001583180 16 0 0 16 0 0 0
EGAN00001583181 11 0 0 11 0 0 0
EGAN00001583193 18 0 0 18 0 0 0
EGAN00001583197 28 0 0 28 0 0 0
EGAN00001583205 22 0 0 22 0 0 0
EGAN00001583212 18 0 0 18 0 0 0
EGAN00001583219 21 0 0 21 0 0 0
EGAN00001583224 17 0 0 17 0 0 0
EGAN00001583226 20 0 0 20 0 0 0
EGAN00001583243 14 0 0 14 0 0 0
EGAN00001583244 20 0 0 19 1 0 0
EGAN00001583254 26 0 0 26 0 0 0
EGAN00001583261 15 0 0 15 0 0 0
EGAN00001583263 23 0 0 23 0 0 0
EGAN00001583265 16 0 0 16 0 0 0
EGAN00001583284 12 0 0 12 0 0 0
EGAN00001583286 21 0 0 21 0 0 0
EGAN00001583301 15 0 1 14 0 0 0
EGAN00001583306 21 0 0 21 0 0 0
EGAN00001583343 24 0 0 24 0 0 0
EGAN00001583345 18 0 0 18 0 0 0
EGAN00001583356 25 0 0 25 0 0 0
EGAN00001583369 13 0 0 13 0 0 0
EGAN00001583385 21 0 0 21 0 0 0
EGAN00001583389 16 0 0 16 0 0 0
EGAN00001583391 16 0 0 16 0 0 0
EGAN00001583392 17 0 0 17 0 0 0
EGAN00001583412 12 0 0 12 0 0 0
EGAN00001583457 14 0 0 14 0 0 0
EGAN00001583470 26 0 0 26 0 0 0
EGAN00001583494 17 0 0 17 0 0 0
EGAN00001583512 19 0 0 19 0 0 0
EGAN00001583541 22 0 0 22 0 0 0
EGAN00001583549 17 0 0 17 0 0 0
EGAN00001583560 20 0 0 20 0 0 0
EGAN00001583568 20 0 0 20 0 0 0
EGAN00001583572 17 0 0 17 0 0 0
EGAN00001583582 17 0 0 17 0 0 0
EGAN00001583601 26 0 0 26 0 0 0
EGAN00001583605 24 0 0 24 0 0 0
EGAN00001583609 21 0 0 21 0 0 0
EGAN00001583611 16 0 0 16 0 0 0
EGAN00001583640 23 0 0 23 0 0 0
EGAN00001583651 19 0 0 19 0 0 0
EGAN00001583686 16 0 0 16 0 0 0
EGAN00001583692 22 0 0 22 0 0 0
EGAN00001583724 17 0 0 17 0 0 0
EGAN00001583742 14 0 0 14 0 0 0
EGAN00001583765 23 0 0 23 0 0 0
EGAN00001583766 24 0 0 24 0 0 0
EGAN00001583772 23 0 0 23 0 0 0
EGAN00001583814 22 0 0 22 0 0 0
EGAN00001583825 15 0 0 15 0 0 0
EGAN00001583828 14 0 0 14 0 0 0
EGAN00001583831 19 0 0 19 0 0 0
EGAN00001583841 15 0 0 15 0 0 0
EGAN00001583853 15 0 0 15 0 0 0
EGAN00001583858 19 0 0 19 0 0 0
EGAN00001583868 12 0 0 12 0 0 0
EGAN00001583899 14 0 0 14 0 0 0
EGAN00001583921 18 0 0 18 0 0 0
EGAN00001583924 18 0 0 18 0 0 0
EGAN00001583925 23 0 0 23 0 0 0
EGAN00001583933 16 0 0 16 0 0 0
EGAN00001584036 28 0 0 28 0 0 0
EGAN00001584047 27 0 0 27 0 0 0
EGAN00001584049 15 0 0 15 0 0 0
EGAN00001584057 16 0 0 16 0 0 0
EGAN00001584062 24 0 0 24 0 0 0
EGAN00001584081 15 0 0 15 0 0 0
EGAN00001584088 21 0 0 20 1 0 0
EGAN00001584090 26 0 0 26 0 0 0
EGAN00001584093 23 0 0 23 0 0 0
EGAN00001584094 20 0 0 20 0 0 0
EGAN00001584105 20 0 0 20 0 0 0
EGAN00001584106 17 0 0 17 0 0 0
EGAN00001584115 15 0 0 15 0 0 0
EGAN00001584121 18 0 0 18 0 0 0
EGAN00001584137 26 0 0 26 0 0 0
EGAN00001584139 13 0 0 13 0 0 0
EGAN00001584140 13 0 0 13 0 0 0
EGAN00001584144 19 0 0 19 0 0 0
EGAN00001584198 19 0 0 18 1 0 0
EGAN00001584205 22 0 0 22 0 0 0
EGAN00001584210 11 0 0 11 0 0 0
EGAN00001584212 23 0 0 23 0 0 0
EGAN00001584219 21 0 0 21 0 0 0
EGAN00001584226 19 0 0 19 0 0 0
EGAN00001584245 18 0 0 18 0 0 0
EGAN00001584254 25 0 0 25 0 0 0
EGAN00001584279 19 0 0 19 0 0 0
EGAN00001584280 17 0 0 17 0 0 0
EGAN00001584292 24 0 0 24 0 0 0
EGAN00001584299 15 0 0 15 0 0 0
EGAN00001584334 19 0 0 19 0 0 0
EGAN00001584348 24 0 0 24 0 0 0
EGAN00001584355 21 0 0 21 0 0 0
EGAN00001584367 29 0 0 29 0 0 0
EGAN00001584368 19 0 0 19 0 0 0
EGAN00001584369 28 0 0 28 0 0 0
EGAN00001584374 18 0 0 18 0 0 0
EGAN00001584384 20 0 0 20 0 0 0
EGAN00001584389 19 0 0 19 0 0 0
EGAN00001584393 22 0 0 22 0 0 0
EGAN00001584404 20 0 0 20 0 0 0
EGAN00001584410 16 0 0 16 0 0 0
EGAN00001584419 19 0 0 19 0 0 0
EGAN00001584421 28 0 0 28 0 0 0
EGAN00001584426 29 0 0 29 0 0 0
EGAN00001584447 26 0 0 26 0 0 0
EGAN00001584469 18 0 0 18 0 0 0
EGAN00001584470 16 0 0 16 0 0 0
EGAN00001584475 20 0 0 20 0 0 0
EGAN00001584497 13 0 0 13 0 0 0
EGAN00001584525 17 0 0 17 0 0 0
EGAN00001584530 23 0 0 23 0 0 0
EGAN00001584531 16 0 0 16 0 0 0
EGAN00001584562 18 0 0 18 0 0 0
EGAN00001584578 18 0 0 18 0 0 0
EGAN00001584585 17 0 0 17 0 0 0
EGAN00001584587 21 0 0 21 0 0 0
EGAN00001584590 16 0 0 16 0 0 0
EGAN00001584594 31 0 0 31 0 0 0
EGAN00001584621 25 0 0 25 0 0 0
EGAN00001584662 19 0 1 18 0 0 0
EGAN00001584670 18 0 0 18 0 0 0
EGAN00001584681 11 0 0 11 0 0 0
EGAN00001584682 20 0 0 20 0 0 0
EGAN00001584686 18 0 0 18 0 0 0
EGAN00001584695 28 0 0 28 0 0 0
EGAN00001584701 25 0 0 25 0 0 0
EGAN00001584748 15 0 0 15 0 0 0
EGAN00001584752 22 0 0 22 0 0 0
EGAN00001584770 18 0 0 18 0 0 0
EGAN00001584776 19 0 0 19 0 0 0
EGAN00001584789 19 0 0 19 0 0 0
EGAN00001584799 18 0 0 18 0 0 0
EGAN00001584807 24 0 0 24 0 0 0
EGAN00001584818 18 0 0 18 0 0 0
EGAN00001584827 17 0 0 17 0 0 0
EGAN00001584831 21 0 0 21 0 0 0
EGAN00001584844 12 0 0 12 0 0 0
EGAN00001584856 16 0 0 16 0 0 0
EGAN00001584876 20 0 0 20 0 0 0
EGAN00001584878 23 0 0 23 0 0 0
EGAN00001584887 20 0 0 20 0 0 0
EGAN00001584890 19 0 0 19 0 0 0
EGAN00001584902 19 0 0 19 0 0 0
EGAN00001584908 18 0 0 18 0 0 0
EGAN00001584924 18 0 0 18 0 0 0
EGAN00001584927 11 0 0 11 0 0 0
EGAN00001584940 15 0 0 15 0 0 0
EGAN00001584952 22 0 1 21 0 0 0
EGAN00001584966 15 0 0 15 0 0 0
EGAN00001584970 16 0 0 16 0 0 0
EGAN00001584972 23 0 0 23 0 0 0
EGAN00001585037 23 0 0 23 0 0 0
EGAN00001585049 19 0 0 19 0 0 0
EGAN00001585062 17 0 0 17 0 0 0
EGAN00001585083 13 0 0 13 0 0 0
EGAN00001585105 16 0 0 16 0 0 0
EGAN00001585131 15 0 0 15 0 0 0
EGAN00001585136 12 0 0 12 0 0 0
EGAN00001585163 16 0 0 16 0 0 0
EGAN00001585167 18 0 0 18 0 0 0
EGAN00001585175 18 0 0 17 0 1 0
EGAN00001585178 19 0 0 19 0 0 0
EGAN00001585191 8 0 0 8 0 0 0
EGAN00001585193 24 0 0 23 0 1 0
EGAN00001585195 17 0 0 17 0 0 0
EGAN00001585197 16 0 0 16 0 0 0
EGAN00001585198 18 0 0 18 0 0 0
EGAN00001585202 23 0 0 23 0 0 0
EGAN00001585228 14 0 0 14 0 0 0
EGAN00001585231 34 0 0 34 0 0 0
EGAN00001585239 16 0 0 16 0 0 0
EGAN00001585244 15 0 0 15 0 0 0
EGAN00001585262 19 0 0 19 0 0 0
EGAN00001585265 26 0 0 26 0 0 0
EGAN00001585280 17 0 0 17 0 0 0
EGAN00001585318 29 0 0 29 0 0 0
EGAN00001585319 22 0 0 22 0 0 0
EGAN00001585322 19 0 0 19 0 0 0
EGAN00001585328 32 0 0 32 0 0 0
EGAN00001585331 31 0 0 31 0 0 0
EGAN00001585337 17 0 0 17 0 0 0
EGAN00001585349 21 0 0 21 0 0 0
EGAN00001585350 27 0 0 27 0 0 0
EGAN00001585368 13 0 0 13 0 0 0
EGAN00001585387 16 0 0 16 0 0 0
EGAN00001585388 22 0 0 22 0 0 0
EGAN00001585391 16 0 0 16 0 0 0
EGAN00001585393 21 0 0 21 0 0 0
EGAN00001585404 21 0 0 21 0 0 0
EGAN00001585423 18 0 0 18 0 0 0
EGAN00001585439 16 0 0 16 0 0 0
EGAN00001585440 22 0 0 22 0 0 0
EGAN00001585449 14 0 0 14 0 0 0
EGAN00001585462 17 0 0 17 0 0 0
EGAN00001585473 13 0 0 13 0 0 0
EGAN00001585477 15 0 0 15 0 0 0
EGAN00001585491 31 0 0 31 0 0 0
EGAN00001585505 23 0 0 23 0 0 0
EGAN00001585506 18 0 0 18 0 0 0
EGAN00001585507 17 0 0 17 0 0 0
EGAN00001585518 13 0 0 13 0 0 0
EGAN00001585529 21 0 0 21 0 0 0
EGAN00001585530 15 0 0 15 0 0 0
EGAN00001585536 17 0 0 17 0 0 0
EGAN00001585557 23 0 0 23 0 0 0
EGAN00001585560 27 0 0 27 0 0 0
EGAN00001585569 21 0 0 21 0 0 0
EGAN00001585604 19 0 0 19 0 0 0
EGAN00001585621 19 0 0 19 0 0 0
EGAN00001585625 16 0 0 16 0 0 0
EGAN00001585628 13 0 0 13 0 0 0
EGAN00001585629 23 0 0 23 0 0 0
EGAN00001585639 16 0 0 16 0 0 0
EGAN00001585649 35 0 0 35 0 0 0
EGAN00001585650 26 0 0 26 0 0 0
EGAN00001585657 16 0 0 16 0 0 0
EGAN00001585676 9 0 0 9 0 0 0
EGAN00001585681 20 0 0 20 0 0 0
EGAN00001585693 19 0 0 19 0 0 0
EGAN00001585705 13 0 0 13 0 0 0
EGAN00001585726 16 0 0 16 0 0 0
EGAN00001585735 20 0 0 20 0 0 0
EGAN00001585751 17 0 0 17 0 0 0
EGAN00001585755 23 0 0 23 0 0 0
EGAN00001585773 12 0 0 12 0 0 0
EGAN00001585802 20 0 0 20 0 0 0
EGAN00001585821 20 0 0 20 0 0 0
EGAN00001585822 16 0 0 16 0 0 0
EGAN00001585840 22 0 0 22 0 0 0
EGAN00001585842 24 0 0 24 0 0 0
EGAN00001585849 25 0 0 25 0 0 0
EGAN00001585852 21 0 0 21 0 0 0
EGAN00001585857 26 0 0 26 0 0 0
EGAN00001585870 20 0 0 20 0 0 0
EGAN00001585871 18 0 0 18 0 0 0
EGAN00001585884 24 0 0 23 1 0 0
EGAN00001585910 35 0 0 35 0 0 0
EGAN00001585946 22 0 0 22 0 0 0
EGAN00001585953 13 0 0 13 0 0 0
EGAN00001585980 17 0 0 17 0 0 0
EGAN00001585989 31 0 0 31 0 0 0
EGAN00001586004 10 0 0 10 0 0 0
EGAN00001586011 16 0 0 16 0 0 0
EGAN00001586036 16 0 0 16 0 0 0
EGAN00001586045 23 0 0 23 0 0 0
EGAN00001586049 19 0 0 19 0 0 0
EGAN00001586050 26 0 0 26 0 0 0
EGAN00001586055 20 0 0 20 0 0 0
EGAN00001586060 22 0 0 22 0 0 0
EGAN00001586066 18 0 0 18 0 0 0
EGAN00001586069 15 0 0 15 0 0 0
EGAN00001586081 18 0 1 17 0 0 0
EGAN00001586083 16 0 0 16 0 0 0
EGAN00001586104 13 0 0 13 0 0 0
EGAN00001586112 19 0 0 19 0 0 0
EGAN00001586117 21 0 0 21 0 0 0
EGAN00001586125 19 0 0 19 0 0 0
EGAN00001586148 20 0 1 19 0 0 0
EGAN00001586165 16 0 0 16 0 0 0
EGAN00001586175 22 0 0 22 0 0 0
EGAN00001586181 14 0 0 14 0 0 0
EGAN00001586191 14 0 0 14 0 0 0
EGAN00001586205 23 0 0 23 0 0 0
EGAN00001586206 25 0 0 25 0 0 0
EGAN00001599246 14 0 0 14 0 0 0
EGAN00001599251 17 0 0 17 0 0 0
EGAN00001599261 22 0 0 22 0 0 0
EGAN00001599262 23 0 0 23 0 0 0
EGAN00001599270 16 0 0 16 0 0 0
EGAN00001599275 17 0 0 17 0 0 0
EGAN00001599281 16 0 0 16 0 0 0
EGAN00001599290 17 0 0 17 0 0 0
EGAN00001599298 26 0 0 26 0 0 0
EGAN00001599353 28 0 0 28 0 0 0
EGAN00001599360 16 0 0 16 0 0 0
EGAN00001599375 17 0 0 17 0 0 0
EGAN00001599391 19 0 0 19 0 0 0
EGAN00001599393 19 0 0 19 0 0 0
EGAN00001599404 25 0 0 25 0 0 0
EGAN00001599406 19 0 0 19 0 0 0
EGAN00001599407 22 0 0 22 0 0 0
EGAN00001599410 17 0 0 17 0 0 0
EGAN00001599411 18 0 0 18 0 0 0
EGAN00001599421 19 0 0 19 0 0 0
EGAN00001599432 20 0 0 20 0 0 0
EGAN00001599445 16 0 0 16 0 0 0
EGAN00001599448 17 0 0 17 0 0 0
EGAN00001599449 20 0 0 20 0 0 0
EGAN00001599452 25 0 0 25 0 0 0
EGAN00001599455 22 0 0 22 0 0 0
EGAN00001599456 22 0 0 22 0 0 0
EGAN00001599457 21 0 0 21 0 0 0
EGAN00001599461 25 0 0 25 0 0 0
EGAN00001599480 21 0 0 21 0 0 0
EGAN00001599501 26 0 0 26 0 0 0
EGAN00001599506 19 0 0 18 0 1 0
EGAN00001599542 23 0 0 23 0 0 0
EGAN00001599555 26 0 0 26 0 0 0
EGAN00001599567 10 0 0 10 0 0 0
EGAN00001599576 22 0 0 22 0 0 0
EGAN00001599593 23 0 0 23 0 0 0
EGAN00001599599 21 0 0 21 0 0 0
EGAN00001599625 20 0 0 20 0 0 0
EGAN00001599637 62 0 0 62 0 0 0
EGAN00001599655 41 0 0 41 0 0 0
EGAN00001599686 13 0 0 13 0 0 0
EGAN00001599694 14 0 0 13 0 0 1
EGAN00001599696 28 0 0 28 0 0 0
EGAN00001599700 16 0 0 16 0 0 0
EGAN00001599703 25 0 0 25 0 0 0
EGAN00001599711 22 0 0 22 0 0 0
EGAN00001599722 26 0 0 26 0 0 0
EGAN00001599749 17 0 0 17 0 0 0
EGAN00001599760 18 0 0 18 0 0 0
EGAN00001599774 26 0 0 26 0 0 0
EGAN00001599777 18 0 0 18 0 0 0
EGAN00001599780 25 0 0 25 0 0 0
EGAN00001599802 23 0 0 23 0 0 0
EGAN00001599817 17 0 0 17 0 0 0
EGAN00001599825 21 0 0 21 0 0 0
EGAN00001599870 15 0 0 15 0 0 0
EGAN00001599876 12 0 0 12 0 0 0
EGAN00001599887 14 0 0 14 0 0 0
EGAN00001599896 14 0 0 14 0 0 0
EGAN00001599904 22 0 0 22 0 0 0
EGAN00001599915 24 0 0 24 0 0 0
EGAN00001599917 17 0 0 17 0 0 0
EGAN00001599932 25 0 0 25 0 0 0
EGAN00001671033 13 0 0 13 0 0 0
EGAN00001671807 16 0 0 16 0 0 0
EGAN00001671828 13 0 0 13 0 0 0
EGAN00001671840 19 0 0 19 0 0 0
EGAN00001671857 23 0 0 23 0 0 0
EGAN00001671875 16 0 0 16 0 0 0
EGAN00001671876 13 0 0 13 0 0 0
EGAN00001671878 23 0 0 23 0 0 0
EGAN00001671882 16 0 0 16 0 0 0
EGAN00001671919 23 0 0 23 0 0 0
EGAN00001671924 18 0 0 18 0 0 0
EGAN00001671928 24 0 0 24 0 0 0
EGAN00001671936 13 0 0 13 0 0 0
EGAN00001671948 17 0 0 17 0 0 0
EGAN00001671983 15 0 0 15 0 0 0
EGAN00001671999 19 0 0 18 0 0 1
EGAN00001672009 23 0 0 23 0 0 0
EGAN00001672013 14 0 0 14 0 0 0
EGAN00001672017 17 0 0 17 0 0 0
EGAN00001672025 22 0 0 22 0 0 0
EGAN00001672026 16 0 0 16 0 0 0
EGAN00001672054 37 0 0 37 0 0 0
EGAN00001672062 15 0 0 15 0 0 0
EGAN00001672074 21 0 0 21 0 0 0
EGAN00001672084 20 0 0 20 0 0 0
EGAN00001672093 13 0 0 13 0 0 0
EGAN00001672100 12 0 0 12 0 0 0
EGAN00001672104 27 0 0 27 0 0 0
EGAN00001672114 17 0 0 17 0 0 0
EGAN00001672116 14 0 0 14 0 0 0
EGAN00001672124 13 0 0 13 0 0 0
EGAN00001672126 13 0 0 13 0 0 0
EGAN00001672134 18 0 0 18 0 0 0
EGAN00001672147 24 0 0 24 0 0 0
EGAN00001672148 29 0 1 28 0 0 0
EGAN00001672152 16 0 0 16 0 0 0
EGAN00001672156 14 0 0 14 0 0 0
EGAN00001672161 16 0 0 16 0 0 0
EGAN00001672165 20 0 0 20 0 0 0
EGAN00001672169 10 0 0 10 0 0 0
EGAN00001672173 13 0 0 13 0 0 0
EGAN00001672178 13 0 0 13 0 0 0
EGAN00001672183 25 0 0 25 0 0 0
EGAN00001672190 16 0 0 16 0 0 0
EGAN00001672197 20 0 0 20 0 0 0
EGAN00001672210 22 0 0 22 0 0 0
EGAN00001672232 18 0 0 18 0 0 0
EGAN00001672243 18 0 0 18 0 0 0
EGAN00001672284 19 0 0 19 0 0 0
EGAN00001672288 15 0 0 15 0 0 0
EGAN00001672308 22 0 0 22 0 0 0
EGAN00001672316 16 0 0 16 0 0 0
EGAN00001672322 16 0 0 16 0 0 0
EGAN00001672330 21 0 0 21 0 0 0
EGAN00001672333 10 0 0 10 0 0 0
EGAN00001672334 11 0 0 11 0 0 0
EGAN00001672345 16 0 0 16 0 0 0
EGAN00001672354 24 0 0 24 0 0 0
EGAN00001672363 17 0 0 17 0 0 0
EGAN00001672376 19 0 0 19 0 0 0
EGAN00001672378 12 0 0 12 0 0 0
EGAN00001672383 28 0 0 28 0 0 0
EGAN00001672411 22 0 0 22 0 0 0
EGAN00001672428 14 0 0 14 0 0 0
EGAN00001672439 21 0 0 21 0 0 0
EGAN00001672452 17 0 0 17 0 0 0
EGAN00001672457 19 0 0 19 0 0 0
EGAN00001672462 20 0 0 20 0 0 0
EGAN00001672511 13 0 0 13 0 0 0
EGAN00001672536 20 0 0 20 0 0 0
EGAN00001672538 18 0 0 18 0 0 0
EGAN00001672542 15 0 0 15 0 0 0
EGAN00001672553 27 0 0 27 0 0 0
EGAN00001672554 19 0 0 19 0 0 0
EGAN00001672565 23 0 0 23 0 0 0
EGAN00001672572 16 0 0 16 0 0 0
EGAN00001672578 18 0 0 18 0 0 0
EGAN00001672580 13 0 0 13 0 0 0
EGAN00001672585 21 0 0 21 0 0 0
EGAN00001672593 15 0 0 15 0 0 0
EGAN00001672597 17 0 1 16 0 0 0
EGAN00001672601 26 0 0 26 0 0 0
EGAN00001672631 23 0 0 23 0 0 0
EGAN00001672646 24 0 0 24 0 0 0
EGAN00001672651 24 0 0 24 0 0 0
EGAN00001672675 9 0 0 9 0 0 0
EGAN00001672687 28 0 0 28 0 0 0
EGAN00001672714 23 0 0 23 0 0 0
EGAN00001672719 20 0 0 20 0 0 0
EGAN00001672736 24 0 0 24 0 0 0
EGAN00001672744 12 0 0 12 0 0 0
EGAN00001672745 17 0 0 17 0 0 0
EGAN00001672751 22 0 0 22 0 0 0
EGAN00001672763 22 0 0 22 0 0 0
EGAN00001672783 16 0 0 16 0 0 0
EGAN00001672790 22 0 0 22 0 0 0
EGAN00001672794 20 0 0 20 0 0 0
EGAN00001672797 22 0 0 22 0 0 0
EGAN00001672813 20 0 0 20 0 0 0
EGAN00001672820 25 0 0 25 0 0 0
EGAN00001672833 23 0 0 23 0 0 0
EGAN00001672839 18 0 0 18 0 0 0
EGAN00001672848 25 0 0 25 0 0 0
EGAN00001672870 25 0 0 25 0 0 0
EGAN00001672873 15 0 0 15 0 0 0
EGAN00001672877 18 0 0 18 0 0 0
EGAN00001672886 27 0 0 27 0 0 0
EGAN00001672896 29 0 0 28 0 1 0
EGAN00001672914 18 0 0 18 0 0 0
EGAN00001672923 18 0 0 18 0 0 0
EGAN00001672926 15 0 0 15 0 0 0
EGAN00001672930 18 0 0 18 0 0 0
EGAN00001672933 22 0 0 22 0 0 0
EGAN00001672940 26 0 0 26 0 0 0
EGAN00001672947 17 0 0 17 0 0 0
EGAN00001672969 20 0 0 20 0 0 0
EGAN00001672988 11 0 0 11 0 0 0
EGAN00001673014 40 0 0 40 0 0 0
EGAN00001673075 14 0 0 14 0 0 0
EGAN00001673103 23 0 0 23 0 0 0
EGAN00001673106 20 0 0 20 0 0 0
EGAN00001673115 20 0 0 20 0 0 0
EGAN00001673116 16 0 0 16 0 0 0
EGAN00001673128 19 0 0 19 0 0 0
EGAN00001673142 24 0 0 24 0 0 0
EGAN00001673167 31 0 0 31 0 0 0
EGAN00001673209 22 0 0 22 0 0 0
EGAN00001673245 14 0 0 14 0 0 0
EGAN00001673252 23 0 0 23 0 0 0
EGAN00001673257 23 0 0 23 0 0 0
EGAN00001673263 22 0 0 22 0 0 0
EGAN00001673285 16 0 0 16 0 0 0
EGAN00001673292 17 0 0 17 0 0 0
EGAN00001673302 15 0 0 15 0 0 0
EGAN00001673321 20 0 0 20 0 0 0
EGAN00001673329 19 0 0 19 0 0 0
EGAN00001673335 17 0 0 17 0 0 0
EGAN00001673347 16 0 0 16 0 0 0
EGAN00001673371 18 0 0 18 0 0 0
EGAN00001673418 21 0 0 21 0 0 0
EGAN00001673422 25 0 0 25 0 0 0
EGAN00001673446 21 0 0 21 0 0 0
EGAN00001673458 18 0 0 18 0 0 0
EGAN00001673521 25 0 0 25 0 0 0
EGAN00001673523 19 0 0 19 0 0 0
EGAN00001673532 16 0 0 16 0 0 0
EGAN00001673562 10 0 0 10 0 0 0
EGAN00001673578 14 0 0 14 0 0 0
EGAN00001673580 9 0 0 9 0 0 0
EGAN00001673583 27 0 1 26 0 0 0
EGAN00001673597 24 0 0 24 0 0 0
EGAN00001673607 18 0 0 18 0 0 0
EGAN00001673611 15 0 0 15 0 0 0
EGAN00001673632 20 0 0 20 0 0 0
EGAN00001673637 15 0 0 15 0 0 0
EGAN00001673670 17 0 0 17 0 0 0
EGAN00001673677 16 0 0 16 0 0 0
EGAN00001673693 18 0 0 18 0 0 0
EGAN00001673700 28 0 0 28 0 0 0
EGAN00001673727 28 0 0 28 0 0 0
EGAN00001673751 17 0 0 17 0 0 0
EGAN00001673782 20 0 0 20 0 0 0
EGAN00001673804 24 0 0 24 0 0 0
EGAN00001673810 22 0 0 22 0 0 0
EGAN00001730343 21 0 0 21 0 0 0
EGAN00001730397 13 0 0 13 0 0 0
EGAN00001730410 26 0 0 26 0 0 0
EGAN00001730434 33 0 0 33 0 0 0
EGAN00001730447 21 0 0 21 0 0 0
EGAN00001730450 17 0 0 17 0 0 0
EGAN00001730455 18 0 0 18 0 0 0
EGAN00001730460 16 0 0 16 0 0 0
EGAN00001730488 22 0 0 22 0 0 0
EGAN00001730502 14 0 0 14 0 0 0
EGAN00001730503 15 0 0 15 0 0 0
EGAN00001730521 12 0 0 12 0 0 0
EGAN00001730523 17 0 0 17 0 0 0
EGAN00001730529 16 0 0 16 0 0 0
EGAN00001740624 18 0 0 18 0 0 0
EGAN00001740630 20 0 0 20 0 0 0
EGAN00001740633 23 0 0 23 0 0 0
EGAN00001740634 21 0 0 21 0 0 0
EGAN00001740641 26 0 0 26 0 0 0
EGAN00001740654 19 0 0 19 0 0 0
EGAN00001740657 14 0 0 14 0 0 0
EGAN00001740658 14 0 0 14 0 0 0
EGAN00001740673 14 0 0 14 0 0 0
EGAN00001740680 15 0 0 15 0 0 0
EGAN00001740686 18 0 0 18 0 0 0
EGAN00001740691 23 0 0 23 0 0 0
EGAN00001740692 21 0 0 21 0 0 0
EGAN00001740695 18 0 0 17 1 0 0
EGAN00001740700 18 0 0 18 0 0 0
EGAN00001740704 15 0 0 15 0 0 0
EGAN00001740742 24 0 0 24 0 0 0
EGAN00001740752 20 0 0 20 0 0 0
EGAN00001740772 20 0 1 19 0 0 0
EGAN00001740774 7 0 0 7 0 0 0
EGAN00001740796 10 0 0 10 0 0 0
EGAN00001740797 16 0 0 16 0 0 0
EGAN00001740802 19 0 0 19 0 0 0
EGAN00001740806 15 0 0 15 0 0 0
EGAN00001740827 20 0 0 20 0 0 0
EGAN00001740848 11 0 0 11 0 0 0
EGAN00001740858 16 0 0 16 0 0 0
EGAN00001740884 20 0 0 20 0 0 0
EGAN00001740885 22 0 0 22 0 0 0
EGAN00001740904 16 0 1 15 0 0 0
EGAN00001740906 11 0 0 11 0 0 0
EGAN00001740907 22 0 0 21 1 0 0
EGAN00001740918 18 0 0 18 0 0 0
EGAN00001740921 17 0 0 17 0 0 0
EGAN00001740927 16 0 0 16 0 0 0
EGAN00001740932 18 0 0 18 0 0 0
EGAN00001740944 21 0 0 21 0 0 0
EGAN00001740955 20 0 0 20 0 0 0
EGAN00001740957 13 0 0 13 0 0 0
EGAN00001740967 20 0 0 20 0 0 0
EGAN00001740970 19 0 0 19 0 0 0
EGAN00001740973 11 0 0 11 0 0 0
EGAN00001740978 17 0 1 16 0 0 0
EGAN00001740988 21 0 0 21 0 0 0
EGAN00001741035 19 0 0 19 0 0 0
EGAN00001741056 28 0 0 28 0 0 0
EGAN00001741057 20 0 0 20 0 0 0
EGAN00001741066 8 0 0 8 0 0 0
EGAN00001741073 24 0 0 24 0 0 0
EGAN00001741075 17 0 0 17 0 0 0
EGAN00001741087 18 0 0 18 0 0 0
EGAN00001741090 16 0 0 16 0 0 0
EGAN00001741093 19 0 0 19 0 0 0
EGAN00001741099 20 0 0 20 0 0 0
EGAN00001741107 23 0 0 23 0 0 0
EGAN00001741120 33 0 0 33 0 0 0
EGAN00001741122 18 0 0 18 0 0 0
EGAN00001741140 19 0 0 19 0 0 0
EGAN00001741150 13 0 0 13 0 0 0
EGAN00001741154 24 0 0 24 0 0 0
EGAN00001797988 19 0 0 19 0 0 0
EGAN00001797994 16 0 0 16 0 0 0
EGAN00001797996 20 0 0 20 0 0 0
EGAN00001798007 18 0 0 18 0 0 0
EGAN00001798008 18 0 0 18 0 0 0
EGAN00001798021 20 0 0 19 1 0 0
EGAN00001798030 23 0 0 23 0 0 0
EGAN00001798074 17 0 0 17 0 0 0
EGAN00001798091 14 0 0 14 0 0 0
EGAN00001798092 17 0 0 17 0 0 0
EGAN00001798104 12 0 0 12 0 0 0
EGAN00001798154 14 0 0 14 0 0 0
EGAN00001798162 18 0 0 18 0 0 0
EGAN00001798177 27 0 0 27 0 0 0
EGAN00001798191 22 0 0 22 0 0 0
EGAN00001798203 26 0 0 26 0 0 0
EGAN00001798255 20 0 0 20 0 0 0
EGAN00001798262 15 0 0 15 0 0 0
EGAN00001798269 25 0 0 25 0 0 0
EGAN00001798282 19 0 0 19 0 0 0
EGAN00001798285 20 0 0 20 0 0 0
EGAN00001798300 19 0 0 19 0 0 0
EGAN00001798317 18 0 0 18 0 0 0
EGAN00001798327 23 0 0 23 0 0 0
EGAN00001798330 13 0 0 13 0 0 0
EGAN00001798339 14 0 1 13 0 0 0
EGAN00001798342 9 0 0 9 0 0 0
EGAN00001798347 23 0 0 23 0 0 0
EGAN00001798348 11 0 0 11 0 0 0
EGAN00001798351 17 0 0 17 0 0 0
EGAN00001798359 18 0 0 18 0 0 0
EGAN00001798360 15 0 0 15 0 0 0
EGAN00001798367 18 0 0 17 1 0 0
EGAN00001798381 17 0 0 17 0 0 0
EGAN00001798382 21 0 0 21 0 0 0
EGAN00001798397 18 0 0 18 0 0 0
EGAN00001798404 13 0 0 13 0 0 0
EGAN00001798412 22 0 0 22 0 0 0
EGAN00001798435 18 0 0 18 0 0 0
EGAN00001798443 15 0 0 15 0 0 0
EGAN00001798445 29 0 0 29 0 0 0
EGAN00001798453 26 0 0 26 0 0 0
EGAN00001798480 35 0 0 35 0 0 0
EGAN00001798482 19 0 0 19 0 0 0
EGAN00001798483 18 0 0 18 0 0 0
EGAN00001798484 11 0 0 11 0 0 0
EGAN00001798492 17 0 1 16 0 0 0
EGAN00001798495 23 0 0 22 0 0 1
EGAN00001798498 20 0 0 20 0 0 0
EGAN00001798506 31 0 0 31 0 0 0
EGAN00001798511 16 0 0 16 0 0 0
EGAN00001798521 16 0 0 16 0 0 0
EGAN00001798534 19 0 0 19 0 0 0
EGAN00001798550 18 0 0 18 0 0 0
EGAN00001798551 14 0 0 14 0 0 0
EGAN00001798564 19 0 0 19 0 0 0
EGAN00001798565 25 0 0 25 0 0 0
EGAN00001798570 14 0 0 14 0 0 0
EGAN00001798574 21 0 0 21 0 0 0
EGAN00001798607 22 0 0 22 0 0 0
EGAN00001798625 26 0 0 25 1 0 0
EGAN00001798626 16 0 0 16 0 0 0
EGAN00001798632 16 0 0 16 0 0 0
EGAN00001798647 13 0 0 13 0 0 0
EGAN00001798653 17 0 0 17 0 0 0
EGAN00001798666 19 0 0 19 0 0 0
EGAN00001798669 13 0 0 13 0 0 0
EGAN00001798695 18 0 0 18 0 0 0
EGAN00001798708 20 0 0 20 0 0 0
EGAN00001830726 18 0 0 18 0 0 0
EGAN00001830730 13 0 0 13 0 0 0
EGAN00001830735 13 0 0 13 0 0 0
EGAN00001830736 15 0 0 15 0 0 0
EGAN00001830748 11 0 0 11 0 0 0
EGAN00001830757 12 0 1 11 0 0 0
EGAN00001830766 22 0 0 22 0 0 0
EGAN00001830784 18 0 0 18 0 0 0
EGAN00001830804 6 0 0 6 0 0 0
EGAN00001830806 23 0 0 23 0 0 0
EGAN00001830813 8 0 0 8 0 0 0
EGAN00001830822 11 0 0 11 0 0 0
EGAN00001830825 23 0 0 23 0 0 0
EGAN00001830830 9 0 0 9 0 0 0
EGAN00001830831 15 0 0 15 0 0 0
EGAN00001830836 18 0 0 18 0 0 0
EGAN00001830837 15 0 0 15 0 0 0
EGAN00001830839 20 0 0 20 0 0 0
EGAN00001830844 14 0 0 14 0 0 0
EGAN00001830849 22 0 0 22 0 0 0
EGAN00001830870 14 0 0 14 0 0 0
EGAN00001830878 26 0 0 26 0 0 0
EGAN00001830880 10 0 0 10 0 0 0
EGAN00001830882 16 0 0 16 0 0 0
EGAN00001830889 22 0 0 22 0 0 0
EGAN00001830896 19 0 0 19 0 0 0
EGAN00001830921 21 0 0 21 0 0 0
EGAN00001830930 20 0 0 20 0 0 0
EGAN00001830942 22 0 0 22 0 0 0
EGAN00001830943 10 0 0 10 0 0 0
EGAN00001830956 19 0 0 19 0 0 0
EGAN00001830959 16 0 0 16 0 0 0
