Sample Depth = A C G T N
EGAN00001008152 22 0 0 22 0 0 0
EGAN00001008240 22 0 0 22 0 0 0
EGAN00001008480 25 0 0 25 0 0 0
EGAN00001021279 10 0 0 10 0 0 0
EGAN00001021287 21 0 0 21 0 0 0
EGAN00001021349 31 0 0 31 0 0 0
EGAN00001021460 41 0 0 41 0 0 0
EGAN00001021482 17 0 0 17 0 0 0
EGAN00001021497 20 0 0 20 0 0 0
EGAN00001021529 17 0 0 17 0 0 0
EGAN00001021566 14 0 0 14 0 0 0
EGAN00001021591 23 0 0 23 0 0 0
EGAN00001021602 15 0 0 15 0 0 0
EGAN00001021616 11 0 0 11 0 0 0
EGAN00001021618 29 0 0 29 0 0 0
EGAN00001021722 23 0 0 23 0 0 0
EGAN00001021724 21 0 0 21 0 0 0
EGAN00001021747 17 0 0 17 0 0 0
EGAN00001021767 38 0 0 38 0 0 0
EGAN00001021773 17 0 0 17 0 0 0
EGAN00001021774 18 0 0 18 0 0 0
EGAN00001021779 16 0 0 16 0 0 0
EGAN00001021807 14 0 0 14 0 0 0
EGAN00001021818 20 0 0 20 0 0 0
EGAN00001021838 19 0 0 19 0 0 0
EGAN00001021842 17 0 0 17 0 0 0
EGAN00001021852 21 0 0 21 0 0 0
EGAN00001021861 25 0 0 25 0 0 0
EGAN00001021877 19 0 1 18 0 0 0
EGAN00001021992 18 0 0 18 0 0 0
EGAN00001021995 27 0 0 27 0 0 0
EGAN00001022009 22 0 0 22 0 0 0
EGAN00001022024 17 0 0 17 0 0 0
EGAN00001022028 12 0 0 12 0 0 0
EGAN00001022070 23 0 0 23 0 0 0
EGAN00001022071 18 0 0 18 0 0 0
EGAN00001022073 24 0 0 24 0 0 0
EGAN00001022269 22 0 0 22 0 0 0
EGAN00001022287 29 0 0 29 0 0 0
EGAN00001022694 20 0 0 20 0 0 0
EGAN00001022728 15 0 0 15 0 0 0
EGAN00001022747 17 0 0 17 0 0 0
EGAN00001022776 18 0 0 18 0 0 0
EGAN00001022786 9 0 0 9 0 0 0
EGAN00001022788 21 0 0 21 0 0 0
EGAN00001022798 12 0 0 12 0 0 0
EGAN00001022907 24 0 0 24 0 0 0
EGAN00001022925 21 0 0 21 0 0 0
EGAN00001022928 32 0 0 32 0 0 0
EGAN00001022933 21 0 0 21 0 0 0
EGAN00001022944 18 0 0 18 0 0 0
EGAN00001022965 24 0 0 24 0 0 0
EGAN00001022970 26 0 0 26 0 0 0
EGAN00001022976 24 0 0 24 0 0 0
EGAN00001022977 26 0 0 26 0 0 0
EGAN00001022985 22 0 0 22 0 0 0
EGAN00001022994 18 0 0 18 0 0 0
EGAN00001022999 46 0 0 46 0 0 0
EGAN00001023013 17 0 0 17 0 0 0
EGAN00001023048 25 0 0 25 0 0 0
EGAN00001023052 15 0 0 15 0 0 0
EGAN00001023062 30 0 0 30 0 0 0
EGAN00001023065 19 0 0 19 0 0 0
EGAN00001023090 18 0 0 18 0 0 0
EGAN00001023109 19 0 0 19 0 0 0
EGAN00001023113 16 0 0 16 0 0 0
EGAN00001023144 23 0 0 23 0 0 0
EGAN00001023149 21 0 0 21 0 0 0
EGAN00001023165 15 0 0 15 0 0 0
EGAN00001023440 16 0 0 16 0 0 0
EGAN00001023443 11 0 0 10 0 1 0
EGAN00001023451 15 0 0 15 0 0 0
EGAN00001023536 17 0 0 17 0 0 0
EGAN00001024052 19 0 0 19 0 0 0
EGAN00001024169 25 0 0 25 0 0 0
EGAN00001024175 23 0 0 22 1 0 0
EGAN00001024242 16 0 0 16 0 0 0
EGAN00001024268 20 0 0 20 0 0 0
EGAN00001024339 23 0 0 23 0 0 0
EGAN00001025821 13 0 0 13 0 0 0
EGAN00001025877 24 0 1 22 0 1 0
EGAN00001026203 32 0 0 32 0 0 0
EGAN00001026429 15 0 0 15 0 0 0
EGAN00001026576 22 0 0 22 0 0 0
EGAN00001026589 17 0 0 17 0 0 0
EGAN00001026598 28 0 0 28 0 0 0
EGAN00001026629 26 0 0 26 0 0 0
EGAN00001026694 18 0 0 18 0 0 0
EGAN00001026814 17 0 0 17 0 0 0
EGAN00001027202 24 0 0 24 0 0 0
EGAN00001027204 22 0 0 22 0 0 0
EGAN00001027205 16 0 0 16 0 0 0
EGAN00001027212 12 0 0 12 0 0 0
EGAN00001027340 20 0 0 20 0 0 0
EGAN00001027395 23 0 0 23 0 0 0
EGAN00001027418 20 0 0 20 0 0 0
EGAN00001027453 30 0 0 30 0 0 0
EGAN00001027462 23 0 0 23 0 0 0
EGAN00001027463 22 0 0 22 0 0 0
EGAN00001027475 23 0 0 23 0 0 0
EGAN00001027505 13 0 0 13 0 0 0
EGAN00001027540 13 0 0 13 0 0 0
EGAN00001073920 24 0 0 24 0 0 0
EGAN00001073921 17 0 0 17 0 0 0
EGAN00001073922 25 0 0 25 0 0 0
EGAN00001074781 25 0 0 25 0 0 0
EGAN00001074834 25 0 0 24 0 1 0
EGAN00001074854 30 0 0 30 0 0 0
EGAN00001074864 22 0 0 22 0 0 0
EGAN00001074869 37 0 0 37 0 0 0
EGAN00001074873 21 0 0 21 0 0 0
EGAN00001074875 22 0 0 22 0 0 0
EGAN00001079317 24 0 0 24 0 0 0
EGAN00001079328 15 0 0 15 0 0 0
EGAN00001079401 19 0 0 19 0 0 0
EGAN00001079414 23 0 1 22 0 0 0
EGAN00001079479 24 0 0 24 0 0 0
EGAN00001079481 18 0 0 18 0 0 0
EGAN00001079505 13 0 0 13 0 0 0
EGAN00001079506 17 0 0 17 0 0 0
EGAN00001079561 16 0 0 16 0 0 0
EGAN00001079572 18 0 0 18 0 0 0
EGAN00001079662 28 0 0 28 0 0 0
EGAN00001079666 15 0 0 15 0 0 0
EGAN00001079696 19 0 0 19 0 0 0
EGAN00001079780 16 0 0 16 0 0 0
EGAN00001080216 21 0 0 21 0 0 0
EGAN00001080226 24 0 0 24 0 0 0
EGAN00001240157 18 0 1 17 0 0 0
EGAN00001240272 16 0 0 16 0 0 0
EGAN00001240612 9 0 0 9 0 0 0
EGAN00001240628 14 0 0 14 0 0 0
EGAN00001240764 21 0 0 21 0 0 0
EGAN00001240779 17 0 0 17 0 0 0
EGAN00001240905 22 0 0 22 0 0 0
EGAN00001241156 20 0 0 20 0 0 0
EGAN00001241214 17 0 0 17 0 0 0
EGAN00001241247 19 0 0 19 0 0 0
EGAN00001241334 18 0 0 18 0 0 0
EGAN00001241394 22 0 0 22 0 0 0
EGAN00001241506 15 0 0 14 0 1 0
EGAN00001241817 16 0 0 16 0 0 0
EGAN00001241861 28 0 0 28 0 0 0
EGAN00001241906 14 0 0 14 0 0 0
EGAN00001241963 24 0 0 24 0 0 0
EGAN00001241982 21 0 0 21 0 0 0
EGAN00001242082 15 0 0 15 0 0 0
EGAN00001242253 19 0 0 19 0 0 0
EGAN00001242280 18 0 0 18 0 0 0
EGAN00001242309 15 0 0 15 0 0 0
EGAN00001242516 15 0 0 15 0 0 0
EGAN00001242562 14 0 0 14 0 0 0
EGAN00001242628 27 0 0 27 0 0 0
EGAN00001242652 16 0 0 16 0 0 0
EGAN00001242720 23 0 0 23 0 0 0
EGAN00001242723 16 0 0 16 0 0 0
EGAN00001242952 15 0 0 15 0 0 0
EGAN00001243036 21 0 0 21 0 0 0
EGAN00001243053 24 0 0 24 0 0 0
EGAN00001243054 20 0 0 20 0 0 0
EGAN00001243109 12 0 0 12 0 0 0
EGAN00001243140 23 0 0 23 0 0 0
EGAN00001243144 18 0 0 18 0 0 0
EGAN00001243226 17 0 0 17 0 0 0
EGAN00001243294 14 0 0 14 0 0 0
EGAN00001243323 22 0 0 22 0 0 0
EGAN00001243343 18 0 0 18 0 0 0
EGAN00001243402 12 0 0 12 0 0 0
EGAN00001243503 16 0 0 16 0 0 0
EGAN00001243681 15 0 0 15 0 0 0
EGAN00001243731 21 0 0 21 0 0 0
EGAN00001243755 21 0 0 21 0 0 0
EGAN00001243780 13 0 0 13 0 0 0
EGAN00001243786 19 0 0 19 0 0 0
EGAN00001243946 16 0 0 16 0 0 0
EGAN00001244068 34 0 0 34 0 0 0
EGAN00001244108 21 0 0 21 0 0 0
EGAN00001244157 16 0 0 16 0 0 0
EGAN00001244308 22 0 0 22 0 0 0
EGAN00001244475 20 0 0 20 0 0 0
EGAN00001244572 14 0 0 14 0 0 0
EGAN00001244592 17 0 0 17 0 0 0
EGAN00001244659 15 0 0 15 0 0 0
EGAN00001244730 27 0 0 27 0 0 0
EGAN00001244763 20 0 0 20 0 0 0
EGAN00001244776 16 0 0 16 0 0 0
EGAN00001245103 28 0 0 28 0 0 0
EGAN00001245122 26 0 0 26 0 0 0
EGAN00001245134 24 0 0 23 0 0 1
EGAN00001245179 15 0 0 15 0 0 0
EGAN00001245323 21 0 0 21 0 0 0
EGAN00001245434 19 0 0 19 0 0 0
EGAN00001245840 13 0 0 13 0 0 0
EGAN00001246009 21 0 0 21 0 0 0
EGAN00001246021 9 0 0 9 0 0 0
EGAN00001246023 28 0 0 28 0 0 0
EGAN00001246063 20 0 0 19 0 1 0
EGAN00001246077 23 0 0 23 0 0 0
EGAN00001246246 15 0 0 15 0 0 0
EGAN00001246783 16 0 0 16 0 0 0
EGAN00001247049 16 0 0 16 0 0 0
EGAN00001247152 14 0 0 14 0 0 0
EGAN00001247246 14 0 0 14 0 0 0
EGAN00001247313 19 0 0 19 0 0 0
EGAN00001247500 13 0 0 13 0 0 0
EGAN00001247568 12 0 0 12 0 0 0
EGAN00001247658 18 0 0 18 0 0 0
EGAN00001247674 20 0 0 20 0 0 0
EGAN00001247681 12 0 0 12 0 0 0
EGAN00001267728 14 0 0 14 0 0 0
EGAN00001267991 18 0 0 18 0 0 0
EGAN00001277294 13 0 0 13 0 0 0
EGAN00001277295 26 0 0 26 0 0 0
EGAN00001385049 12 0 0 12 0 0 0
EGAN00001385050 15 0 0 15 0 0 0
EGAN00001385053 14 0 0 14 0 0 0
EGAN00001385060 29 0 0 29 0 0 0
EGAN00001385062 19 0 0 18 1 0 0
EGAN00001385083 17 0 0 16 0 0 1
EGAN00001385135 15 0 0 15 0 0 0
EGAN00001385146 24 0 0 24 0 0 0
EGAN00001385155 18 0 0 18 0 0 0
EGAN00001385160 14 0 0 14 0 0 0
EGAN00001385169 26 0 0 26 0 0 0
EGAN00001385173 18 0 0 18 0 0 0
EGAN00001385177 18 0 0 18 0 0 0
EGAN00001385180 14 0 0 14 0 0 0
EGAN00001385182 16 0 0 16 0 0 0
EGAN00001385184 21 0 0 21 0 0 0
EGAN00001385193 22 0 0 22 0 0 0
EGAN00001385212 20 0 0 20 0 0 0
EGAN00001385222 25 0 0 25 0 0 0
EGAN00001385223 23 0 0 23 0 0 0
EGAN00001385232 21 0 0 21 0 0 0
EGAN00001385237 18 0 0 18 0 0 0
EGAN00001385246 22 0 0 22 0 0 0
EGAN00001385268 23 0 0 23 0 0 0
EGAN00001385280 24 0 0 24 0 0 0
EGAN00001385284 23 0 0 23 0 0 0
EGAN00001385305 21 0 0 21 0 0 0
EGAN00001385313 26 0 0 26 0 0 0
EGAN00001385352 24 0 0 24 0 0 0
EGAN00001385361 25 0 0 25 0 0 0
EGAN00001385393 26 0 0 26 0 0 0
EGAN00001385395 23 0 0 23 0 0 0
EGAN00001385442 21 0 0 21 0 0 0
EGAN00001385443 19 0 0 19 0 0 0
EGAN00001385444 16 0 0 16 0 0 0
EGAN00001385447 12 0 0 12 0 0 0
EGAN00001385448 19 0 0 19 0 0 0
EGAN00001385449 23 0 0 23 0 0 0
EGAN00001385467 18 0 0 18 0 0 0
EGAN00001385469 21 0 0 21 0 0 0
EGAN00001385479 19 0 0 19 0 0 0
EGAN00001385496 24 0 0 24 0 0 0
EGAN00001385516 17 0 0 17 0 0 0
EGAN00001385522 18 0 0 18 0 0 0
EGAN00001385535 22 0 0 22 0 0 0
EGAN00001385539 19 0 0 19 0 0 0
EGAN00001385550 14 0 0 14 0 0 0
EGAN00001385578 22 0 0 22 0 0 0
EGAN00001385611 12 0 0 12 0 0 0
EGAN00001385616 14 0 0 14 0 0 0
EGAN00001385617 14 0 0 14 0 0 0
EGAN00001385627 13 0 0 13 0 0 0
EGAN00001385651 26 0 0 26 0 0 0
EGAN00001385655 12 0 0 12 0 0 0
EGAN00001385657 16 0 0 16 0 0 0
EGAN00001385673 21 0 0 21 0 0 0
EGAN00001385678 12 0 0 12 0 0 0
EGAN00001385688 17 0 0 17 0 0 0
EGAN00001385695 14 0 0 14 0 0 0
EGAN00001385699 15 0 0 15 0 0 0
EGAN00001385709 15 0 0 15 0 0 0
EGAN00001385738 23 0 0 22 1 0 0
EGAN00001385744 23 0 0 23 0 0 0
EGAN00001385746 15 0 0 15 0 0 0
EGAN00001385749 25 0 0 25 0 0 0
EGAN00001385752 22 0 0 22 0 0 0
EGAN00001385756 18 0 0 18 0 0 0
EGAN00001385760 15 0 0 15 0 0 0
EGAN00001385768 18 0 0 18 0 0 0
EGAN00001403187 21 0 0 21 0 0 0
EGAN00001403699 16 0 0 16 0 0 0
EGAN00001403701 13 0 0 13 0 0 0
EGAN00001403713 17 0 0 17 0 0 0
EGAN00001403722 12 0 0 12 0 0 0
EGAN00001403725 17 0 0 17 0 0 0
EGAN00001403739 18 0 0 18 0 0 0
EGAN00001403743 18 0 0 18 0 0 0
EGAN00001403756 13 0 0 13 0 0 0
EGAN00001403757 16 0 0 16 0 0 0
EGAN00001403763 22 0 0 22 0 0 0
EGAN00001403785 28 0 0 28 0 0 0
EGAN00001403786 23 0 0 23 0 0 0
EGAN00001403795 19 0 0 19 0 0 0
EGAN00001403805 12 0 0 12 0 0 0
EGAN00001403812 18 0 0 18 0 0 0
EGAN00001403819 16 0 0 16 0 0 0
EGAN00001403823 21 0 0 21 0 0 0
EGAN00001403825 27 0 0 27 0 0 0
EGAN00001403838 15 0 0 15 0 0 0
EGAN00001403845 16 0 0 16 0 0 0
EGAN00001403870 24 0 0 24 0 0 0
EGAN00001403873 21 0 0 21 0 0 0
EGAN00001403874 22 0 0 22 0 0 0
EGAN00001403892 24 0 0 24 0 0 0
EGAN00001403903 13 0 0 13 0 0 0
EGAN00001403909 26 0 0 26 0 0 0
EGAN00001403920 27 0 0 27 0 0 0
EGAN00001403930 10 0 0 10 0 0 0
EGAN00001403933 17 0 0 17 0 0 0
EGAN00001403939 14 0 0 14 0 0 0
EGAN00001403943 16 0 0 16 0 0 0
EGAN00001403953 35 0 0 35 0 0 0
EGAN00001403963 21 0 0 21 0 0 0
EGAN00001403980 20 0 0 20 0 0 0
EGAN00001403981 19 0 0 19 0 0 0
EGAN00001403994 20 0 0 20 0 0 0
EGAN00001404034 10 0 0 10 0 0 0
EGAN00001404044 20 0 0 20 0 0 0
EGAN00001404050 21 0 0 21 0 0 0
EGAN00001404075 18 0 0 18 0 0 0
EGAN00001404090 18 0 0 17 1 0 0
EGAN00001404108 19 0 0 19 0 0 0
EGAN00001404119 35 0 0 35 0 0 0
EGAN00001404147 16 0 0 16 0 0 0
EGAN00001404151 18 0 0 18 0 0 0
EGAN00001404154 13 0 0 13 0 0 0
EGAN00001404484 11 0 0 11 0 0 0
EGAN00001439009 24 0 0 24 0 0 0
EGAN00001439015 18 0 0 18 0 0 0
EGAN00001439114 13 0 0 13 0 0 0
EGAN00001439126 12 0 0 12 0 0 0
EGAN00001439127 28 0 0 28 0 0 0
EGAN00001439130 21 0 1 20 0 0 0
EGAN00001439141 23 0 0 23 0 0 0
EGAN00001439154 14 0 0 14 0 0 0
EGAN00001439168 22 0 0 22 0 0 0
EGAN00001439176 19 0 1 18 0 0 0
EGAN00001439191 24 0 1 23 0 0 0
EGAN00001439204 16 0 0 16 0 0 0
EGAN00001439205 24 0 0 24 0 0 0
EGAN00001439214 18 0 0 18 0 0 0
EGAN00001439216 18 0 0 18 0 0 0
EGAN00001439223 20 0 0 20 0 0 0
EGAN00001439229 21 0 0 21 0 0 0
EGAN00001439230 9 0 0 9 0 0 0
EGAN00001439797 30 0 0 30 0 0 0
EGAN00001440377 17 0 0 17 0 0 0
EGAN00001440389 17 0 1 16 0 0 0
EGAN00001440396 32 0 0 32 0 0 0
EGAN00001440398 6 0 0 6 0 0 0
EGAN00001440407 14 0 0 14 0 0 0
EGAN00001440429 27 0 0 27 0 0 0
EGAN00001440468 18 0 0 18 0 0 0
EGAN00001440476 14 0 0 14 0 0 0
EGAN00001440495 15 0 0 15 0 0 0
EGAN00001440500 28 0 0 28 0 0 0
EGAN00001440514 19 0 0 19 0 0 0
EGAN00001440523 12 0 0 12 0 0 0
EGAN00001440524 30 0 0 30 0 0 0
EGAN00001440539 29 0 0 29 0 0 0
EGAN00001440542 19 0 0 19 0 0 0
EGAN00001440566 22 0 0 22 0 0 0
EGAN00001440641 24 0 0 23 1 0 0
EGAN00001440710 12 0 0 12 0 0 0
EGAN00001440723 20 0 0 20 0 0 0
EGAN00001442167 19 0 0 19 0 0 0
EGAN00001442174 19 0 1 18 0 0 0
EGAN00001442203 20 0 0 20 0 0 0
EGAN00001442204 28 0 0 28 0 0 0
EGAN00001442210 22 0 0 22 0 0 0
EGAN00001442231 15 0 0 15 0 0 0
EGAN00001442238 12 0 0 12 0 0 0
EGAN00001442436 12 0 0 12 0 0 0
EGAN00001442449 31 0 0 31 0 0 0
EGAN00001442458 15 0 0 15 0 0 0
EGAN00001442474 8 0 0 8 0 0 0
EGAN00001442489 15 0 0 15 0 0 0
EGAN00001443772 29 0 0 29 0 0 0
EGAN00001444312 18 0 0 18 0 0 0
EGAN00001444317 12 0 0 12 0 0 0
EGAN00001444318 20 0 0 20 0 0 0
EGAN00001444415 24 0 0 24 0 0 0
EGAN00001444475 25 0 0 25 0 0 0
EGAN00001444482 11 0 0 11 0 0 0
EGAN00001444841 15 0 0 15 0 0 0
EGAN00001444984 17 0 0 17 0 0 0
EGAN00001445004 24 0 0 24 0 0 0
EGAN00001445013 12 0 0 12 0 0 0
EGAN00001445033 24 0 0 24 0 0 0
EGAN00001445043 26 0 0 26 0 0 0
EGAN00001445071 31 0 0 30 1 0 0
EGAN00001445077 15 0 0 15 0 0 0
EGAN00001445079 33 0 0 33 0 0 0
EGAN00001445081 24 0 0 24 0 0 0
EGAN00001445085 21 0 0 21 0 0 0
EGAN00001445454 21 0 0 21 0 0 0
EGAN00001445456 29 0 0 29 0 0 0
EGAN00001445463 25 0 0 25 0 0 0
EGAN00001445494 13 0 0 13 0 0 0
EGAN00001445507 8 0 0 8 0 0 0
EGAN00001445512 10 0 0 10 0 0 0
EGAN00001445521 13 0 0 13 0 0 0
EGAN00001445525 21 0 0 21 0 0 0
EGAN00001446662 16 0 0 16 0 0 0
EGAN00001446688 21 0 0 21 0 0 0
EGAN00001446689 15 0 0 15 0 0 0
EGAN00001446697 16 0 0 16 0 0 0
EGAN00001486675 31 0 0 31 0 0 0
EGAN00001486681 11 0 0 11 0 0 0
EGAN00001486687 14 0 0 14 0 0 0
EGAN00001559552 13 0 0 12 1 0 0
EGAN00001559573 20 0 0 19 0 0 1
EGAN00001559631 14 0 0 14 0 0 0
EGAN00001559637 14 0 0 14 0 0 0
EGAN00001559644 20 0 0 20 0 0 0
EGAN00001559648 21 0 0 21 0 0 0
EGAN00001559656 7 0 0 7 0 0 0
EGAN00001559663 21 0 0 21 0 0 0
EGAN00001559670 21 0 1 20 0 0 0
EGAN00001559678 17 0 0 17 0 0 0
EGAN00001559693 19 0 0 19 0 0 0
EGAN00001559701 14 0 0 14 0 0 0
EGAN00001559716 19 0 0 19 0 0 0
EGAN00001559739 23 0 0 23 0 0 0
EGAN00001559761 21 0 0 21 0 0 0
EGAN00001559766 17 0 0 16 1 0 0
EGAN00001559774 23 0 0 23 0 0 0
EGAN00001559782 11 0 0 11 0 0 0
EGAN00001559799 24 0 0 24 0 0 0
EGAN00001559808 19 0 0 19 0 0 0
EGAN00001559814 21 0 0 21 0 0 0
EGAN00001559826 36 0 1 35 0 0 0
EGAN00001559843 20 0 0 20 0 0 0
EGAN00001559849 16 0 0 16 0 0 0
EGAN00001559881 18 0 0 18 0 0 0
EGAN00001559902 20 0 0 20 0 0 0
EGAN00001559926 27 0 0 27 0 0 0
EGAN00001559933 18 0 0 18 0 0 0
EGAN00001559939 19 0 0 19 0 0 0
EGAN00001559962 20 0 0 20 0 0 0
EGAN00001559967 28 0 0 28 0 0 0
EGAN00001559995 16 0 0 16 0 0 0
EGAN00001560016 20 0 0 20 0 0 0
EGAN00001560034 21 0 0 21 0 0 0
EGAN00001560035 23 0 0 23 0 0 0
EGAN00001560050 13 0 0 13 0 0 0
EGAN00001560052 10 0 0 10 0 0 0
EGAN00001560068 27 0 0 27 0 0 0
EGAN00001560084 21 0 0 21 0 0 0
EGAN00001560085 12 0 0 12 0 0 0
EGAN00001560090 22 0 0 21 1 0 0
EGAN00001560096 25 0 0 25 0 0 0
EGAN00001560098 24 0 0 24 0 0 0
EGAN00001560124 20 0 0 20 0 0 0
EGAN00001560145 15 0 0 15 0 0 0
EGAN00001560153 21 0 0 21 0 0 0
EGAN00001560162 18 0 0 18 0 0 0
EGAN00001560183 11 0 0 11 0 0 0
EGAN00001560192 26 0 0 26 0 0 0
EGAN00001560207 19 0 0 19 0 0 0
EGAN00001560214 12 0 0 12 0 0 0
EGAN00001560218 17 0 0 17 0 0 0
EGAN00001560231 18 0 0 18 0 0 0
EGAN00001560243 26 0 0 26 0 0 0
EGAN00001560269 17 0 0 17 0 0 0
EGAN00001560308 19 0 0 19 0 0 0
EGAN00001560313 19 0 0 19 0 0 0
EGAN00001560314 8 0 0 8 0 0 0
EGAN00001560320 20 0 0 20 0 0 0
EGAN00001560322 16 0 0 16 0 0 0
EGAN00001560332 24 0 0 24 0 0 0
EGAN00001560346 24 0 0 24 0 0 0
EGAN00001560356 29 0 0 29 0 0 0
EGAN00001560362 14 0 0 14 0 0 0
EGAN00001560370 17 0 0 17 0 0 0
EGAN00001560386 25 0 0 25 0 0 0
EGAN00001560396 20 0 0 20 0 0 0
EGAN00001560410 21 0 0 21 0 0 0
EGAN00001560418 19 0 0 19 0 0 0
EGAN00001560424 27 0 0 27 0 0 0
EGAN00001560448 18 0 0 18 0 0 0
EGAN00001560453 15 0 0 15 0 0 0
EGAN00001560464 30 0 0 30 0 0 0
EGAN00001560478 19 0 0 19 0 0 0
EGAN00001560485 14 0 0 14 0 0 0
EGAN00001560513 19 0 0 19 0 0 0
EGAN00001560515 33 0 0 33 0 0 0
EGAN00001560516 17 0 0 17 0 0 0
EGAN00001560524 17 0 0 17 0 0 0
EGAN00001560527 25 0 0 25 0 0 0
EGAN00001560540 15 0 0 15 0 0 0
EGAN00001560547 14 0 0 14 0 0 0
EGAN00001560549 18 0 0 18 0 0 0
EGAN00001560559 22 0 0 21 0 1 0
EGAN00001560583 8 0 0 8 0 0 0
EGAN00001560592 21 0 0 21 0 0 0
EGAN00001560595 11 0 0 11 0 0 0
EGAN00001560606 21 0 0 21 0 0 0
EGAN00001560609 10 0 0 10 0 0 0
EGAN00001560616 27 0 0 27 0 0 0
EGAN00001560633 14 0 0 14 0 0 0
EGAN00001560665 21 0 0 21 0 0 0
EGAN00001560675 19 0 0 19 0 0 0
EGAN00001560686 17 0 0 16 0 1 0
EGAN00001560693 12 0 0 12 0 0 0
EGAN00001560695 17 0 0 17 0 0 0
EGAN00001560708 23 0 0 23 0 0 0
EGAN00001560710 17 0 0 17 0 0 0
EGAN00001560737 24 0 0 24 0 0 0
EGAN00001560738 11 0 0 11 0 0 0
EGAN00001560739 12 0 0 12 0 0 0
EGAN00001560761 18 0 0 18 0 0 0
EGAN00001560769 24 0 0 24 0 0 0
EGAN00001560786 24 0 0 24 0 0 0
EGAN00001560788 24 0 0 24 0 0 0
EGAN00001560813 11 0 0 11 0 0 0
EGAN00001560820 18 0 0 18 0 0 0
EGAN00001560821 21 0 0 21 0 0 0
EGAN00001560824 24 0 0 24 0 0 0
EGAN00001560853 16 0 0 16 0 0 0
EGAN00001560869 13 0 0 13 0 0 0
EGAN00001560889 17 0 0 17 0 0 0
EGAN00001560906 17 0 0 17 0 0 0
EGAN00001560912 17 0 0 17 0 0 0
EGAN00001560929 22 0 0 22 0 0 0
EGAN00001560938 20 0 0 20 0 0 0
EGAN00001560951 26 0 0 26 0 0 0
EGAN00001560966 13 0 0 13 0 0 0
EGAN00001560974 18 0 0 18 0 0 0
EGAN00001560985 19 0 0 19 0 0 0
EGAN00001560994 18 0 0 18 0 0 0
EGAN00001560995 35 0 0 35 0 0 0
EGAN00001561020 24 0 0 24 0 0 0
EGAN00001561055 14 0 0 14 0 0 0
EGAN00001561079 27 0 0 27 0 0 0
EGAN00001561085 19 0 0 19 0 0 0
EGAN00001561103 21 0 0 21 0 0 0
EGAN00001561148 24 0 0 24 0 0 0
EGAN00001561154 20 0 1 19 0 0 0
EGAN00001561172 20 0 0 20 0 0 0
EGAN00001561199 11 0 0 10 0 1 0
EGAN00001561200 25 0 0 25 0 0 0
EGAN00001561201 14 0 0 14 0 0 0
EGAN00001561206 23 0 0 23 0 0 0
EGAN00001561221 31 0 0 31 0 0 0
EGAN00001561231 21 0 0 21 0 0 0
EGAN00001561234 12 0 0 12 0 0 0
EGAN00001561251 14 0 0 14 0 0 0
EGAN00001561252 12 0 0 12 0 0 0
EGAN00001561280 16 0 0 16 0 0 0
EGAN00001561296 22 0 0 22 0 0 0
EGAN00001561299 18 0 0 18 0 0 0
EGAN00001561303 17 0 0 17 0 0 0
EGAN00001561312 18 0 0 18 0 0 0
EGAN00001561373 18 0 0 18 0 0 0
EGAN00001561380 14 0 0 14 0 0 0
EGAN00001561393 23 0 0 23 0 0 0
EGAN00001561406 15 0 0 15 0 0 0
EGAN00001561412 25 0 0 25 0 0 0
EGAN00001561414 14 0 0 14 0 0 0
EGAN00001561425 18 0 0 18 0 0 0
EGAN00001561431 19 0 0 19 0 0 0
EGAN00001561442 8 0 0 8 0 0 0
EGAN00001561448 16 0 0 16 0 0 0
EGAN00001561453 27 0 0 27 0 0 0
EGAN00001561456 12 0 0 12 0 0 0
EGAN00001561458 16 0 0 16 0 0 0
EGAN00001561467 19 0 0 19 0 0 0
EGAN00001561476 22 0 0 22 0 0 0
EGAN00001561503 17 0 0 17 0 0 0
EGAN00001561508 21 0 0 21 0 0 0
EGAN00001561510 17 0 0 17 0 0 0
EGAN00001561542 22 0 0 22 0 0 0
EGAN00001561554 25 0 0 25 0 0 0
EGAN00001569013 14 0 0 14 0 0 0
EGAN00001572904 16 0 0 16 0 0 0
EGAN00001572939 19 0 0 19 0 0 0
EGAN00001575966 27 0 0 27 0 0 0
EGAN00001575982 14 0 0 14 0 0 0
EGAN00001576013 21 0 0 21 0 0 0
EGAN00001576017 26 0 0 26 0 0 0
EGAN00001576033 25 0 0 25 0 0 0
EGAN00001576040 22 0 0 22 0 0 0
EGAN00001576047 14 0 0 14 0 0 0
EGAN00001576056 12 0 0 12 0 0 0
EGAN00001576064 13 0 0 13 0 0 0
EGAN00001576068 24 0 0 24 0 0 0
EGAN00001576070 47 0 0 47 0 0 0
EGAN00001576074 25 0 0 25 0 0 0
EGAN00001576094 16 0 0 16 0 0 0
EGAN00001576100 16 0 0 16 0 0 0
EGAN00001576104 26 0 0 26 0 0 0
EGAN00001576114 19 0 0 19 0 0 0
EGAN00001576126 19 0 0 19 0 0 0
EGAN00001576168 14 0 0 14 0 0 0
EGAN00001576188 21 0 0 21 0 0 0
EGAN00001576205 20 0 0 20 0 0 0
EGAN00001576216 20 0 0 20 0 0 0
EGAN00001576226 18 0 0 18 0 0 0
EGAN00001576240 14 0 0 14 0 0 0
EGAN00001576245 22 0 0 22 0 0 0
EGAN00001576247 18 0 0 18 0 0 0
EGAN00001576249 25 0 0 25 0 0 0
EGAN00001576253 23 0 0 23 0 0 0
EGAN00001576258 12 0 0 12 0 0 0
EGAN00001576264 18 0 0 18 0 0 0
EGAN00001576272 19 0 0 19 0 0 0
EGAN00001576273 15 0 0 15 0 0 0
EGAN00001576277 24 0 0 24 0 0 0
EGAN00001576296 16 0 0 16 0 0 0
EGAN00001576314 16 0 0 16 0 0 0
EGAN00001576321 22 0 0 22 0 0 0
EGAN00001576324 24 0 0 24 0 0 0
EGAN00001576334 30 0 0 30 0 0 0
EGAN00001576367 22 0 0 22 0 0 0
EGAN00001576379 16 0 0 16 0 0 0
EGAN00001576393 23 0 0 23 0 0 0
EGAN00001576415 27 0 0 27 0 0 0
EGAN00001576428 25 0 0 25 0 0 0
EGAN00001576431 19 0 0 18 1 0 0
EGAN00001576439 15 0 0 15 0 0 0
EGAN00001576442 18 0 0 18 0 0 0
EGAN00001576452 13 0 0 13 0 0 0
EGAN00001576459 20 0 0 20 0 0 0
EGAN00001576482 24 0 0 24 0 0 0
EGAN00001576490 17 0 0 17 0 0 0
EGAN00001576502 32 0 0 32 0 0 0
EGAN00001576514 23 0 0 23 0 0 0
EGAN00001576515 26 0 0 26 0 0 0
EGAN00001576553 24 0 0 24 0 0 0
EGAN00001576555 17 0 0 17 0 0 0
EGAN00001576558 9 0 0 9 0 0 0
EGAN00001576566 23 0 0 23 0 0 0
EGAN00001576575 27 0 0 26 1 0 0
EGAN00001576611 19 0 0 19 0 0 0
EGAN00001576639 13 0 0 13 0 0 0
EGAN00001576651 26 0 0 26 0 0 0
EGAN00001576682 22 0 0 22 0 0 0
EGAN00001576692 18 0 0 18 0 0 0
EGAN00001576705 12 0 0 12 0 0 0
EGAN00001576718 24 0 0 24 0 0 0
EGAN00001579169 18 0 0 18 0 0 0
EGAN00001579171 15 0 0 15 0 0 0
EGAN00001583153 19 0 0 19 0 0 0
EGAN00001583162 23 0 0 23 0 0 0
EGAN00001583163 12 0 0 12 0 0 0
EGAN00001583178 19 0 0 19 0 0 0
EGAN00001583180 26 0 0 26 0 0 0
EGAN00001583181 16 0 0 16 0 0 0
EGAN00001583193 18 0 0 18 0 0 0
EGAN00001583197 24 0 0 24 0 0 0
EGAN00001583205 13 0 0 13 0 0 0
EGAN00001583212 16 0 0 16 0 0 0
EGAN00001583219 21 0 0 21 0 0 0
EGAN00001583224 16 0 0 16 0 0 0
EGAN00001583226 27 0 0 27 0 0 0
EGAN00001583243 24 0 0 24 0 0 0
EGAN00001583244 20 0 0 20 0 0 0
EGAN00001583254 19 0 0 19 0 0 0
EGAN00001583261 20 0 0 20 0 0 0
EGAN00001583263 13 0 0 13 0 0 0
EGAN00001583265 16 0 0 16 0 0 0
EGAN00001583284 15 0 0 15 0 0 0
EGAN00001583286 19 0 0 19 0 0 0
EGAN00001583301 25 0 0 25 0 0 0
EGAN00001583306 13 0 0 13 0 0 0
EGAN00001583343 22 0 0 22 0 0 0
EGAN00001583345 18 0 0 18 0 0 0
EGAN00001583356 18 0 0 18 0 0 0
EGAN00001583369 16 0 0 16 0 0 0
EGAN00001583385 13 0 0 13 0 0 0
EGAN00001583389 20 0 0 20 0 0 0
EGAN00001583391 19 0 0 19 0 0 0
EGAN00001583392 21 0 0 21 0 0 0
EGAN00001583412 21 0 0 21 0 0 0
EGAN00001583457 13 0 0 13 0 0 0
EGAN00001583470 17 0 0 17 0 0 0
EGAN00001583494 12 0 0 12 0 0 0
EGAN00001583512 15 0 0 15 0 0 0
EGAN00001583541 23 0 0 23 0 0 0
EGAN00001583549 17 0 0 16 0 1 0
EGAN00001583560 9 0 0 9 0 0 0
EGAN00001583568 16 0 0 16 0 0 0
EGAN00001583572 25 0 0 25 0 0 0
EGAN00001583582 17 0 0 17 0 0 0
EGAN00001583601 26 0 0 26 0 0 0
EGAN00001583605 22 0 0 22 0 0 0
EGAN00001583609 17 0 0 17 0 0 0
EGAN00001583611 13 0 0 13 0 0 0
EGAN00001583640 20 0 0 20 0 0 0
EGAN00001583651 19 0 0 19 0 0 0
EGAN00001583686 17 0 0 17 0 0 0
EGAN00001583692 22 0 0 22 0 0 0
EGAN00001583724 16 0 0 16 0 0 0
EGAN00001583742 14 0 0 14 0 0 0
EGAN00001583765 21 0 0 21 0 0 0
EGAN00001583766 17 0 0 17 0 0 0
EGAN00001583772 15 0 0 15 0 0 0
EGAN00001583814 15 0 0 15 0 0 0
EGAN00001583825 16 0 0 16 0 0 0
EGAN00001583828 24 0 0 24 0 0 0
EGAN00001583831 22 0 0 22 0 0 0
EGAN00001583841 16 0 0 16 0 0 0
EGAN00001583853 10 0 0 10 0 0 0
EGAN00001583858 15 0 0 15 0 0 0
EGAN00001583868 14 0 0 14 0 0 0
EGAN00001583899 19 0 0 19 0 0 0
EGAN00001583921 15 0 0 15 0 0 0
EGAN00001583924 17 0 0 17 0 0 0
EGAN00001583925 22 0 0 22 0 0 0
EGAN00001583933 19 0 0 19 0 0 0
EGAN00001584036 23 0 0 23 0 0 0
EGAN00001584047 20 0 0 20 0 0 0
EGAN00001584049 19 0 0 19 0 0 0
EGAN00001584057 17 0 0 17 0 0 0
EGAN00001584062 17 0 0 17 0 0 0
EGAN00001584081 15 0 0 15 0 0 0
EGAN00001584088 19 0 0 19 0 0 0
EGAN00001584090 15 0 0 15 0 0 0
EGAN00001584093 18 0 0 18 0 0 0
EGAN00001584094 25 0 0 25 0 0 0
EGAN00001584105 20 0 0 20 0 0 0
EGAN00001584106 20 0 0 20 0 0 0
EGAN00001584115 25 0 0 25 0 0 0
EGAN00001584121 17 0 0 17 0 0 0
EGAN00001584137 23 0 0 23 0 0 0
EGAN00001584139 17 0 0 17 0 0 0
EGAN00001584140 23 0 0 23 0 0 0
EGAN00001584144 17 0 0 17 0 0 0
EGAN00001584198 18 0 0 18 0 0 0
EGAN00001584205 23 0 0 23 0 0 0
EGAN00001584210 18 0 0 18 0 0 0
EGAN00001584212 16 0 0 16 0 0 0
EGAN00001584219 26 0 0 26 0 0 0
EGAN00001584226 16 0 0 16 0 0 0
EGAN00001584245 17 0 0 17 0 0 0
EGAN00001584254 15 0 0 15 0 0 0
EGAN00001584279 17 0 0 17 0 0 0
EGAN00001584280 14 0 0 14 0 0 0
EGAN00001584292 15 0 0 15 0 0 0
EGAN00001584299 18 0 0 18 0 0 0
EGAN00001584334 13 0 0 13 0 0 0
EGAN00001584348 22 0 0 22 0 0 0
EGAN00001584355 9 0 0 9 0 0 0
EGAN00001584367 25 0 0 25 0 0 0
EGAN00001584368 21 0 0 21 0 0 0
EGAN00001584369 13 0 0 13 0 0 0
EGAN00001584374 20 0 0 20 0 0 0
EGAN00001584384 23 0 0 23 0 0 0
EGAN00001584389 19 0 0 19 0 0 0
EGAN00001584393 19 0 0 19 0 0 0
EGAN00001584404 27 0 0 27 0 0 0
EGAN00001584410 15 0 0 15 0 0 0
EGAN00001584419 11 0 0 11 0 0 0
EGAN00001584421 19 0 0 19 0 0 0
EGAN00001584426 16 0 0 16 0 0 0
EGAN00001584447 19 0 0 19 0 0 0
EGAN00001584469 21 0 0 21 0 0 0
EGAN00001584470 17 0 0 17 0 0 0
EGAN00001584475 18 0 0 18 0 0 0
EGAN00001584497 18 0 0 18 0 0 0
EGAN00001584525 18 0 0 18 0 0 0
EGAN00001584530 20 0 0 20 0 0 0
EGAN00001584531 13 0 0 13 0 0 0
EGAN00001584562 24 0 0 24 0 0 0
EGAN00001584578 20 0 0 20 0 0 0
EGAN00001584585 16 0 0 16 0 0 0
EGAN00001584587 13 0 0 13 0 0 0
EGAN00001584590 16 0 0 16 0 0 0
EGAN00001584594 26 0 0 26 0 0 0
EGAN00001584621 16 0 0 16 0 0 0
EGAN00001584662 23 0 0 23 0 0 0
EGAN00001584670 15 0 0 15 0 0 0
EGAN00001584681 23 0 0 23 0 0 0
EGAN00001584682 17 0 0 17 0 0 0
EGAN00001584686 13 0 0 13 0 0 0
EGAN00001584695 16 0 1 15 0 0 0
EGAN00001584701 20 0 0 20 0 0 0
EGAN00001584748 17 0 0 17 0 0 0
EGAN00001584752 9 0 0 9 0 0 0
EGAN00001584770 16 0 0 15 0 1 0
EGAN00001584776 20 0 0 20 0 0 0
EGAN00001584789 16 0 0 16 0 0 0
EGAN00001584799 20 0 0 20 0 0 0
EGAN00001584807 16 0 0 16 0 0 0
EGAN00001584818 18 0 0 18 0 0 0
EGAN00001584827 22 0 0 22 0 0 0
EGAN00001584831 26 0 0 26 0 0 0
EGAN00001584844 14 0 0 14 0 0 0
EGAN00001584856 13 0 0 13 0 0 0
EGAN00001584876 17 0 0 17 0 0 0
EGAN00001584878 14 0 0 14 0 0 0
EGAN00001584887 21 0 0 21 0 0 0
EGAN00001584890 13 0 0 13 0 0 0
EGAN00001584902 14 0 0 14 0 0 0
EGAN00001584908 17 0 0 17 0 0 0
EGAN00001584924 18 0 0 18 0 0 0
EGAN00001584927 20 0 0 20 0 0 0
EGAN00001584940 12 0 0 12 0 0 0
EGAN00001584952 14 0 0 14 0 0 0
EGAN00001584966 21 0 0 21 0 0 0
EGAN00001584970 12 0 0 12 0 0 0
EGAN00001584972 17 0 0 17 0 0 0
EGAN00001585037 18 0 0 18 0 0 0
EGAN00001585049 16 0 0 16 0 0 0
EGAN00001585062 20 0 0 20 0 0 0
EGAN00001585083 20 0 0 20 0 0 0
EGAN00001585105 22 0 0 22 0 0 0
EGAN00001585131 21 0 0 21 0 0 0
EGAN00001585136 21 0 0 21 0 0 0
EGAN00001585163 25 0 0 25 0 0 0
EGAN00001585167 19 0 0 19 0 0 0
EGAN00001585175 22 0 0 22 0 0 0
EGAN00001585178 11 0 0 11 0 0 0
EGAN00001585191 12 0 0 12 0 0 0
EGAN00001585193 24 0 0 24 0 0 0
EGAN00001585195 14 0 0 14 0 0 0
EGAN00001585197 18 0 0 18 0 0 0
EGAN00001585198 14 0 0 14 0 0 0
EGAN00001585202 22 0 0 22 0 0 0
EGAN00001585228 19 0 0 19 0 0 0
EGAN00001585231 25 0 0 25 0 0 0
EGAN00001585239 19 0 0 19 0 0 0
EGAN00001585244 19 0 0 19 0 0 0
EGAN00001585262 20 0 0 20 0 0 0
EGAN00001585265 24 0 0 24 0 0 0
EGAN00001585280 20 0 0 20 0 0 0
EGAN00001585318 24 0 0 24 0 0 0
EGAN00001585319 23 0 0 23 0 0 0
EGAN00001585322 14 0 0 14 0 0 0
EGAN00001585328 20 0 0 20 0 0 0
EGAN00001585331 14 0 0 14 0 0 0
EGAN00001585337 19 0 0 19 0 0 0
EGAN00001585349 20 0 0 20 0 0 0
EGAN00001585350 18 0 0 18 0 0 0
EGAN00001585368 11 0 0 11 0 0 0
EGAN00001585387 16 0 0 16 0 0 0
EGAN00001585388 17 0 0 17 0 0 0
EGAN00001585391 18 0 0 18 0 0 0
EGAN00001585393 13 0 0 13 0 0 0
EGAN00001585404 21 0 0 21 0 0 0
EGAN00001585423 18 0 0 18 0 0 0
EGAN00001585439 14 0 0 14 0 0 0
EGAN00001585440 10 0 0 10 0 0 0
EGAN00001585449 14 0 0 14 0 0 0
EGAN00001585462 17 0 0 17 0 0 0
EGAN00001585473 26 0 0 26 0 0 0
EGAN00001585477 20 0 0 20 0 0 0
EGAN00001585491 14 0 0 14 0 0 0
EGAN00001585505 19 0 0 19 0 0 0
EGAN00001585506 19 0 0 19 0 0 0
EGAN00001585507 19 0 0 19 0 0 0
EGAN00001585518 16 0 0 16 0 0 0
EGAN00001585529 23 0 0 23 0 0 0
EGAN00001585530 17 0 0 17 0 0 0
EGAN00001585536 18 0 0 18 0 0 0
EGAN00001585557 18 0 0 18 0 0 0
EGAN00001585560 19 0 0 19 0 0 0
EGAN00001585569 11 0 0 11 0 0 0
EGAN00001585604 13 0 0 13 0 0 0
EGAN00001585621 18 0 0 18 0 0 0
EGAN00001585625 25 0 0 25 0 0 0
EGAN00001585628 19 0 0 18 0 1 0
EGAN00001585629 10 0 0 10 0 0 0
EGAN00001585639 17 0 0 17 0 0 0
EGAN00001585649 19 0 0 19 0 0 0
EGAN00001585650 24 0 0 24 0 0 0
EGAN00001585657 21 0 0 21 0 0 0
EGAN00001585676 20 0 0 20 0 0 0
EGAN00001585681 24 0 0 24 0 0 0
EGAN00001585693 17 0 0 17 0 0 0
EGAN00001585705 19 0 0 19 0 0 0
EGAN00001585726 27 0 0 27 0 0 0
EGAN00001585735 15 0 0 15 0 0 0
EGAN00001585751 14 0 0 14 0 0 0
EGAN00001585755 26 0 1 25 0 0 0
EGAN00001585773 12 0 0 12 0 0 0
EGAN00001585802 14 0 0 14 0 0 0
EGAN00001585821 18 0 0 18 0 0 0
EGAN00001585822 17 0 0 17 0 0 0
EGAN00001585840 18 0 0 18 0 0 0
EGAN00001585842 19 0 0 19 0 0 0
EGAN00001585849 13 0 0 13 0 0 0
EGAN00001585852 27 0 0 27 0 0 0
EGAN00001585857 16 0 0 16 0 0 0
EGAN00001585870 27 0 0 27 0 0 0
EGAN00001585871 19 0 0 19 0 0 0
EGAN00001585884 28 0 0 28 0 0 0
EGAN00001585910 28 0 0 28 0 0 0
EGAN00001585946 21 0 0 21 0 0 0
EGAN00001585953 13 0 0 13 0 0 0
EGAN00001585980 26 0 0 26 0 0 0
EGAN00001585989 21 0 0 21 0 0 0
EGAN00001586004 19 0 0 19 0 0 0
EGAN00001586011 21 0 0 21 0 0 0
EGAN00001586036 17 0 0 17 0 0 0
EGAN00001586045 19 0 0 19 0 0 0
EGAN00001586049 14 0 0 14 0 0 0
EGAN00001586050 18 0 0 18 0 0 0
EGAN00001586055 31 0 1 30 0 0 0
EGAN00001586060 18 0 0 18 0 0 0
EGAN00001586066 15 0 0 15 0 0 0
EGAN00001586069 18 0 0 18 0 0 0
EGAN00001586081 25 0 0 25 0 0 0
EGAN00001586083 23 0 0 23 0 0 0
EGAN00001586104 21 0 0 21 0 0 0
EGAN00001586112 23 0 0 23 0 0 0
EGAN00001586117 23 0 0 22 1 0 0
EGAN00001586125 20 0 0 20 0 0 0
EGAN00001586148 15 0 0 15 0 0 0
EGAN00001586165 19 0 0 19 0 0 0
EGAN00001586175 21 0 0 21 0 0 0
EGAN00001586181 21 0 0 21 0 0 0
EGAN00001586191 18 0 0 17 1 0 0
EGAN00001586205 19 0 0 19 0 0 0
EGAN00001586206 25 0 0 25 0 0 0
EGAN00001599246 10 0 0 10 0 0 0
EGAN00001599251 14 0 0 14 0 0 0
EGAN00001599261 21 0 0 21 0 0 0
EGAN00001599262 15 0 0 15 0 0 0
EGAN00001599270 27 0 0 27 0 0 0
EGAN00001599275 21 0 0 20 1 0 0
EGAN00001599281 14 0 0 14 0 0 0
EGAN00001599290 22 0 0 22 0 0 0
EGAN00001599298 18 0 0 18 0 0 0
EGAN00001599353 16 0 0 16 0 0 0
EGAN00001599360 15 0 0 15 0 0 0
EGAN00001599375 10 0 0 10 0 0 0
EGAN00001599391 17 0 0 17 0 0 0
EGAN00001599393 22 0 0 22 0 0 0
EGAN00001599404 16 0 0 16 0 0 0
EGAN00001599406 29 0 0 29 0 0 0
EGAN00001599407 22 0 0 22 0 0 0
EGAN00001599410 20 0 0 20 0 0 0
EGAN00001599411 12 0 0 12 0 0 0
EGAN00001599421 26 0 0 26 0 0 0
EGAN00001599432 23 0 0 23 0 0 0
EGAN00001599445 13 0 0 13 0 0 0
EGAN00001599448 32 0 0 32 0 0 0
EGAN00001599449 24 0 0 24 0 0 0
EGAN00001599452 11 0 0 11 0 0 0
EGAN00001599455 13 0 0 13 0 0 0
EGAN00001599456 27 0 0 27 0 0 0
EGAN00001599457 13 0 0 13 0 0 0
EGAN00001599461 17 0 0 17 0 0 0
EGAN00001599480 17 0 0 17 0 0 0
EGAN00001599501 18 0 0 18 0 0 0
EGAN00001599506 21 0 0 21 0 0 0
EGAN00001599542 12 0 0 12 0 0 0
EGAN00001599555 30 0 0 30 0 0 0
EGAN00001599567 10 0 0 10 0 0 0
EGAN00001599576 12 0 0 12 0 0 0
EGAN00001599593 21 0 0 21 0 0 0
EGAN00001599599 14 0 0 14 0 0 0
EGAN00001599625 23 0 0 23 0 0 0
EGAN00001599637 5 0 0 5 0 0 0
EGAN00001599655 20 0 0 20 0 0 0
EGAN00001599686 26 0 0 26 0 0 0
EGAN00001599694 17 0 0 17 0 0 0
EGAN00001599696 27 0 0 27 0 0 0
EGAN00001599700 18 0 0 18 0 0 0
EGAN00001599703 23 0 0 23 0 0 0
EGAN00001599711 16 0 0 16 0 0 0
EGAN00001599722 19 0 0 19 0 0 0
EGAN00001599749 23 0 0 23 0 0 0
EGAN00001599760 12 0 0 12 0 0 0
EGAN00001599774 21 0 0 21 0 0 0
EGAN00001599777 23 0 0 23 0 0 0
EGAN00001599780 19 0 0 19 0 0 0
EGAN00001599802 17 0 0 17 0 0 0
EGAN00001599817 12 0 0 12 0 0 0
EGAN00001599825 23 0 0 23 0 0 0
EGAN00001599870 15 0 0 15 0 0 0
EGAN00001599876 14 0 0 14 0 0 0
EGAN00001599887 14 0 0 14 0 0 0
EGAN00001599896 19 0 0 19 0 0 0
EGAN00001599904 29 0 0 29 0 0 0
EGAN00001599915 14 0 0 14 0 0 0
EGAN00001599917 14 0 0 14 0 0 0
EGAN00001599932 16 0 0 16 0 0 0
EGAN00001671033 17 0 0 17 0 0 0
EGAN00001671807 18 0 0 18 0 0 0
EGAN00001671828 14 0 0 14 0 0 0
EGAN00001671840 13 0 1 12 0 0 0
EGAN00001671857 17 0 0 17 0 0 0
EGAN00001671875 21 0 0 21 0 0 0
EGAN00001671876 11 0 0 11 0 0 0
EGAN00001671878 16 0 0 16 0 0 0
EGAN00001671882 12 0 0 12 0 0 0
EGAN00001671919 22 0 0 22 0 0 0
EGAN00001671924 17 0 0 17 0 0 0
EGAN00001671928 20 0 0 20 0 0 0
EGAN00001671936 20 0 0 20 0 0 0
EGAN00001671948 13 0 0 13 0 0 0
EGAN00001671983 18 0 0 17 0 1 0
EGAN00001671999 18 0 0 18 0 0 0
EGAN00001672009 20 0 0 20 0 0 0
EGAN00001672013 16 0 0 16 0 0 0
EGAN00001672017 21 0 0 21 0 0 0
EGAN00001672025 15 0 0 15 0 0 0
EGAN00001672026 16 0 0 16 0 0 0
EGAN00001672054 27 0 0 26 1 0 0
EGAN00001672062 16 0 0 16 0 0 0
EGAN00001672074 16 0 0 16 0 0 0
EGAN00001672084 15 0 0 15 0 0 0
EGAN00001672093 14 0 0 14 0 0 0
EGAN00001672100 16 0 0 16 0 0 0
EGAN00001672104 18 0 0 18 0 0 0
EGAN00001672114 13 0 0 13 0 0 0
EGAN00001672116 10 0 0 10 0 0 0
EGAN00001672124 17 0 0 17 0 0 0
EGAN00001672126 15 0 0 15 0 0 0
EGAN00001672134 18 0 0 18 0 0 0
EGAN00001672147 26 0 0 26 0 0 0
EGAN00001672148 20 0 0 20 0 0 0
EGAN00001672152 12 0 0 12 0 0 0
EGAN00001672156 16 0 0 16 0 0 0
EGAN00001672161 14 0 0 14 0 0 0
EGAN00001672165 15 0 0 15 0 0 0
EGAN00001672169 13 0 0 13 0 0 0
EGAN00001672173 14 0 0 14 0 0 0
EGAN00001672178 15 0 0 14 0 1 0
EGAN00001672183 19 0 0 19 0 0 0
EGAN00001672190 11 0 0 11 0 0 0
EGAN00001672197 18 0 0 18 0 0 0
EGAN00001672210 16 0 0 16 0 0 0
EGAN00001672232 16 0 0 16 0 0 0
EGAN00001672243 15 0 0 15 0 0 0
EGAN00001672284 18 0 0 18 0 0 0
EGAN00001672288 14 0 0 14 0 0 0
EGAN00001672308 13 0 0 13 0 0 0
EGAN00001672316 11 0 0 11 0 0 0
EGAN00001672322 13 0 0 13 0 0 0
EGAN00001672330 17 0 0 17 0 0 0
EGAN00001672333 22 0 0 22 0 0 0
EGAN00001672334 16 0 0 16 0 0 0
EGAN00001672345 20 0 0 20 0 0 0
EGAN00001672354 23 0 0 23 0 0 0
EGAN00001672363 15 0 0 15 0 0 0
EGAN00001672376 30 0 0 30 0 0 0
EGAN00001672378 22 0 0 22 0 0 0
EGAN00001672383 5 0 0 5 0 0 0
EGAN00001672411 24 0 0 24 0 0 0
EGAN00001672428 17 0 0 17 0 0 0
EGAN00001672439 21 0 0 21 0 0 0
EGAN00001672452 17 0 0 17 0 0 0
EGAN00001672457 15 0 0 15 0 0 0
EGAN00001672462 22 0 0 22 0 0 0
EGAN00001672511 20 0 0 20 0 0 0
EGAN00001672536 18 0 0 18 0 0 0
EGAN00001672538 25 0 0 25 0 0 0
EGAN00001672542 16 0 0 16 0 0 0
EGAN00001672553 23 0 0 23 0 0 0
EGAN00001672554 19 0 0 19 0 0 0
EGAN00001672565 20 0 0 20 0 0 0
EGAN00001672572 12 0 0 12 0 0 0
EGAN00001672578 18 0 0 18 0 0 0
EGAN00001672580 15 0 0 15 0 0 0
EGAN00001672585 18 0 0 18 0 0 0
EGAN00001672593 14 0 0 14 0 0 0
EGAN00001672597 21 0 0 21 0 0 0
EGAN00001672601 20 0 0 20 0 0 0
EGAN00001672631 16 0 0 16 0 0 0
EGAN00001672646 33 0 0 33 0 0 0
EGAN00001672651 11 0 0 11 0 0 0
EGAN00001672675 12 0 0 12 0 0 0
EGAN00001672687 19 0 0 18 1 0 0
EGAN00001672714 38 0 0 38 0 0 0
EGAN00001672719 14 0 0 14 0 0 0
EGAN00001672736 14 0 0 14 0 0 0
EGAN00001672744 15 0 0 15 0 0 0
EGAN00001672745 20 0 0 20 0 0 0
EGAN00001672751 17 0 1 16 0 0 0
EGAN00001672763 8 0 0 8 0 0 0
EGAN00001672783 16 0 0 16 0 0 0
EGAN00001672790 20 0 0 20 0 0 0
EGAN00001672794 18 0 0 18 0 0 0
EGAN00001672797 21 0 0 21 0 0 0
EGAN00001672813 24 0 0 24 0 0 0
EGAN00001672820 23 0 0 23 0 0 0
EGAN00001672833 26 0 0 26 0 0 0
EGAN00001672839 16 0 0 16 0 0 0
EGAN00001672848 22 0 0 22 0 0 0
EGAN00001672870 19 0 0 19 0 0 0
EGAN00001672873 22 0 0 22 0 0 0
EGAN00001672877 12 0 0 12 0 0 0
EGAN00001672886 23 0 0 23 0 0 0
EGAN00001672896 23 0 0 23 0 0 0
EGAN00001672914 21 0 0 21 0 0 0
EGAN00001672923 18 0 0 18 0 0 0
EGAN00001672926 13 0 0 13 0 0 0
EGAN00001672930 15 0 0 15 0 0 0
EGAN00001672933 14 0 0 14 0 0 0
EGAN00001672940 30 0 0 29 0 1 0
EGAN00001672947 15 0 0 15 0 0 0
EGAN00001672969 23 0 0 23 0 0 0
EGAN00001672988 13 0 0 13 0 0 0
EGAN00001673014 21 0 0 21 0 0 0
EGAN00001673075 21 0 0 21 0 0 0
EGAN00001673103 23 0 1 21 0 1 0
EGAN00001673106 17 0 0 17 0 0 0
EGAN00001673115 20 0 0 20 0 0 0
EGAN00001673116 12 0 0 12 0 0 0
EGAN00001673128 25 0 0 25 0 0 0
EGAN00001673142 22 0 0 22 0 0 0
EGAN00001673167 22 0 0 22 0 0 0
EGAN00001673209 10 0 0 10 0 0 0
EGAN00001673245 13 0 0 13 0 0 0
EGAN00001673252 24 0 0 24 0 0 0
EGAN00001673257 19 0 0 18 0 1 0
EGAN00001673263 18 0 0 18 0 0 0
EGAN00001673285 19 0 0 19 0 0 0
EGAN00001673292 25 0 0 25 0 0 0
EGAN00001673302 18 0 0 18 0 0 0
EGAN00001673321 22 0 0 22 0 0 0
EGAN00001673329 25 0 0 25 0 0 0
EGAN00001673335 21 0 0 21 0 0 0
EGAN00001673347 22 0 0 22 0 0 0
EGAN00001673371 12 0 0 12 0 0 0
EGAN00001673418 18 0 0 18 0 0 0
EGAN00001673422 18 0 0 18 0 0 0
EGAN00001673446 25 0 0 25 0 0 0
EGAN00001673458 10 0 0 10 0 0 0
EGAN00001673521 15 0 0 15 0 0 0
EGAN00001673523 18 0 0 18 0 0 0
EGAN00001673532 13 0 0 13 0 0 0
EGAN00001673562 15 0 0 15 0 0 0
EGAN00001673578 10 0 0 10 0 0 0
EGAN00001673580 16 0 0 16 0 0 0
EGAN00001673583 18 0 0 18 0 0 0
EGAN00001673597 19 0 0 19 0 0 0
EGAN00001673607 18 0 0 18 0 0 0
EGAN00001673611 23 0 0 23 0 0 0
EGAN00001673632 19 0 0 19 0 0 0
EGAN00001673637 17 0 0 17 0 0 0
EGAN00001673670 21 0 0 21 0 0 0
EGAN00001673677 19 0 0 19 0 0 0
EGAN00001673693 22 0 0 22 0 0 0
EGAN00001673700 12 0 0 12 0 0 0
EGAN00001673727 24 0 0 24 0 0 0
EGAN00001673751 13 0 0 13 0 0 0
EGAN00001673782 17 0 0 17 0 0 0
EGAN00001673804 25 0 0 25 0 0 0
EGAN00001673810 25 0 0 25 0 0 0
EGAN00001730343 19 0 0 19 0 0 0
EGAN00001730397 21 0 0 21 0 0 0
EGAN00001730410 30 0 0 30 0 0 0
EGAN00001730434 17 0 0 17 0 0 0
EGAN00001730447 18 0 0 18 0 0 0
EGAN00001730450 15 0 0 15 0 0 0
EGAN00001730455 19 0 0 19 0 0 0
EGAN00001730460 26 0 0 26 0 0 0
EGAN00001730488 18 0 0 18 0 0 0
EGAN00001730502 19 0 0 19 0 0 0
EGAN00001730503 12 0 0 12 0 0 0
EGAN00001730521 18 0 0 18 0 0 0
EGAN00001730523 17 0 0 17 0 0 0
EGAN00001730529 10 0 0 10 0 0 0
EGAN00001740624 14 0 0 14 0 0 0
EGAN00001740630 18 0 0 18 0 0 0
EGAN00001740633 16 0 0 16 0 0 0
EGAN00001740634 18 0 0 18 0 0 0
EGAN00001740641 19 0 0 19 0 0 0
EGAN00001740654 17 0 0 17 0 0 0
EGAN00001740657 16 0 0 16 0 0 0
EGAN00001740658 10 0 0 10 0 0 0
EGAN00001740673 27 0 0 27 0 0 0
EGAN00001740680 17 0 0 17 0 0 0
EGAN00001740686 18 0 0 18 0 0 0
EGAN00001740691 16 0 0 16 0 0 0
EGAN00001740692 18 0 0 18 0 0 0
EGAN00001740695 11 0 0 11 0 0 0
EGAN00001740700 10 0 0 10 0 0 0
EGAN00001740704 23 0 0 22 1 0 0
EGAN00001740742 24 0 0 23 1 0 0
EGAN00001740752 22 0 0 22 0 0 0
EGAN00001740772 16 0 0 16 0 0 0
EGAN00001740774 16 0 0 16 0 0 0
EGAN00001740796 17 0 0 17 0 0 0
EGAN00001740797 13 0 0 13 0 0 0
EGAN00001740802 12 0 0 12 0 0 0
EGAN00001740806 18 0 0 18 0 0 0
EGAN00001740827 11 0 0 11 0 0 0
EGAN00001740848 14 0 0 14 0 0 0
EGAN00001740858 11 0 0 11 0 0 0
EGAN00001740884 16 0 0 16 0 0 0
EGAN00001740885 25 0 0 25 0 0 0
EGAN00001740904 9 0 0 9 0 0 0
EGAN00001740906 17 0 0 17 0 0 0
EGAN00001740907 20 0 0 20 0 0 0
EGAN00001740918 14 0 0 14 0 0 0
EGAN00001740921 23 0 0 23 0 0 0
EGAN00001740927 19 0 0 19 0 0 0
EGAN00001740932 19 0 0 19 0 0 0
EGAN00001740944 18 0 0 18 0 0 0
EGAN00001740955 19 0 0 19 0 0 0
EGAN00001740957 14 0 0 14 0 0 0
EGAN00001740967 22 0 0 22 0 0 0
EGAN00001740970 18 0 0 18 0 0 0
EGAN00001740973 11 0 0 11 0 0 0
EGAN00001740978 14 0 0 14 0 0 0
EGAN00001740988 12 0 0 12 0 0 0
EGAN00001741035 18 0 0 18 0 0 0
EGAN00001741056 17 0 0 17 0 0 0
EGAN00001741057 18 0 0 18 0 0 0
EGAN00001741066 16 0 0 16 0 0 0
EGAN00001741073 16 0 0 16 0 0 0
EGAN00001741075 14 0 1 13 0 0 0
EGAN00001741087 16 0 0 16 0 0 0
EGAN00001741090 15 0 0 14 1 0 0
EGAN00001741093 12 0 0 12 0 0 0
EGAN00001741099 21 0 0 21 0 0 0
EGAN00001741107 23 0 0 23 0 0 0
EGAN00001741120 25 0 0 25 0 0 0
EGAN00001741122 21 0 0 21 0 0 0
EGAN00001741140 22 0 0 22 0 0 0
EGAN00001741150 29 0 0 29 0 0 0
EGAN00001741154 20 0 0 20 0 0 0
EGAN00001797988 12 0 0 12 0 0 0
EGAN00001797994 18 0 0 18 0 0 0
EGAN00001797996 21 0 0 20 0 1 0
EGAN00001798007 14 0 0 14 0 0 0
EGAN00001798008 13 0 0 13 0 0 0
EGAN00001798021 11 0 0 11 0 0 0
EGAN00001798030 20 0 0 20 0 0 0
EGAN00001798074 16 0 0 16 0 0 0
EGAN00001798091 15 0 0 15 0 0 0
EGAN00001798092 18 0 1 17 0 0 0
EGAN00001798104 16 0 0 16 0 0 0
EGAN00001798154 15 0 0 15 0 0 0
EGAN00001798162 15 0 0 14 1 0 0
EGAN00001798177 24 0 0 24 0 0 0
EGAN00001798191 21 0 0 21 0 0 0
EGAN00001798203 26 0 0 26 0 0 0
EGAN00001798255 22 0 0 22 0 0 0
EGAN00001798262 12 0 0 12 0 0 0
EGAN00001798269 18 0 0 18 0 0 0
EGAN00001798282 23 0 0 23 0 0 0
EGAN00001798285 23 0 0 23 0 0 0
EGAN00001798300 18 0 0 18 0 0 0
EGAN00001798317 11 0 0 11 0 0 0
EGAN00001798327 16 0 0 16 0 0 0
EGAN00001798330 25 0 0 25 0 0 0
EGAN00001798339 15 0 0 15 0 0 0
EGAN00001798342 19 0 0 19 0 0 0
EGAN00001798347 19 0 0 19 0 0 0
EGAN00001798348 13 0 0 13 0 0 0
EGAN00001798351 13 0 0 13 0 0 0
EGAN00001798359 12 0 0 12 0 0 0
EGAN00001798360 21 0 0 21 0 0 0
EGAN00001798367 13 0 0 13 0 0 0
EGAN00001798381 21 0 0 21 0 0 0
EGAN00001798382 27 0 0 27 0 0 0
EGAN00001798397 15 0 0 15 0 0 0
EGAN00001798404 9 0 0 9 0 0 0
EGAN00001798412 14 0 0 14 0 0 0
EGAN00001798435 13 0 0 13 0 0 0
EGAN00001798443 13 0 0 13 0 0 0
EGAN00001798445 13 0 0 13 0 0 0
EGAN00001798453 19 0 0 19 0 0 0
EGAN00001798480 21 0 0 21 0 0 0
EGAN00001798482 15 0 0 15 0 0 0
EGAN00001798483 18 0 0 18 0 0 0
EGAN00001798484 13 0 0 13 0 0 0
EGAN00001798492 17 0 0 17 0 0 0
EGAN00001798495 18 0 0 18 0 0 0
EGAN00001798498 15 0 0 15 0 0 0
EGAN00001798506 21 0 0 21 0 0 0
EGAN00001798511 11 0 0 11 0 0 0
EGAN00001798521 13 0 0 13 0 0 0
EGAN00001798534 17 0 0 17 0 0 0
EGAN00001798550 16 0 0 16 0 0 0
EGAN00001798551 11 0 1 10 0 0 0
EGAN00001798564 19 0 0 19 0 0 0
EGAN00001798565 27 0 0 27 0 0 0
EGAN00001798570 11 0 0 11 0 0 0
EGAN00001798574 13 0 0 13 0 0 0
EGAN00001798607 11 0 0 11 0 0 0
EGAN00001798625 16 0 0 15 1 0 0
EGAN00001798626 18 0 0 18 0 0 0
EGAN00001798632 19 0 0 19 0 0 0
EGAN00001798647 15 0 0 15 0 0 0
EGAN00001798653 23 0 0 23 0 0 0
EGAN00001798666 16 0 0 16 0 0 0
EGAN00001798669 18 0 0 18 0 0 0
EGAN00001798695 15 0 0 15 0 0 0
EGAN00001798708 20 0 0 20 0 0 0
EGAN00001830726 24 0 0 24 0 0 0
EGAN00001830730 16 0 0 16 0 0 0
EGAN00001830735 22 0 0 22 0 0 0
EGAN00001830736 17 0 0 17 0 0 0
EGAN00001830748 10 0 0 10 0 0 0
EGAN00001830757 12 0 0 12 0 0 0
EGAN00001830766 18 0 0 18 0 0 0
EGAN00001830784 17 0 0 17 0 0 0
EGAN00001830804 19 0 0 19 0 0 0
EGAN00001830806 10 0 0 10 0 0 0
EGAN00001830813 19 0 0 19 0 0 0
EGAN00001830822 11 0 0 11 0 0 0
EGAN00001830825 17 0 0 17 0 0 0
EGAN00001830830 11 0 0 11 0 0 0
EGAN00001830831 15 0 0 15 0 0 0
EGAN00001830836 17 0 0 17 0 0 0
EGAN00001830837 13 0 0 13 0 0 0
EGAN00001830839 19 0 0 19 0 0 0
EGAN00001830844 21 0 0 21 0 0 0
EGAN00001830849 30 0 0 30 0 0 0
EGAN00001830870 27 0 0 27 0 0 0
EGAN00001830878 21 0 0 21 0 0 0
EGAN00001830880 16 0 0 16 0 0 0
EGAN00001830882 16 0 0 16 0 0 0
EGAN00001830889 19 0 0 19 0 0 0
EGAN00001830896 20 0 0 20 0 0 0
EGAN00001830921 16 0 0 16 0 0 0
EGAN00001830930 17 0 0 17 0 0 0
EGAN00001830942 19 0 0 19 0 0 0
EGAN00001830943 17 0 0 17 0 0 0
EGAN00001830956 24 0 0 24 0 0 0
EGAN00001830959 8 0 0 8 0 0 0
