Sample Depth = A C G T N
EGAN00001008152 19 0 0 19 0 0 0
EGAN00001008240 28 0 0 28 0 0 0
EGAN00001008480 17 0 0 17 0 0 0
EGAN00001021279 19 0 0 19 0 0 0
EGAN00001021287 24 0 0 24 0 0 0
EGAN00001021349 31 0 0 31 0 0 0
EGAN00001021460 26 0 0 26 0 0 0
EGAN00001021482 17 0 0 17 0 0 0
EGAN00001021497 25 0 0 25 0 0 0
EGAN00001021529 22 0 0 22 0 0 0
EGAN00001021566 30 0 0 30 0 0 0
EGAN00001021591 21 0 0 21 0 0 0
EGAN00001021602 22 0 0 22 0 0 0
EGAN00001021616 21 0 0 21 0 0 0
EGAN00001021618 19 0 0 19 0 0 0
EGAN00001021722 19 0 0 19 0 0 0
EGAN00001021724 14 0 0 14 0 0 0
EGAN00001021747 17 0 0 17 0 0 0
EGAN00001021767 22 0 0 22 0 0 0
EGAN00001021773 22 0 0 22 0 0 0
EGAN00001021774 20 0 0 20 0 0 0
EGAN00001021779 29 0 0 29 0 0 0
EGAN00001021807 16 0 0 16 0 0 0
EGAN00001021818 19 0 0 19 0 0 0
EGAN00001021838 25 0 0 25 0 0 0
EGAN00001021842 23 0 0 23 0 0 0
EGAN00001021852 22 0 0 22 0 0 0
EGAN00001021861 19 0 0 19 0 0 0
EGAN00001021877 27 0 0 26 0 1 0
EGAN00001021992 16 0 0 16 0 0 0
EGAN00001021995 23 0 0 23 0 0 0
EGAN00001022009 21 0 0 21 0 0 0
EGAN00001022024 20 0 0 20 0 0 0
EGAN00001022028 18 0 0 18 0 0 0
EGAN00001022070 18 0 0 18 0 0 0
EGAN00001022071 29 0 0 29 0 0 0
EGAN00001022073 24 0 0 24 0 0 0
EGAN00001022269 24 0 0 23 0 1 0
EGAN00001022287 15 0 0 15 0 0 0
EGAN00001022694 30 0 0 30 0 0 0
EGAN00001022728 20 0 0 20 0 0 0
EGAN00001022747 25 0 0 25 0 0 0
EGAN00001022776 19 0 0 19 0 0 0
EGAN00001022786 24 0 0 24 0 0 0
EGAN00001022788 17 0 0 17 0 0 0
EGAN00001022798 17 0 0 17 0 0 0
EGAN00001022907 23 0 0 23 0 0 0
EGAN00001022925 13 0 1 12 0 0 0
EGAN00001022928 31 0 0 31 0 0 0
EGAN00001022933 20 0 0 20 0 0 0
EGAN00001022944 10 0 0 10 0 0 0
EGAN00001022965 14 0 0 14 0 0 0
EGAN00001022970 26 0 0 26 0 0 0
EGAN00001022976 28 0 0 28 0 0 0
EGAN00001022977 39 0 0 39 0 0 0
EGAN00001022985 15 0 0 15 0 0 0
EGAN00001022994 17 0 0 17 0 0 0
EGAN00001022999 50 0 0 50 0 0 0
EGAN00001023013 13 0 0 13 0 0 0
EGAN00001023048 25 0 0 25 0 0 0
EGAN00001023052 22 0 0 22 0 0 0
EGAN00001023062 21 0 0 21 0 0 0
EGAN00001023065 25 0 0 25 0 0 0
EGAN00001023090 27 0 0 27 0 0 0
EGAN00001023109 19 0 0 19 0 0 0
EGAN00001023113 16 0 0 16 0 0 0
EGAN00001023144 15 0 0 15 0 0 0
EGAN00001023149 21 0 0 21 0 0 0
EGAN00001023165 21 0 0 21 0 0 0
EGAN00001023440 17 0 0 17 0 0 0
EGAN00001023443 20 0 0 20 0 0 0
EGAN00001023451 18 0 0 18 0 0 0
EGAN00001023536 32 0 0 32 0 0 0
EGAN00001024052 30 0 1 29 0 0 0
EGAN00001024169 29 0 0 29 0 0 0
EGAN00001024175 15 0 0 15 0 0 0
EGAN00001024242 19 0 0 19 0 0 0
EGAN00001024268 20 0 0 20 0 0 0
EGAN00001024339 22 0 0 22 0 0 0
EGAN00001025821 21 0 0 21 0 0 0
EGAN00001025877 20 0 1 19 0 0 0
EGAN00001026203 20 0 0 20 0 0 0
EGAN00001026429 25 0 0 25 0 0 0
EGAN00001026576 17 0 0 17 0 0 0
EGAN00001026589 22 0 0 22 0 0 0
EGAN00001026598 18 0 0 18 0 0 0
EGAN00001026629 25 0 0 25 0 0 0
EGAN00001026694 26 0 0 26 0 0 0
EGAN00001026814 19 0 0 19 0 0 0
EGAN00001027202 22 0 0 22 0 0 0
EGAN00001027204 13 0 0 13 0 0 0
EGAN00001027205 20 0 0 20 0 0 0
EGAN00001027212 12 0 0 12 0 0 0
EGAN00001027340 23 0 0 23 0 0 0
EGAN00001027395 17 0 0 17 0 0 0
EGAN00001027418 21 0 0 21 0 0 0
EGAN00001027453 29 0 1 28 0 0 0
EGAN00001027462 29 0 0 29 0 0 0
EGAN00001027463 21 0 0 21 0 0 0
EGAN00001027475 29 0 0 29 0 0 0
EGAN00001027505 21 0 0 21 0 0 0
EGAN00001027540 20 0 1 19 0 0 0
EGAN00001073920 17 0 0 17 0 0 0
EGAN00001073921 21 0 0 21 0 0 0
EGAN00001073922 20 0 0 20 0 0 0
EGAN00001074781 25 0 0 25 0 0 0
EGAN00001074834 28 0 0 28 0 0 0
EGAN00001074854 23 0 0 23 0 0 0
EGAN00001074864 29 0 0 29 0 0 0
EGAN00001074869 30 0 0 30 0 0 0
EGAN00001074873 22 0 0 22 0 0 0
EGAN00001074875 15 0 0 15 0 0 0
EGAN00001079317 14 0 0 14 0 0 0
EGAN00001079328 17 0 0 17 0 0 0
EGAN00001079401 25 0 0 25 0 0 0
EGAN00001079414 11 0 0 11 0 0 0
EGAN00001079479 24 0 0 24 0 0 0
EGAN00001079481 23 0 0 23 0 0 0
EGAN00001079505 17 0 0 17 0 0 0
EGAN00001079506 13 0 0 13 0 0 0
EGAN00001079561 29 0 0 29 0 0 0
EGAN00001079572 20 0 0 20 0 0 0
EGAN00001079662 23 0 0 23 0 0 0
EGAN00001079666 18 0 0 18 0 0 0
EGAN00001079696 25 0 0 25 0 0 0
EGAN00001079780 21 0 0 21 0 0 0
EGAN00001080216 19 0 0 19 0 0 0
EGAN00001080226 19 0 0 19 0 0 0
EGAN00001240157 14 0 0 14 0 0 0
EGAN00001240272 16 0 0 16 0 0 0
EGAN00001240612 23 0 0 23 0 0 0
EGAN00001240628 13 0 0 13 0 0 0
EGAN00001240764 19 0 0 19 0 0 0
EGAN00001240779 13 0 0 13 0 0 0
EGAN00001240905 12 0 0 12 0 0 0
EGAN00001241156 16 0 0 16 0 0 0
EGAN00001241214 17 0 0 17 0 0 0
EGAN00001241247 27 0 0 27 0 0 0
EGAN00001241334 21 0 0 21 0 0 0
EGAN00001241394 15 0 0 15 0 0 0
EGAN00001241506 24 0 0 24 0 0 0
EGAN00001241817 17 0 0 17 0 0 0
EGAN00001241861 19 0 0 19 0 0 0
EGAN00001241906 20 0 0 19 0 1 0
EGAN00001241963 17 0 0 17 0 0 0
EGAN00001241982 19 0 0 19 0 0 0
EGAN00001242082 18 0 0 18 0 0 0
EGAN00001242253 19 0 0 19 0 0 0
EGAN00001242280 8 0 0 8 0 0 0
EGAN00001242309 13 0 0 13 0 0 0
EGAN00001242516 28 0 0 28 0 0 0
EGAN00001242562 23 0 0 23 0 0 0
EGAN00001242628 31 0 0 31 0 0 0
EGAN00001242652 29 0 0 29 0 0 0
EGAN00001242720 18 0 0 18 0 0 0
EGAN00001242723 16 0 0 16 0 0 0
EGAN00001242952 18 0 0 18 0 0 0
EGAN00001243036 23 0 0 23 0 0 0
EGAN00001243053 21 0 0 21 0 0 0
EGAN00001243054 29 0 0 29 0 0 0
EGAN00001243109 18 0 0 18 0 0 0
EGAN00001243140 16 0 0 16 0 0 0
EGAN00001243144 19 0 0 18 0 1 0
EGAN00001243226 14 0 0 14 0 0 0
EGAN00001243294 15 0 0 15 0 0 0
EGAN00001243323 14 0 0 14 0 0 0
EGAN00001243343 24 0 0 24 0 0 0
EGAN00001243402 15 0 0 15 0 0 0
EGAN00001243503 18 0 0 18 0 0 0
EGAN00001243681 19 0 0 19 0 0 0
EGAN00001243731 16 0 0 16 0 0 0
EGAN00001243755 18 0 0 18 0 0 0
EGAN00001243780 14 0 0 14 0 0 0
EGAN00001243786 16 0 0 16 0 0 0
EGAN00001243946 18 0 0 18 0 0 0
EGAN00001244068 18 0 0 18 0 0 0
EGAN00001244108 17 0 0 17 0 0 0
EGAN00001244157 24 0 0 24 0 0 0
EGAN00001244308 21 0 0 21 0 0 0
EGAN00001244475 20 0 0 20 0 0 0
EGAN00001244572 32 0 1 31 0 0 0
EGAN00001244592 24 0 0 24 0 0 0
EGAN00001244659 22 0 0 22 0 0 0
EGAN00001244730 15 0 0 15 0 0 0
EGAN00001244763 23 0 0 23 0 0 0
EGAN00001244776 19 0 0 19 0 0 0
EGAN00001245103 15 0 0 15 0 0 0
EGAN00001245122 19 0 0 19 0 0 0
EGAN00001245134 14 0 0 14 0 0 0
EGAN00001245179 13 0 0 13 0 0 0
EGAN00001245323 18 0 0 18 0 0 0
EGAN00001245434 20 0 0 20 0 0 0
EGAN00001245840 26 0 0 26 0 0 0
EGAN00001246009 18 0 0 18 0 0 0
EGAN00001246021 23 0 0 23 0 0 0
EGAN00001246023 28 0 0 28 0 0 0
EGAN00001246063 13 0 0 13 0 0 0
EGAN00001246077 21 0 0 21 0 0 0
EGAN00001246246 12 0 0 12 0 0 0
EGAN00001246783 22 0 0 22 0 0 0
EGAN00001247049 17 0 0 17 0 0 0
EGAN00001247152 21 0 0 21 0 0 0
EGAN00001247246 21 0 0 21 0 0 0
EGAN00001247313 16 0 0 16 0 0 0
EGAN00001247500 19 0 1 18 0 0 0
EGAN00001247568 28 0 0 28 0 0 0
EGAN00001247658 15 0 0 15 0 0 0
EGAN00001247674 18 0 0 18 0 0 0
EGAN00001247681 16 0 0 16 0 0 0
EGAN00001267728 26 0 0 26 0 0 0
EGAN00001267991 17 0 0 17 0 0 0
EGAN00001277294 19 0 0 19 0 0 0
EGAN00001277295 25 0 0 25 0 0 0
EGAN00001385049 15 0 0 15 0 0 0
EGAN00001385050 18 0 0 18 0 0 0
EGAN00001385053 17 0 0 17 0 0 0
EGAN00001385060 18 0 0 18 0 0 0
EGAN00001385062 16 0 0 16 0 0 0
EGAN00001385083 20 0 0 20 0 0 0
EGAN00001385135 15 0 0 15 0 0 0
EGAN00001385146 19 0 0 19 0 0 0
EGAN00001385155 23 0 0 23 0 0 0
EGAN00001385160 36 0 0 36 0 0 0
EGAN00001385169 18 0 0 18 0 0 0
EGAN00001385173 13 0 0 13 0 0 0
EGAN00001385177 18 0 0 18 0 0 0
EGAN00001385180 25 0 0 25 0 0 0
EGAN00001385182 19 0 0 17 2 0 0
EGAN00001385184 22 0 1 21 0 0 0
EGAN00001385193 17 0 0 17 0 0 0
EGAN00001385212 18 0 1 17 0 0 0
EGAN00001385222 20 0 0 20 0 0 0
EGAN00001385223 20 0 0 20 0 0 0
EGAN00001385232 26 0 0 26 0 0 0
EGAN00001385237 10 0 0 10 0 0 0
EGAN00001385246 29 0 0 29 0 0 0
EGAN00001385268 22 0 0 22 0 0 0
EGAN00001385280 18 0 0 18 0 0 0
EGAN00001385284 14 0 0 14 0 0 0
EGAN00001385305 20 0 0 20 0 0 0
EGAN00001385313 18 0 0 18 0 0 0
EGAN00001385352 13 0 0 13 0 0 0
EGAN00001385361 16 0 0 15 0 1 0
EGAN00001385393 24 0 0 24 0 0 0
EGAN00001385395 26 0 0 26 0 0 0
EGAN00001385442 18 0 0 18 0 0 0
EGAN00001385443 20 0 0 20 0 0 0
EGAN00001385444 23 0 0 23 0 0 0
EGAN00001385447 12 0 0 12 0 0 0
EGAN00001385448 21 0 0 21 0 0 0
EGAN00001385449 10 0 0 10 0 0 0
EGAN00001385467 16 0 0 16 0 0 0
EGAN00001385469 21 0 0 21 0 0 0
EGAN00001385479 13 0 0 13 0 0 0
EGAN00001385496 14 0 0 14 0 0 0
EGAN00001385516 21 0 0 21 0 0 0
EGAN00001385522 30 0 0 30 0 0 0
EGAN00001385535 20 0 0 19 1 0 0
EGAN00001385539 16 0 0 16 0 0 0
EGAN00001385550 23 0 0 23 0 0 0
EGAN00001385578 21 0 0 21 0 0 0
EGAN00001385611 19 0 0 19 0 0 0
EGAN00001385616 16 0 0 16 0 0 0
EGAN00001385617 26 0 0 26 0 0 0
EGAN00001385627 12 0 0 12 0 0 0
EGAN00001385651 20 0 0 20 0 0 0
EGAN00001385655 12 0 0 12 0 0 0
EGAN00001385657 26 0 0 26 0 0 0
EGAN00001385673 21 0 0 21 0 0 0
EGAN00001385678 21 0 0 21 0 0 0
EGAN00001385688 16 0 0 16 0 0 0
EGAN00001385695 16 0 0 16 0 0 0
EGAN00001385699 16 0 0 16 0 0 0
EGAN00001385709 12 0 0 12 0 0 0
EGAN00001385738 15 0 0 15 0 0 0
EGAN00001385744 18 0 0 18 0 0 0
EGAN00001385746 27 0 0 27 0 0 0
EGAN00001385749 24 0 0 24 0 0 0
EGAN00001385752 12 0 0 12 0 0 0
EGAN00001385756 11 0 0 11 0 0 0
EGAN00001385760 22 0 0 22 0 0 0
EGAN00001385768 16 0 0 16 0 0 0
EGAN00001403187 20 0 0 20 0 0 0
EGAN00001403699 17 0 0 17 0 0 0
EGAN00001403701 16 0 0 16 0 0 0
EGAN00001403713 21 0 0 21 0 0 0
EGAN00001403722 11 0 0 11 0 0 0
EGAN00001403725 12 0 0 12 0 0 0
EGAN00001403739 26 0 0 26 0 0 0
EGAN00001403743 19 0 0 19 0 0 0
EGAN00001403756 27 0 1 26 0 0 0
EGAN00001403757 11 0 0 11 0 0 0
EGAN00001403763 15 0 0 15 0 0 0
EGAN00001403785 17 0 0 17 0 0 0
EGAN00001403786 27 0 1 26 0 0 0
EGAN00001403795 14 0 0 14 0 0 0
EGAN00001403805 21 0 0 21 0 0 0
EGAN00001403812 20 0 0 20 0 0 0
EGAN00001403819 11 0 0 11 0 0 0
EGAN00001403823 19 0 0 19 0 0 0
EGAN00001403825 26 0 1 25 0 0 0
EGAN00001403838 25 0 0 25 0 0 0
EGAN00001403845 23 0 0 23 0 0 0
EGAN00001403870 19 0 0 19 0 0 0
EGAN00001403873 18 0 0 18 0 0 0
EGAN00001403874 20 0 0 20 0 0 0
EGAN00001403892 22 0 0 22 0 0 0
EGAN00001403903 18 0 0 18 0 0 0
EGAN00001403909 24 0 0 24 0 0 0
EGAN00001403920 35 0 0 35 0 0 0
EGAN00001403930 23 0 0 23 0 0 0
EGAN00001403933 20 0 0 20 0 0 0
EGAN00001403939 20 0 0 20 0 0 0
EGAN00001403943 25 0 0 25 0 0 0
EGAN00001403953 13 0 0 13 0 0 0
EGAN00001403963 27 0 0 27 0 0 0
EGAN00001403980 30 0 0 30 0 0 0
EGAN00001403981 13 0 0 13 0 0 0
EGAN00001403994 13 0 0 13 0 0 0
EGAN00001404034 16 0 0 16 0 0 0
EGAN00001404044 14 0 0 14 0 0 0
EGAN00001404050 16 0 0 16 0 0 0
EGAN00001404075 14 0 0 14 0 0 0
EGAN00001404090 20 0 0 20 0 0 0
EGAN00001404108 22 0 0 22 0 0 0
EGAN00001404119 21 0 1 20 0 0 0
EGAN00001404147 27 0 0 27 0 0 0
EGAN00001404151 25 0 0 25 0 0 0
EGAN00001404154 18 0 0 18 0 0 0
EGAN00001404484 26 0 0 26 0 0 0
EGAN00001439009 10 0 0 10 0 0 0
EGAN00001439015 12 0 0 12 0 0 0
EGAN00001439114 19 0 1 18 0 0 0
EGAN00001439126 15 0 0 15 0 0 0
EGAN00001439127 16 0 0 16 0 0 0
EGAN00001439130 18 0 0 18 0 0 0
EGAN00001439141 20 0 0 20 0 0 0
EGAN00001439154 25 0 0 24 0 1 0
EGAN00001439168 17 0 0 17 0 0 0
EGAN00001439176 17 0 0 17 0 0 0
EGAN00001439191 15 0 1 14 0 0 0
EGAN00001439204 18 0 0 18 0 0 0
EGAN00001439205 24 0 0 24 0 0 0
EGAN00001439214 24 0 1 23 0 0 0
EGAN00001439216 21 0 0 21 0 0 0
EGAN00001439223 24 0 0 24 0 0 0
EGAN00001439229 11 0 0 11 0 0 0
EGAN00001439230 19 0 0 18 1 0 0
EGAN00001439797 29 0 0 29 0 0 0
EGAN00001440377 29 0 0 29 0 0 0
EGAN00001440389 23 0 0 23 0 0 0
EGAN00001440396 15 0 0 15 0 0 0
EGAN00001440398 6 0 0 6 0 0 0
EGAN00001440407 19 0 0 19 0 0 0
EGAN00001440429 34 0 0 34 0 0 0
EGAN00001440468 21 0 0 21 0 0 0
EGAN00001440476 19 0 0 19 0 0 0
EGAN00001440495 19 0 0 19 0 0 0
EGAN00001440500 22 0 0 22 0 0 0
EGAN00001440514 19 0 0 19 0 0 0
EGAN00001440523 10 0 0 10 0 0 0
EGAN00001440524 21 0 0 20 1 0 0
EGAN00001440539 21 0 0 21 0 0 0
EGAN00001440542 16 0 0 16 0 0 0
EGAN00001440566 16 0 0 16 0 0 0
EGAN00001440641 20 0 0 20 0 0 0
EGAN00001440710 11 0 0 11 0 0 0
EGAN00001440723 19 0 0 19 0 0 0
EGAN00001442167 23 0 0 23 0 0 0
EGAN00001442174 23 0 0 23 0 0 0
EGAN00001442203 25 0 0 25 0 0 0
EGAN00001442204 24 0 0 24 0 0 0
EGAN00001442210 20 0 0 20 0 0 0
EGAN00001442231 14 0 0 14 0 0 0
EGAN00001442238 12 0 0 12 0 0 0
EGAN00001442436 15 0 0 15 0 0 0
EGAN00001442449 30 0 0 29 0 1 0
EGAN00001442458 15 0 0 15 0 0 0
EGAN00001442474 7 0 0 7 0 0 0
EGAN00001442489 19 0 0 19 0 0 0
EGAN00001443772 14 0 0 14 0 0 0
EGAN00001444312 15 0 0 15 0 0 0
EGAN00001444317 14 0 0 14 0 0 0
EGAN00001444318 19 0 0 18 1 0 0
EGAN00001444415 23 0 0 23 0 0 0
EGAN00001444475 20 0 0 20 0 0 0
EGAN00001444482 17 0 1 16 0 0 0
EGAN00001444841 22 0 0 22 0 0 0
EGAN00001444984 22 0 0 22 0 0 0
EGAN00001445004 22 0 0 22 0 0 0
EGAN00001445013 9 0 0 9 0 0 0
EGAN00001445033 35 0 0 35 0 0 0
EGAN00001445043 16 0 0 16 0 0 0
EGAN00001445071 25 0 0 25 0 0 0
EGAN00001445077 22 0 0 22 0 0 0
EGAN00001445079 23 0 1 22 0 0 0
EGAN00001445081 20 0 0 20 0 0 0
EGAN00001445085 22 0 0 22 0 0 0
EGAN00001445454 26 0 0 26 0 0 0
EGAN00001445456 29 0 0 29 0 0 0
EGAN00001445463 21 0 0 21 0 0 0
EGAN00001445494 13 0 0 13 0 0 0
EGAN00001445507 16 0 0 16 0 0 0
EGAN00001445512 12 0 0 12 0 0 0
EGAN00001445521 9 0 0 9 0 0 0
EGAN00001445525 19 0 0 19 0 0 0
EGAN00001446662 28 0 0 28 0 0 0
EGAN00001446688 29 0 0 29 0 0 0
EGAN00001446689 15 0 0 15 0 0 0
EGAN00001446697 10 0 0 10 0 0 0
EGAN00001486675 19 0 0 19 0 0 0
EGAN00001486681 19 0 0 19 0 0 0
EGAN00001486687 12 0 0 12 0 0 0
EGAN00001559552 22 0 0 22 0 0 0
EGAN00001559573 13 0 0 13 0 0 0
EGAN00001559631 15 0 0 15 0 0 0
EGAN00001559637 14 0 0 14 0 0 0
EGAN00001559644 14 0 0 14 0 0 0
EGAN00001559648 15 0 0 15 0 0 0
EGAN00001559656 25 0 0 25 0 0 0
EGAN00001559663 25 0 0 25 0 0 0
EGAN00001559670 23 0 0 23 0 0 0
EGAN00001559678 22 0 0 22 0 0 0
EGAN00001559693 24 0 0 24 0 0 0
EGAN00001559701 26 0 0 26 0 0 0
EGAN00001559716 15 0 0 15 0 0 0
EGAN00001559739 21 0 0 21 0 0 0
EGAN00001559761 20 0 0 20 0 0 0
EGAN00001559766 22 0 0 22 0 0 0
EGAN00001559774 17 0 0 17 0 0 0
EGAN00001559782 17 0 0 17 0 0 0
EGAN00001559799 20 0 0 20 0 0 0
EGAN00001559808 19 0 0 19 0 0 0
EGAN00001559814 25 0 0 25 0 0 0
EGAN00001559826 20 0 0 20 0 0 0
EGAN00001559843 21 0 0 21 0 0 0
EGAN00001559849 14 0 1 13 0 0 0
EGAN00001559881 19 0 0 19 0 0 0
EGAN00001559902 18 0 0 18 0 0 0
EGAN00001559926 28 0 0 28 0 0 0
EGAN00001559933 19 0 0 19 0 0 0
EGAN00001559939 24 0 0 24 0 0 0
EGAN00001559962 24 0 0 24 0 0 0
EGAN00001559967 17 0 0 17 0 0 0
EGAN00001559995 16 0 0 16 0 0 0
EGAN00001560016 14 0 0 14 0 0 0
EGAN00001560034 12 0 0 12 0 0 0
EGAN00001560035 26 0 0 26 0 0 0
EGAN00001560050 16 0 0 16 0 0 0
EGAN00001560052 17 0 0 17 0 0 0
EGAN00001560068 16 0 0 16 0 0 0
EGAN00001560084 23 0 0 23 0 0 0
EGAN00001560085 17 0 0 17 0 0 0
EGAN00001560090 20 0 0 20 0 0 0
EGAN00001560096 36 0 0 36 0 0 0
EGAN00001560098 15 0 0 15 0 0 0
EGAN00001560124 19 0 0 19 0 0 0
EGAN00001560145 20 0 0 19 1 0 0
EGAN00001560153 19 0 0 19 0 0 0
EGAN00001560162 26 0 0 26 0 0 0
EGAN00001560183 15 0 0 15 0 0 0
EGAN00001560192 25 0 0 25 0 0 0
EGAN00001560207 22 0 1 21 0 0 0
EGAN00001560214 23 0 0 23 0 0 0
EGAN00001560218 22 0 0 22 0 0 0
EGAN00001560231 20 0 0 20 0 0 0
EGAN00001560243 22 0 0 22 0 0 0
EGAN00001560269 23 0 0 23 0 0 0
EGAN00001560308 24 0 0 24 0 0 0
EGAN00001560313 17 0 0 17 0 0 0
EGAN00001560314 17 0 0 17 0 0 0
EGAN00001560320 11 0 0 11 0 0 0
EGAN00001560322 15 0 0 15 0 0 0
EGAN00001560332 23 0 0 23 0 0 0
EGAN00001560346 15 0 0 15 0 0 0
EGAN00001560356 20 0 0 20 0 0 0
EGAN00001560362 20 0 0 20 0 0 0
EGAN00001560370 27 0 0 27 0 0 0
EGAN00001560386 15 0 0 15 0 0 0
EGAN00001560396 18 0 0 18 0 0 0
EGAN00001560410 19 0 0 19 0 0 0
EGAN00001560418 18 0 0 18 0 0 0
EGAN00001560424 22 0 1 21 0 0 0
EGAN00001560448 22 0 0 22 0 0 0
EGAN00001560453 24 0 0 24 0 0 0
EGAN00001560464 22 0 0 22 0 0 0
EGAN00001560478 16 0 0 16 0 0 0
EGAN00001560485 16 0 0 16 0 0 0
EGAN00001560513 28 0 0 28 0 0 0
EGAN00001560515 21 0 0 21 0 0 0
EGAN00001560516 23 0 0 23 0 0 0
EGAN00001560524 25 0 0 25 0 0 0
EGAN00001560527 18 0 0 18 0 0 0
EGAN00001560540 15 0 0 15 0 0 0
EGAN00001560547 24 0 0 23 1 0 0
EGAN00001560549 24 0 0 24 0 0 0
EGAN00001560559 18 0 0 18 0 0 0
EGAN00001560583 15 0 0 15 0 0 0
EGAN00001560592 24 0 0 24 0 0 0
EGAN00001560595 19 0 0 19 0 0 0
EGAN00001560606 21 0 0 21 0 0 0
EGAN00001560609 19 0 0 19 0 0 0
EGAN00001560616 18 0 0 18 0 0 0
EGAN00001560633 13 0 0 13 0 0 0
EGAN00001560665 20 0 0 20 0 0 0
EGAN00001560675 12 0 0 12 0 0 0
EGAN00001560686 26 0 0 26 0 0 0
EGAN00001560693 19 0 0 19 0 0 0
EGAN00001560695 23 0 0 23 0 0 0
EGAN00001560708 17 0 0 17 0 0 0
EGAN00001560710 22 0 0 22 0 0 0
EGAN00001560737 19 0 0 19 0 0 0
EGAN00001560738 25 0 0 25 0 0 0
EGAN00001560739 15 0 0 15 0 0 0
EGAN00001560761 22 0 0 22 0 0 0
EGAN00001560769 26 0 0 26 0 0 0
EGAN00001560786 19 0 0 19 0 0 0
EGAN00001560788 32 0 0 31 0 1 0
EGAN00001560813 15 0 0 15 0 0 0
EGAN00001560820 18 0 0 18 0 0 0
EGAN00001560821 25 0 0 25 0 0 0
EGAN00001560824 22 0 0 22 0 0 0
EGAN00001560853 13 0 0 13 0 0 0
EGAN00001560869 27 0 0 27 0 0 0
EGAN00001560889 21 0 0 21 0 0 0
EGAN00001560906 19 0 0 19 0 0 0
EGAN00001560912 20 0 0 20 0 0 0
EGAN00001560929 19 0 0 19 0 0 0
EGAN00001560938 16 0 0 16 0 0 0
EGAN00001560951 14 0 0 14 0 0 0
EGAN00001560966 16 0 0 16 0 0 0
EGAN00001560974 20 0 0 20 0 0 0
EGAN00001560985 33 0 0 33 0 0 0
EGAN00001560994 25 0 0 25 0 0 0
EGAN00001560995 29 0 0 29 0 0 0
EGAN00001561020 23 0 0 23 0 0 0
EGAN00001561055 22 0 0 22 0 0 0
EGAN00001561079 23 0 0 23 0 0 0
EGAN00001561085 19 0 0 19 0 0 0
EGAN00001561103 27 0 0 27 0 0 0
EGAN00001561148 18 0 0 18 0 0 0
EGAN00001561154 24 0 0 24 0 0 0
EGAN00001561172 24 0 0 24 0 0 0
EGAN00001561199 16 0 0 16 0 0 0
EGAN00001561200 14 0 0 14 0 0 0
EGAN00001561201 17 0 0 17 0 0 0
EGAN00001561206 15 0 0 15 0 0 0
EGAN00001561221 20 0 0 20 0 0 0
EGAN00001561231 21 0 0 21 0 0 0
EGAN00001561234 19 0 0 19 0 0 0
EGAN00001561251 30 0 0 30 0 0 0
EGAN00001561252 19 0 0 19 0 0 0
EGAN00001561280 23 0 0 23 0 0 0
EGAN00001561296 17 0 0 17 0 0 0
EGAN00001561299 19 0 0 19 0 0 0
EGAN00001561303 22 0 0 22 0 0 0
EGAN00001561312 22 0 0 22 0 0 0
EGAN00001561373 14 0 0 14 0 0 0
EGAN00001561380 20 0 0 20 0 0 0
EGAN00001561393 30 0 0 30 0 0 0
EGAN00001561406 22 0 0 22 0 0 0
EGAN00001561412 21 0 0 21 0 0 0
EGAN00001561414 20 0 0 19 0 1 0
EGAN00001561425 25 0 0 25 0 0 0
EGAN00001561431 29 0 0 29 0 0 0
EGAN00001561442 14 0 0 14 0 0 0
EGAN00001561448 21 0 0 21 0 0 0
EGAN00001561453 20 0 0 20 0 0 0
EGAN00001561456 22 0 0 22 0 0 0
EGAN00001561458 24 0 0 24 0 0 0
EGAN00001561467 13 0 0 13 0 0 0
EGAN00001561476 24 0 0 24 0 0 0
EGAN00001561503 19 0 0 19 0 0 0
EGAN00001561508 24 0 0 24 0 0 0
EGAN00001561510 17 0 0 17 0 0 0
EGAN00001561542 13 0 0 13 0 0 0
EGAN00001561554 21 0 0 21 0 0 0
EGAN00001569013 15 0 0 15 0 0 0
EGAN00001572904 23 0 0 23 0 0 0
EGAN00001572939 27 0 0 27 0 0 0
EGAN00001575966 21 0 0 21 0 0 0
EGAN00001575982 22 0 0 22 0 0 0
EGAN00001576013 15 0 0 15 0 0 0
EGAN00001576017 30 0 0 30 0 0 0
EGAN00001576033 30 0 1 29 0 0 0
EGAN00001576040 26 0 0 26 0 0 0
EGAN00001576047 19 0 0 19 0 0 0
EGAN00001576056 17 0 0 17 0 0 0
EGAN00001576064 26 0 0 26 0 0 0
EGAN00001576068 19 0 0 19 0 0 0
EGAN00001576070 45 0 1 44 0 0 0
EGAN00001576074 25 0 1 24 0 0 0
EGAN00001576094 24 0 1 23 0 0 0
EGAN00001576100 20 0 0 20 0 0 0
EGAN00001576104 32 0 0 32 0 0 0
EGAN00001576114 20 0 0 20 0 0 0
EGAN00001576126 19 0 0 19 0 0 0
EGAN00001576168 32 0 0 31 0 1 0
EGAN00001576188 30 0 0 30 0 0 0
EGAN00001576205 26 0 0 26 0 0 0
EGAN00001576216 28 0 0 28 0 0 0
EGAN00001576226 21 0 0 21 0 0 0
EGAN00001576240 13 0 0 13 0 0 0
EGAN00001576245 18 0 0 18 0 0 0
EGAN00001576247 14 0 1 13 0 0 0
EGAN00001576249 15 0 0 15 0 0 0
EGAN00001576253 19 0 0 19 0 0 0
EGAN00001576258 22 0 0 22 0 0 0
EGAN00001576264 19 0 0 19 0 0 0
EGAN00001576272 22 0 0 22 0 0 0
EGAN00001576273 22 0 0 22 0 0 0
EGAN00001576277 14 0 0 14 0 0 0
EGAN00001576296 18 0 0 18 0 0 0
EGAN00001576314 20 0 0 20 0 0 0
EGAN00001576321 24 0 0 24 0 0 0
EGAN00001576324 28 0 0 28 0 0 0
EGAN00001576334 18 0 0 18 0 0 0
EGAN00001576367 17 0 0 17 0 0 0
EGAN00001576379 25 0 0 25 0 0 0
EGAN00001576393 30 0 0 30 0 0 0
EGAN00001576415 25 0 0 25 0 0 0
EGAN00001576428 24 0 0 24 0 0 0
EGAN00001576431 20 0 0 20 0 0 0
EGAN00001576439 17 0 0 17 0 0 0
EGAN00001576442 19 0 0 19 0 0 0
EGAN00001576452 19 0 0 19 0 0 0
EGAN00001576459 20 0 0 20 0 0 0
EGAN00001576482 28 0 0 28 0 0 0
EGAN00001576490 21 0 0 21 0 0 0
EGAN00001576502 21 0 0 21 0 0 0
EGAN00001576514 16 0 0 16 0 0 0
EGAN00001576515 14 0 0 14 0 0 0
EGAN00001576553 19 0 0 19 0 0 0
EGAN00001576555 19 0 0 19 0 0 0
EGAN00001576558 13 0 0 13 0 0 0
EGAN00001576566 39 0 0 39 0 0 0
EGAN00001576575 25 0 0 25 0 0 0
EGAN00001576611 17 0 0 17 0 0 0
EGAN00001576639 13 0 0 13 0 0 0
EGAN00001576651 35 0 0 35 0 0 0
EGAN00001576682 14 0 0 14 0 0 0
EGAN00001576692 16 0 0 16 0 0 0
EGAN00001576705 12 0 0 12 0 0 0
EGAN00001576718 16 0 0 16 0 0 0
EGAN00001579169 17 0 0 17 0 0 0
EGAN00001579171 19 0 0 19 0 0 0
EGAN00001583153 31 0 0 31 0 0 0
EGAN00001583162 13 0 0 13 0 0 0
EGAN00001583163 11 0 0 11 0 0 0
EGAN00001583178 20 0 0 20 0 0 0
EGAN00001583180 15 0 0 15 0 0 0
EGAN00001583181 12 0 0 12 0 0 0
EGAN00001583193 17 0 0 17 0 0 0
EGAN00001583197 25 0 0 25 0 0 0
EGAN00001583205 22 0 0 22 0 0 0
EGAN00001583212 18 0 0 18 0 0 0
EGAN00001583219 21 0 0 21 0 0 0
EGAN00001583224 17 0 0 17 0 0 0
EGAN00001583226 21 0 0 21 0 0 0
EGAN00001583243 16 0 0 16 0 0 0
EGAN00001583244 20 0 0 20 0 0 0
EGAN00001583254 25 0 0 25 0 0 0
EGAN00001583261 14 0 0 14 0 0 0
EGAN00001583263 22 0 0 22 0 0 0
EGAN00001583265 16 0 0 16 0 0 0
EGAN00001583284 13 0 0 13 0 0 0
EGAN00001583286 22 0 0 22 0 0 0
EGAN00001583301 15 0 1 13 0 1 0
EGAN00001583306 21 0 0 21 0 0 0
EGAN00001583343 24 0 0 24 0 0 0
EGAN00001583345 18 0 0 18 0 0 0
EGAN00001583356 24 0 0 24 0 0 0
EGAN00001583369 13 0 0 13 0 0 0
EGAN00001583385 21 0 0 21 0 0 0
EGAN00001583389 17 0 0 17 0 0 0
EGAN00001583391 17 0 0 17 0 0 0
EGAN00001583392 18 0 0 18 0 0 0
EGAN00001583412 11 0 0 11 0 0 0
EGAN00001583457 15 0 0 15 0 0 0
EGAN00001583470 25 0 0 25 0 0 0
EGAN00001583494 17 0 0 17 0 0 0
EGAN00001583512 20 0 0 20 0 0 0
EGAN00001583541 22 0 0 22 0 0 0
EGAN00001583549 17 0 0 17 0 0 0
EGAN00001583560 20 0 0 20 0 0 0
EGAN00001583568 20 0 0 20 0 0 0
EGAN00001583572 17 0 0 17 0 0 0
EGAN00001583582 17 0 0 17 0 0 0
EGAN00001583601 27 0 0 27 0 0 0
EGAN00001583605 24 0 0 24 0 0 0
EGAN00001583609 21 0 0 20 0 1 0
EGAN00001583611 16 0 0 16 0 0 0
EGAN00001583640 22 0 0 22 0 0 0
EGAN00001583651 18 0 0 18 0 0 0
EGAN00001583686 16 0 0 16 0 0 0
EGAN00001583692 22 0 0 22 0 0 0
EGAN00001583724 17 0 0 17 0 0 0
EGAN00001583742 14 0 0 14 0 0 0
EGAN00001583765 23 0 0 23 0 0 0
EGAN00001583766 24 0 0 24 0 0 0
EGAN00001583772 23 0 1 22 0 0 0
EGAN00001583814 23 0 0 23 0 0 0
EGAN00001583825 15 0 0 15 0 0 0
EGAN00001583828 14 0 0 14 0 0 0
EGAN00001583831 19 0 0 19 0 0 0
EGAN00001583841 15 0 0 15 0 0 0
EGAN00001583853 16 0 0 16 0 0 0
EGAN00001583858 18 0 0 18 0 0 0
EGAN00001583868 13 0 0 13 0 0 0
EGAN00001583899 14 0 0 14 0 0 0
EGAN00001583921 17 0 0 17 0 0 0
EGAN00001583924 18 0 0 18 0 0 0
EGAN00001583925 22 0 0 21 1 0 0
EGAN00001583933 16 0 0 16 0 0 0
EGAN00001584036 28 0 0 28 0 0 0
EGAN00001584047 29 0 0 29 0 0 0
EGAN00001584049 15 0 0 15 0 0 0
EGAN00001584057 16 0 0 16 0 0 0
EGAN00001584062 25 0 0 25 0 0 0
EGAN00001584081 15 0 0 15 0 0 0
EGAN00001584088 20 0 1 19 0 0 0
EGAN00001584090 26 0 0 25 1 0 0
EGAN00001584093 24 0 0 24 0 0 0
EGAN00001584094 18 0 0 18 0 0 0
EGAN00001584105 21 0 0 21 0 0 0
EGAN00001584106 17 0 0 17 0 0 0
EGAN00001584115 15 0 0 15 0 0 0
EGAN00001584121 18 0 0 18 0 0 0
EGAN00001584137 28 0 0 28 0 0 0
EGAN00001584139 13 0 0 13 0 0 0
EGAN00001584140 13 0 0 13 0 0 0
EGAN00001584144 18 0 0 18 0 0 0
EGAN00001584198 17 0 0 17 0 0 0
EGAN00001584205 21 0 0 21 0 0 0
EGAN00001584210 11 0 0 11 0 0 0
EGAN00001584212 22 0 0 22 0 0 0
EGAN00001584219 22 0 0 22 0 0 0
EGAN00001584226 18 0 0 18 0 0 0
EGAN00001584245 16 0 0 16 0 0 0
EGAN00001584254 24 0 0 24 0 0 0
EGAN00001584279 18 0 1 17 0 0 0
EGAN00001584280 17 0 0 17 0 0 0
EGAN00001584292 24 0 0 24 0 0 0
EGAN00001584299 15 0 0 15 0 0 0
EGAN00001584334 20 0 0 20 0 0 0
EGAN00001584348 25 0 1 24 0 0 0
EGAN00001584355 19 0 0 19 0 0 0
EGAN00001584367 30 0 1 29 0 0 0
EGAN00001584368 19 0 0 19 0 0 0
EGAN00001584369 28 0 0 28 0 0 0
EGAN00001584374 17 0 0 17 0 0 0
EGAN00001584384 20 0 0 20 0 0 0
EGAN00001584389 21 0 0 21 0 0 0
EGAN00001584393 22 0 0 22 0 0 0
EGAN00001584404 20 0 0 20 0 0 0
EGAN00001584410 19 0 0 19 0 0 0
EGAN00001584419 20 0 0 20 0 0 0
EGAN00001584421 28 0 0 28 0 0 0
EGAN00001584426 28 0 0 28 0 0 0
EGAN00001584447 26 0 0 26 0 0 0
EGAN00001584469 18 0 0 18 0 0 0
EGAN00001584470 15 0 0 15 0 0 0
EGAN00001584475 21 0 0 21 0 0 0
EGAN00001584497 13 0 0 13 0 0 0
EGAN00001584525 18 0 0 18 0 0 0
EGAN00001584530 22 0 0 22 0 0 0
EGAN00001584531 16 0 0 16 0 0 0
EGAN00001584562 18 0 0 18 0 0 0
EGAN00001584578 19 0 0 19 0 0 0
EGAN00001584585 17 0 0 17 0 0 0
EGAN00001584587 22 0 0 22 0 0 0
EGAN00001584590 16 0 0 16 0 0 0
EGAN00001584594 31 0 0 31 0 0 0
EGAN00001584621 25 0 0 25 0 0 0
EGAN00001584662 22 0 0 22 0 0 0
EGAN00001584670 18 0 0 18 0 0 0
EGAN00001584681 10 0 0 10 0 0 0
EGAN00001584682 20 0 0 20 0 0 0
EGAN00001584686 17 0 0 17 0 0 0
EGAN00001584695 28 0 0 28 0 0 0
EGAN00001584701 25 0 0 25 0 0 0
EGAN00001584748 15 0 0 15 0 0 0
EGAN00001584752 21 0 0 21 0 0 0
EGAN00001584770 18 0 0 18 0 0 0
EGAN00001584776 19 0 0 19 0 0 0
EGAN00001584789 19 0 0 19 0 0 0
EGAN00001584799 18 0 0 18 0 0 0
EGAN00001584807 24 0 0 24 0 0 0
EGAN00001584818 17 0 0 17 0 0 0
EGAN00001584827 17 0 0 17 0 0 0
EGAN00001584831 20 0 0 20 0 0 0
EGAN00001584844 12 0 0 12 0 0 0
EGAN00001584856 16 0 0 16 0 0 0
EGAN00001584876 20 0 0 20 0 0 0
EGAN00001584878 24 0 0 24 0 0 0
EGAN00001584887 20 0 0 20 0 0 0
EGAN00001584890 19 0 0 19 0 0 0
EGAN00001584902 18 0 0 18 0 0 0
EGAN00001584908 18 0 0 18 0 0 0
EGAN00001584924 17 0 0 17 0 0 0
EGAN00001584927 12 0 0 12 0 0 0
EGAN00001584940 17 0 0 17 0 0 0
EGAN00001584952 20 0 0 20 0 0 0
EGAN00001584966 15 0 0 15 0 0 0
EGAN00001584970 16 0 0 16 0 0 0
EGAN00001584972 23 0 0 23 0 0 0
EGAN00001585037 23 0 0 23 0 0 0
EGAN00001585049 19 0 0 19 0 0 0
EGAN00001585062 17 0 0 17 0 0 0
EGAN00001585083 13 0 0 13 0 0 0
EGAN00001585105 16 0 0 16 0 0 0
EGAN00001585131 15 0 0 15 0 0 0
EGAN00001585136 11 0 0 11 0 0 0
EGAN00001585163 16 0 0 16 0 0 0
EGAN00001585167 19 0 0 19 0 0 0
EGAN00001585175 18 0 0 18 0 0 0
EGAN00001585178 19 0 0 19 0 0 0
EGAN00001585191 8 0 0 8 0 0 0
EGAN00001585193 23 0 0 23 0 0 0
EGAN00001585195 17 0 0 17 0 0 0
EGAN00001585197 15 0 0 15 0 0 0
EGAN00001585198 17 0 0 17 0 0 0
EGAN00001585202 23 0 0 23 0 0 0
EGAN00001585228 13 0 0 13 0 0 0
EGAN00001585231 33 0 0 33 0 0 0
EGAN00001585239 16 0 0 16 0 0 0
EGAN00001585244 15 0 0 15 0 0 0
EGAN00001585262 19 0 0 19 0 0 0
EGAN00001585265 27 0 0 27 0 0 0
EGAN00001585280 18 0 0 18 0 0 0
EGAN00001585318 29 0 0 29 0 0 0
EGAN00001585319 21 0 0 21 0 0 0
EGAN00001585322 20 0 0 20 0 0 0
EGAN00001585328 32 0 0 32 0 0 0
EGAN00001585331 31 0 0 31 0 0 0
EGAN00001585337 17 0 0 16 0 1 0
EGAN00001585349 22 0 0 22 0 0 0
EGAN00001585350 28 0 0 28 0 0 0
EGAN00001585368 13 0 0 13 0 0 0
EGAN00001585387 15 0 0 15 0 0 0
EGAN00001585388 23 0 0 23 0 0 0
EGAN00001585391 16 0 0 16 0 0 0
EGAN00001585393 21 0 0 21 0 0 0
EGAN00001585404 21 0 0 21 0 0 0
EGAN00001585423 18 0 1 17 0 0 0
EGAN00001585439 16 0 0 16 0 0 0
EGAN00001585440 22 0 0 22 0 0 0
EGAN00001585449 14 0 0 14 0 0 0
EGAN00001585462 18 0 0 18 0 0 0
EGAN00001585473 14 0 0 14 0 0 0
EGAN00001585477 16 0 0 16 0 0 0
EGAN00001585491 31 0 0 31 0 0 0
EGAN00001585505 22 0 0 22 0 0 0
EGAN00001585506 17 0 0 17 0 0 0
EGAN00001585507 17 0 0 17 0 0 0
EGAN00001585518 13 0 0 13 0 0 0
EGAN00001585529 20 0 0 20 0 0 0
EGAN00001585530 14 0 0 14 0 0 0
EGAN00001585536 19 0 0 19 0 0 0
EGAN00001585557 21 0 0 21 0 0 0
EGAN00001585560 28 0 0 28 0 0 0
EGAN00001585569 21 0 0 21 0 0 0
EGAN00001585604 19 0 0 19 0 0 0
EGAN00001585621 19 0 0 19 0 0 0
EGAN00001585625 16 0 0 16 0 0 0
EGAN00001585628 13 0 0 13 0 0 0
EGAN00001585629 23 0 0 23 0 0 0
EGAN00001585639 17 0 0 17 0 0 0
EGAN00001585649 36 0 0 36 0 0 0
EGAN00001585650 25 0 0 25 0 0 0
EGAN00001585657 16 0 0 16 0 0 0
EGAN00001585676 9 0 0 9 0 0 0
EGAN00001585681 20 0 0 20 0 0 0
EGAN00001585693 18 0 0 18 0 0 0
EGAN00001585705 13 0 0 13 0 0 0
EGAN00001585726 16 0 0 16 0 0 0
EGAN00001585735 21 0 0 21 0 0 0
EGAN00001585751 17 0 0 17 0 0 0
EGAN00001585755 23 0 0 23 0 0 0
EGAN00001585773 12 0 0 12 0 0 0
EGAN00001585802 20 0 0 20 0 0 0
EGAN00001585821 20 0 0 20 0 0 0
EGAN00001585822 16 0 0 16 0 0 0
EGAN00001585840 20 0 0 20 0 0 0
EGAN00001585842 24 0 0 24 0 0 0
EGAN00001585849 25 0 0 25 0 0 0
EGAN00001585852 23 0 0 23 0 0 0
EGAN00001585857 26 0 0 26 0 0 0
EGAN00001585870 19 0 0 19 0 0 0
EGAN00001585871 18 0 0 18 0 0 0
EGAN00001585884 23 0 1 22 0 0 0
EGAN00001585910 35 0 0 35 0 0 0
EGAN00001585946 22 0 0 22 0 0 0
EGAN00001585953 13 0 0 13 0 0 0
EGAN00001585980 18 0 0 18 0 0 0
EGAN00001585989 31 0 0 31 0 0 0
EGAN00001586004 10 0 0 10 0 0 0
EGAN00001586011 16 0 0 16 0 0 0
EGAN00001586036 16 0 0 16 0 0 0
EGAN00001586045 23 0 0 23 0 0 0
EGAN00001586049 19 0 0 19 0 0 0
EGAN00001586050 25 0 0 25 0 0 0
EGAN00001586055 19 0 0 19 0 0 0
EGAN00001586060 22 0 0 22 0 0 0
EGAN00001586066 18 0 0 18 0 0 0
EGAN00001586069 15 0 0 15 0 0 0
EGAN00001586081 19 0 0 19 0 0 0
EGAN00001586083 17 0 0 17 0 0 0
EGAN00001586104 13 0 0 13 0 0 0
EGAN00001586112 19 0 0 19 0 0 0
EGAN00001586117 20 0 0 20 0 0 0
EGAN00001586125 18 0 0 18 0 0 0
EGAN00001586148 20 0 0 20 0 0 0
EGAN00001586165 16 0 0 16 0 0 0
EGAN00001586175 22 0 0 22 0 0 0
EGAN00001586181 14 0 0 14 0 0 0
EGAN00001586191 14 0 0 14 0 0 0
EGAN00001586205 21 0 0 21 0 0 0
EGAN00001586206 25 0 0 25 0 0 0
EGAN00001599246 14 0 0 13 0 0 1
EGAN00001599251 16 0 0 16 0 0 0
EGAN00001599261 22 0 0 22 0 0 0
EGAN00001599262 24 0 0 24 0 0 0
EGAN00001599270 16 0 0 16 0 0 0
EGAN00001599275 16 0 0 16 0 0 0
EGAN00001599281 16 0 0 16 0 0 0
EGAN00001599290 15 0 0 15 0 0 0
EGAN00001599298 26 0 0 26 0 0 0
EGAN00001599353 26 0 0 26 0 0 0
EGAN00001599360 16 0 0 16 0 0 0
EGAN00001599375 17 0 0 17 0 0 0
EGAN00001599391 20 0 0 20 0 0 0
EGAN00001599393 18 0 0 18 0 0 0
EGAN00001599404 24 0 0 24 0 0 0
EGAN00001599406 19 0 0 19 0 0 0
EGAN00001599407 22 0 0 22 0 0 0
EGAN00001599410 18 0 0 18 0 0 0
EGAN00001599411 17 0 0 17 0 0 0
EGAN00001599421 19 0 0 19 0 0 0
EGAN00001599432 19 0 0 19 0 0 0
EGAN00001599445 17 0 0 17 0 0 0
EGAN00001599448 18 0 0 18 0 0 0
EGAN00001599449 20 0 0 20 0 0 0
EGAN00001599452 25 0 0 25 0 0 0
EGAN00001599455 21 0 0 21 0 0 0
EGAN00001599456 21 0 0 21 0 0 0
EGAN00001599457 21 0 0 21 0 0 0
EGAN00001599461 25 0 0 25 0 0 0
EGAN00001599480 18 0 0 18 0 0 0
EGAN00001599501 26 0 0 26 0 0 0
EGAN00001599506 18 0 0 17 0 1 0
EGAN00001599542 21 0 0 21 0 0 0
EGAN00001599555 26 0 0 26 0 0 0
EGAN00001599567 11 0 0 11 0 0 0
EGAN00001599576 22 0 0 22 0 0 0
EGAN00001599593 23 0 0 23 0 0 0
EGAN00001599599 21 0 0 21 0 0 0
EGAN00001599625 22 0 0 22 0 0 0
EGAN00001599637 61 0 0 61 0 0 0
EGAN00001599655 43 0 0 43 0 0 0
EGAN00001599686 13 0 0 13 0 0 0
EGAN00001599694 14 0 0 14 0 0 0
EGAN00001599696 28 0 0 28 0 0 0
EGAN00001599700 17 0 0 17 0 0 0
EGAN00001599703 27 0 0 27 0 0 0
EGAN00001599711 19 0 0 19 0 0 0
EGAN00001599722 24 0 0 24 0 0 0
EGAN00001599749 17 0 0 17 0 0 0
EGAN00001599760 16 0 0 16 0 0 0
EGAN00001599774 26 0 0 26 0 0 0
EGAN00001599777 17 0 0 17 0 0 0
EGAN00001599780 24 0 0 24 0 0 0
EGAN00001599802 23 0 0 23 0 0 0
EGAN00001599817 18 0 0 18 0 0 0
EGAN00001599825 21 0 0 21 0 0 0
EGAN00001599870 14 0 0 14 0 0 0
EGAN00001599876 12 0 0 12 0 0 0
EGAN00001599887 13 0 0 13 0 0 0
EGAN00001599896 14 0 0 14 0 0 0
EGAN00001599904 21 0 0 21 0 0 0
EGAN00001599915 24 0 0 24 0 0 0
EGAN00001599917 17 0 0 17 0 0 0
EGAN00001599932 25 0 0 25 0 0 0
EGAN00001671033 13 0 0 13 0 0 0
EGAN00001671807 16 0 0 16 0 0 0
EGAN00001671828 13 0 0 13 0 0 0
EGAN00001671840 19 0 0 19 0 0 0
EGAN00001671857 24 0 0 23 1 0 0
EGAN00001671875 16 0 0 16 0 0 0
EGAN00001671876 13 0 1 12 0 0 0
EGAN00001671878 23 0 0 23 0 0 0
EGAN00001671882 14 0 0 14 0 0 0
EGAN00001671919 23 0 0 23 0 0 0
EGAN00001671924 18 0 0 18 0 0 0
EGAN00001671928 24 0 0 24 0 0 0
EGAN00001671936 15 0 0 15 0 0 0
EGAN00001671948 17 0 0 17 0 0 0
EGAN00001671983 15 0 0 15 0 0 0
EGAN00001671999 20 0 0 20 0 0 0
EGAN00001672009 23 0 0 23 0 0 0
EGAN00001672013 14 0 0 14 0 0 0
EGAN00001672017 17 0 0 17 0 0 0
EGAN00001672025 23 0 0 23 0 0 0
EGAN00001672026 14 0 0 14 0 0 0
EGAN00001672054 39 0 1 38 0 0 0
EGAN00001672062 16 0 0 16 0 0 0
EGAN00001672074 21 0 0 21 0 0 0
EGAN00001672084 21 0 0 21 0 0 0
EGAN00001672093 13 0 0 13 0 0 0
EGAN00001672100 12 0 0 12 0 0 0
EGAN00001672104 27 0 0 27 0 0 0
EGAN00001672114 17 0 0 17 0 0 0
EGAN00001672116 14 0 0 13 1 0 0
EGAN00001672124 12 0 0 12 0 0 0
EGAN00001672126 12 0 0 12 0 0 0
EGAN00001672134 17 0 0 17 0 0 0
EGAN00001672147 23 0 0 23 0 0 0
EGAN00001672148 29 0 1 28 0 0 0
EGAN00001672152 15 0 0 15 0 0 0
EGAN00001672156 14 0 0 14 0 0 0
EGAN00001672161 16 0 0 16 0 0 0
EGAN00001672165 19 0 0 19 0 0 0
EGAN00001672169 10 0 0 10 0 0 0
EGAN00001672173 13 0 0 13 0 0 0
EGAN00001672178 13 0 0 13 0 0 0
EGAN00001672183 25 0 0 25 0 0 0
EGAN00001672190 16 0 0 16 0 0 0
EGAN00001672197 20 0 0 20 0 0 0
EGAN00001672210 22 0 0 22 0 0 0
EGAN00001672232 17 0 0 17 0 0 0
EGAN00001672243 18 0 0 18 0 0 0
EGAN00001672284 18 0 0 18 0 0 0
EGAN00001672288 15 0 0 15 0 0 0
EGAN00001672308 21 0 0 21 0 0 0
EGAN00001672316 18 0 0 18 0 0 0
EGAN00001672322 16 0 0 16 0 0 0
EGAN00001672330 21 0 0 21 0 0 0
EGAN00001672333 10 0 0 10 0 0 0
EGAN00001672334 11 0 0 11 0 0 0
EGAN00001672345 16 0 0 16 0 0 0
EGAN00001672354 24 0 0 23 1 0 0
EGAN00001672363 18 0 0 18 0 0 0
EGAN00001672376 19 0 0 19 0 0 0
EGAN00001672378 12 0 0 12 0 0 0
EGAN00001672383 28 0 0 28 0 0 0
EGAN00001672411 22 0 0 22 0 0 0
EGAN00001672428 15 0 0 15 0 0 0
EGAN00001672439 21 0 0 21 0 0 0
EGAN00001672452 16 0 0 16 0 0 0
EGAN00001672457 20 0 0 20 0 0 0
EGAN00001672462 20 0 0 20 0 0 0
EGAN00001672511 13 0 0 13 0 0 0
EGAN00001672536 20 0 0 20 0 0 0
EGAN00001672538 18 0 0 18 0 0 0
EGAN00001672542 15 0 0 15 0 0 0
EGAN00001672553 28 0 0 28 0 0 0
EGAN00001672554 18 0 0 18 0 0 0
EGAN00001672565 24 0 0 24 0 0 0
EGAN00001672572 15 0 0 15 0 0 0
EGAN00001672578 18 0 0 17 0 1 0
EGAN00001672580 14 0 0 14 0 0 0
EGAN00001672585 20 0 0 20 0 0 0
EGAN00001672593 15 0 0 15 0 0 0
EGAN00001672597 16 0 0 15 0 1 0
EGAN00001672601 26 0 0 26 0 0 0
EGAN00001672631 24 0 0 24 0 0 0
EGAN00001672646 24 0 0 24 0 0 0
EGAN00001672651 25 0 0 25 0 0 0
EGAN00001672675 9 0 0 9 0 0 0
EGAN00001672687 28 0 0 28 0 0 0
EGAN00001672714 22 0 0 22 0 0 0
EGAN00001672719 20 0 0 20 0 0 0
EGAN00001672736 25 0 0 25 0 0 0
EGAN00001672744 12 0 0 12 0 0 0
EGAN00001672745 16 0 0 16 0 0 0
EGAN00001672751 21 0 0 21 0 0 0
EGAN00001672763 22 0 0 22 0 0 0
EGAN00001672783 16 0 0 16 0 0 0
EGAN00001672790 22 0 0 22 0 0 0
EGAN00001672794 20 0 0 20 0 0 0
EGAN00001672797 22 0 0 22 0 0 0
EGAN00001672813 20 0 0 20 0 0 0
EGAN00001672820 25 0 0 25 0 0 0
EGAN00001672833 23 0 0 23 0 0 0
EGAN00001672839 17 0 0 17 0 0 0
EGAN00001672848 25 0 0 25 0 0 0
EGAN00001672870 25 0 0 25 0 0 0
EGAN00001672873 16 0 0 16 0 0 0
EGAN00001672877 18 0 0 18 0 0 0
EGAN00001672886 26 0 0 26 0 0 0
EGAN00001672896 29 0 0 29 0 0 0
EGAN00001672914 17 0 1 16 0 0 0
EGAN00001672923 17 0 0 17 0 0 0
EGAN00001672926 16 0 0 16 0 0 0
EGAN00001672930 19 0 0 19 0 0 0
EGAN00001672933 23 0 0 23 0 0 0
EGAN00001672940 26 0 0 26 0 0 0
EGAN00001672947 15 0 0 15 0 0 0
EGAN00001672969 20 0 1 19 0 0 0
EGAN00001672988 10 0 0 10 0 0 0
EGAN00001673014 41 0 0 41 0 0 0
EGAN00001673075 16 0 0 16 0 0 0
EGAN00001673103 22 0 0 22 0 0 0
EGAN00001673106 20 0 0 20 0 0 0
EGAN00001673115 19 0 0 19 0 0 0
EGAN00001673116 17 0 0 17 0 0 0
EGAN00001673128 18 0 0 18 0 0 0
EGAN00001673142 22 0 0 22 0 0 0
EGAN00001673167 32 0 0 32 0 0 0
EGAN00001673209 23 0 0 23 0 0 0
EGAN00001673245 13 0 0 13 0 0 0
EGAN00001673252 23 0 0 23 0 0 0
EGAN00001673257 23 0 0 23 0 0 0
EGAN00001673263 21 0 0 21 0 0 0
EGAN00001673285 16 0 0 16 0 0 0
EGAN00001673292 17 0 0 17 0 0 0
EGAN00001673302 14 0 0 14 0 0 0
EGAN00001673321 20 0 0 20 0 0 0
EGAN00001673329 19 0 0 19 0 0 0
EGAN00001673335 16 0 0 16 0 0 0
EGAN00001673347 16 0 0 16 0 0 0
EGAN00001673371 19 0 0 19 0 0 0
EGAN00001673418 21 0 0 21 0 0 0
EGAN00001673422 24 0 0 24 0 0 0
EGAN00001673446 20 0 0 20 0 0 0
EGAN00001673458 18 0 0 18 0 0 0
EGAN00001673521 24 0 0 24 0 0 0
EGAN00001673523 20 0 0 20 0 0 0
EGAN00001673532 16 0 0 16 0 0 0
EGAN00001673562 10 0 0 10 0 0 0
EGAN00001673578 15 0 0 15 0 0 0
EGAN00001673580 9 0 0 9 0 0 0
EGAN00001673583 28 0 0 28 0 0 0
EGAN00001673597 24 0 0 24 0 0 0
EGAN00001673607 18 0 0 18 0 0 0
EGAN00001673611 14 0 0 14 0 0 0
EGAN00001673632 20 0 0 20 0 0 0
EGAN00001673637 15 0 0 15 0 0 0
EGAN00001673670 18 0 0 18 0 0 0
EGAN00001673677 18 0 0 18 0 0 0
EGAN00001673693 18 0 0 18 0 0 0
EGAN00001673700 28 0 0 28 0 0 0
EGAN00001673727 27 0 0 27 0 0 0
EGAN00001673751 16 0 0 16 0 0 0
EGAN00001673782 21 0 0 21 0 0 0
EGAN00001673804 24 0 0 24 0 0 0
EGAN00001673810 22 0 0 22 0 0 0
EGAN00001730343 20 0 0 20 0 0 0
EGAN00001730397 14 0 0 14 0 0 0
EGAN00001730410 26 0 0 26 0 0 0
EGAN00001730434 32 0 0 32 0 0 0
EGAN00001730447 20 0 0 20 0 0 0
EGAN00001730450 17 0 0 17 0 0 0
EGAN00001730455 18 0 0 18 0 0 0
EGAN00001730460 16 0 0 16 0 0 0
EGAN00001730488 22 0 0 22 0 0 0
EGAN00001730502 14 0 0 14 0 0 0
EGAN00001730503 15 0 0 15 0 0 0
EGAN00001730521 11 0 0 11 0 0 0
EGAN00001730523 18 0 0 18 0 0 0
EGAN00001730529 16 0 0 16 0 0 0
EGAN00001740624 18 0 0 18 0 0 0
EGAN00001740630 21 0 0 21 0 0 0
EGAN00001740633 22 0 0 22 0 0 0
EGAN00001740634 20 0 0 20 0 0 0
EGAN00001740641 25 0 0 25 0 0 0
EGAN00001740654 18 0 0 18 0 0 0
EGAN00001740657 14 0 0 14 0 0 0
EGAN00001740658 15 0 0 15 0 0 0
EGAN00001740673 14 0 0 14 0 0 0
EGAN00001740680 15 0 0 15 0 0 0
EGAN00001740686 19 0 0 19 0 0 0
EGAN00001740691 22 0 0 22 0 0 0
EGAN00001740692 21 0 0 21 0 0 0
EGAN00001740695 18 0 0 18 0 0 0
EGAN00001740700 18 0 0 18 0 0 0
EGAN00001740704 15 0 0 15 0 0 0
EGAN00001740742 24 0 0 23 1 0 0
EGAN00001740752 21 0 0 21 0 0 0
EGAN00001740772 20 0 0 20 0 0 0
EGAN00001740774 8 0 0 8 0 0 0
EGAN00001740796 8 0 0 8 0 0 0
EGAN00001740797 16 0 0 16 0 0 0
EGAN00001740802 20 0 0 20 0 0 0
EGAN00001740806 15 0 0 15 0 0 0
EGAN00001740827 20 0 0 20 0 0 0
EGAN00001740848 11 0 0 11 0 0 0
EGAN00001740858 16 0 0 16 0 0 0
EGAN00001740884 21 0 0 21 0 0 0
EGAN00001740885 23 0 0 23 0 0 0
EGAN00001740904 16 0 0 16 0 0 0
EGAN00001740906 11 0 0 11 0 0 0
EGAN00001740907 22 0 0 22 0 0 0
EGAN00001740918 18 0 0 18 0 0 0
EGAN00001740921 17 0 0 17 0 0 0
EGAN00001740927 16 0 0 16 0 0 0
EGAN00001740932 18 0 0 16 0 0 2
EGAN00001740944 22 0 0 22 0 0 0
EGAN00001740955 20 0 0 20 0 0 0
EGAN00001740957 12 0 0 12 0 0 0
EGAN00001740967 20 0 0 20 0 0 0
EGAN00001740970 20 0 0 20 0 0 0
EGAN00001740973 11 0 0 11 0 0 0
EGAN00001740978 17 0 0 17 0 0 0
EGAN00001740988 22 0 0 22 0 0 0
EGAN00001741035 19 0 1 18 0 0 0
EGAN00001741056 27 0 1 26 0 0 0
EGAN00001741057 20 0 0 20 0 0 0
EGAN00001741066 7 0 0 7 0 0 0
EGAN00001741073 25 0 0 25 0 0 0
EGAN00001741075 18 0 0 18 0 0 0
EGAN00001741087 18 0 0 18 0 0 0
EGAN00001741090 15 0 0 15 0 0 0
EGAN00001741093 17 0 0 17 0 0 0
EGAN00001741099 20 0 0 20 0 0 0
EGAN00001741107 23 0 0 23 0 0 0
EGAN00001741120 32 0 0 32 0 0 0
EGAN00001741122 19 0 0 19 0 0 0
EGAN00001741140 18 0 0 18 0 0 0
EGAN00001741150 14 0 0 14 0 0 0
EGAN00001741154 25 0 0 25 0 0 0
EGAN00001797988 20 0 0 20 0 0 0
EGAN00001797994 17 0 0 17 0 0 0
EGAN00001797996 21 0 0 21 0 0 0
EGAN00001798007 18 0 0 18 0 0 0
EGAN00001798008 18 0 0 18 0 0 0
EGAN00001798021 19 0 0 19 0 0 0
EGAN00001798030 23 0 0 23 0 0 0
EGAN00001798074 17 0 0 17 0 0 0
EGAN00001798091 13 0 0 13 0 0 0
EGAN00001798092 17 0 0 17 0 0 0
EGAN00001798104 12 0 0 12 0 0 0
EGAN00001798154 14 0 0 14 0 0 0
EGAN00001798162 20 0 0 20 0 0 0
EGAN00001798177 27 0 0 27 0 0 0
EGAN00001798191 21 0 0 21 0 0 0
EGAN00001798203 24 0 0 24 0 0 0
EGAN00001798255 21 0 0 21 0 0 0
EGAN00001798262 15 0 0 15 0 0 0
EGAN00001798269 24 0 0 24 0 0 0
EGAN00001798282 18 0 0 18 0 0 0
EGAN00001798285 21 0 0 21 0 0 0
EGAN00001798300 18 0 0 18 0 0 0
EGAN00001798317 17 0 0 17 0 0 0
EGAN00001798327 24 0 1 23 0 0 0
EGAN00001798330 13 0 0 13 0 0 0
EGAN00001798339 14 0 0 14 0 0 0
EGAN00001798342 10 0 0 10 0 0 0
EGAN00001798347 22 0 0 22 0 0 0
EGAN00001798348 11 0 0 11 0 0 0
EGAN00001798351 17 0 0 17 0 0 0
EGAN00001798359 19 0 1 18 0 0 0
EGAN00001798360 15 0 0 15 0 0 0
EGAN00001798367 18 0 0 18 0 0 0
EGAN00001798381 16 0 0 16 0 0 0
EGAN00001798382 21 0 0 21 0 0 0
EGAN00001798397 18 0 0 18 0 0 0
EGAN00001798404 13 0 0 13 0 0 0
EGAN00001798412 22 0 0 22 0 0 0
EGAN00001798435 18 0 0 18 0 0 0
EGAN00001798443 15 0 0 15 0 0 0
EGAN00001798445 29 0 1 28 0 0 0
EGAN00001798453 27 0 0 27 0 0 0
EGAN00001798480 35 0 0 35 0 0 0
EGAN00001798482 19 0 0 19 0 0 0
EGAN00001798483 18 0 0 18 0 0 0
EGAN00001798484 11 0 0 11 0 0 0
EGAN00001798492 17 0 0 17 0 0 0
EGAN00001798495 22 0 0 22 0 0 0
EGAN00001798498 20 0 0 20 0 0 0
EGAN00001798506 30 0 0 30 0 0 0
EGAN00001798511 16 0 0 16 0 0 0
EGAN00001798521 16 0 0 16 0 0 0
EGAN00001798534 19 0 0 19 0 0 0
EGAN00001798550 20 0 0 20 0 0 0
EGAN00001798551 15 0 0 15 0 0 0
EGAN00001798564 17 0 0 17 0 0 0
EGAN00001798565 26 0 0 26 0 0 0
EGAN00001798570 13 0 0 13 0 0 0
EGAN00001798574 23 0 0 23 0 0 0
EGAN00001798607 22 0 0 22 0 0 0
EGAN00001798625 25 0 0 25 0 0 0
EGAN00001798626 15 0 0 15 0 0 0
EGAN00001798632 16 0 0 16 0 0 0
EGAN00001798647 13 0 0 13 0 0 0
EGAN00001798653 17 0 0 17 0 0 0
EGAN00001798666 20 0 0 20 0 0 0
EGAN00001798669 14 0 0 14 0 0 0
EGAN00001798695 19 0 0 19 0 0 0
EGAN00001798708 20 0 0 20 0 0 0
EGAN00001830726 18 0 0 18 0 0 0
EGAN00001830730 13 0 0 13 0 0 0
EGAN00001830735 11 0 0 11 0 0 0
EGAN00001830736 15 0 0 15 0 0 0
EGAN00001830748 11 0 0 11 0 0 0
EGAN00001830757 11 0 0 11 0 0 0
EGAN00001830766 21 0 0 21 0 0 0
EGAN00001830784 18 0 0 18 0 0 0
EGAN00001830804 7 0 0 7 0 0 0
EGAN00001830806 22 0 0 22 0 0 0
EGAN00001830813 8 0 0 8 0 0 0
EGAN00001830822 11 0 0 11 0 0 0
EGAN00001830825 26 0 0 26 0 0 0
EGAN00001830830 9 0 0 9 0 0 0
EGAN00001830831 14 0 0 14 0 0 0
EGAN00001830836 18 0 0 18 0 0 0
EGAN00001830837 15 0 0 15 0 0 0
EGAN00001830839 20 0 0 20 0 0 0
EGAN00001830844 14 0 0 14 0 0 0
EGAN00001830849 21 0 0 21 0 0 0
EGAN00001830870 14 0 0 14 0 0 0
EGAN00001830878 26 0 1 25 0 0 0
EGAN00001830880 12 0 0 12 0 0 0
EGAN00001830882 16 0 0 16 0 0 0
EGAN00001830889 21 0 0 21 0 0 0
EGAN00001830896 18 0 0 18 0 0 0
EGAN00001830921 21 0 0 21 0 0 0
EGAN00001830930 20 0 0 20 0 0 0
EGAN00001830942 23 0 0 23 0 0 0
EGAN00001830943 10 0 0 10 0 0 0
EGAN00001830956 20 0 0 20 0 0 0
EGAN00001830959 18 0 0 18 0 0 0
