Sample Depth = A C G T N
EGAN00001008152 26 0 0 0 1 25 0
EGAN00001008240 29 0 0 0 0 29 0
EGAN00001008480 18 0 0 0 0 18 0
EGAN00001021279 20 0 0 0 0 20 0
EGAN00001021287 31 0 1 1 0 29 0
EGAN00001021349 24 0 0 0 0 24 0
EGAN00001021460 28 0 0 0 0 28 0
EGAN00001021482 17 0 0 0 0 17 0
EGAN00001021497 20 0 0 0 0 20 0
EGAN00001021529 20 0 0 0 0 20 0
EGAN00001021566 23 0 0 0 0 23 0
EGAN00001021591 24 0 0 0 0 24 0
EGAN00001021602 18 0 0 0 0 18 0
EGAN00001021616 19 0 0 0 0 19 0
EGAN00001021618 28 0 0 0 1 27 0
EGAN00001021722 20 0 0 0 1 19 0
EGAN00001021724 17 0 0 0 0 17 0
EGAN00001021747 18 0 0 0 0 18 0
EGAN00001021767 18 0 0 0 0 18 0
EGAN00001021773 16 0 0 0 0 16 0
EGAN00001021774 18 0 0 0 0 18 0
EGAN00001021779 15 0 0 0 0 15 0
EGAN00001021807 13 0 0 0 0 13 0
EGAN00001021818 17 0 0 0 0 17 0
EGAN00001021838 23 0 0 0 0 23 0
EGAN00001021842 23 0 0 0 0 23 0
EGAN00001021852 9 0 0 0 0 9 0
EGAN00001021861 10 0 0 0 0 10 0
EGAN00001021877 13 0 0 0 0 13 0
EGAN00001021992 12 0 0 0 0 12 0
EGAN00001021995 27 0 0 0 0 27 0
EGAN00001022009 24 0 0 0 2 22 0
EGAN00001022024 16 0 0 0 0 16 0
EGAN00001022028 14 0 0 0 0 14 0
EGAN00001022070 26 0 0 0 0 26 0
EGAN00001022071 14 0 0 0 0 14 0
EGAN00001022073 10 0 0 0 0 10 0
EGAN00001022269 8 0 0 0 0 8 0
EGAN00001022287 13 0 0 0 0 13 0
EGAN00001022694 20 0 0 0 0 20 0
EGAN00001022728 18 0 0 0 0 18 0
EGAN00001022747 15 0 0 0 0 15 0
EGAN00001022776 20 0 0 0 0 20 0
EGAN00001022786 12 0 0 0 0 12 0
EGAN00001022788 17 0 0 0 0 17 0
EGAN00001022798 24 0 0 0 0 24 0
EGAN00001022907 8 0 0 0 0 8 0
EGAN00001022925 18 0 0 0 0 18 0
EGAN00001022928 25 0 0 0 0 25 0
EGAN00001022933 18 0 0 0 1 17 0
EGAN00001022944 17 0 0 0 0 17 0
EGAN00001022965 17 0 0 0 0 17 0
EGAN00001022970 20 0 0 0 0 20 0
EGAN00001022976 17 0 0 0 0 17 0
EGAN00001022977 10 0 0 0 0 10 0
EGAN00001022985 17 0 0 0 1 16 0
EGAN00001022994 18 0 0 0 0 18 0
EGAN00001022999 28 0 0 0 0 28 0
EGAN00001023013 11 0 0 0 0 11 0
EGAN00001023048 16 0 0 1 0 15 0
EGAN00001023052 17 0 0 0 0 17 0
EGAN00001023062 14 0 0 0 0 14 0
EGAN00001023065 21 0 0 0 0 21 0
EGAN00001023090 19 0 0 0 0 19 0
EGAN00001023109 13 0 0 0 0 13 0
EGAN00001023113 9 0 0 0 0 9 0
EGAN00001023144 16 0 0 0 0 16 0
EGAN00001023149 21 0 0 0 0 21 0
EGAN00001023165 25 0 0 0 0 25 0
EGAN00001023440 13 0 0 0 1 12 0
EGAN00001023443 19 0 0 0 0 19 0
EGAN00001023451 21 0 0 0 1 20 0
EGAN00001023536 21 0 0 0 0 21 0
EGAN00001024052 17 0 0 0 0 17 0
EGAN00001024169 13 0 0 0 0 13 0
EGAN00001024175 17 0 0 0 0 17 0
EGAN00001024242 22 0 0 0 0 22 0
EGAN00001024268 28 0 0 0 0 28 0
EGAN00001024339 18 0 0 0 0 18 0
EGAN00001025821 20 0 0 0 0 20 0
EGAN00001025877 13 0 0 0 0 13 0
EGAN00001026203 21 0 0 0 0 21 0
EGAN00001026429 22 0 0 0 0 22 0
EGAN00001026576 21 0 0 0 0 21 0
EGAN00001026589 9 0 0 0 0 9 0
EGAN00001026598 21 0 0 0 2 19 0
EGAN00001026629 24 0 0 0 0 24 0
EGAN00001026694 20 0 0 0 1 19 0
EGAN00001026814 27 0 0 0 1 26 0
EGAN00001027202 20 0 0 0 0 20 0
EGAN00001027204 27 0 0 0 0 27 0
EGAN00001027205 20 0 0 0 0 20 0
EGAN00001027212 33 0 0 0 0 33 0
EGAN00001027340 24 0 0 0 1 23 0
EGAN00001027395 22 0 0 0 0 22 0
EGAN00001027418 5 0 0 0 0 5 0
EGAN00001027453 21 0 0 0 0 21 0
EGAN00001027462 16 0 0 0 0 16 0
EGAN00001027463 11 0 0 0 0 11 0
EGAN00001027475 23 0 0 0 0 23 0
EGAN00001027505 16 0 0 0 0 16 0
EGAN00001027540 19 0 0 0 0 19 0
EGAN00001073920 17 0 0 0 1 16 0
EGAN00001073921 16 0 0 0 1 15 0
EGAN00001073922 16 0 0 0 0 16 0
EGAN00001074781 17 0 0 0 0 17 0
EGAN00001074834 28 0 0 0 0 28 0
EGAN00001074854 33 0 0 0 0 33 0
EGAN00001074864 21 0 0 0 0 21 0
EGAN00001074869 31 0 0 0 0 31 0
EGAN00001074873 19 0 0 0 1 18 0
EGAN00001074875 16 0 0 0 0 16 0
EGAN00001079317 20 0 0 0 0 20 0
EGAN00001079328 16 0 0 0 0 16 0
EGAN00001079401 19 0 0 0 0 19 0
EGAN00001079414 24 0 0 0 0 24 0
EGAN00001079479 17 0 0 0 0 17 0
EGAN00001079481 18 0 0 0 0 18 0
EGAN00001079505 7 0 0 0 0 7 0
EGAN00001079506 22 0 0 0 0 22 0
EGAN00001079561 25 0 0 0 0 25 0
EGAN00001079572 12 0 0 0 0 12 0
EGAN00001079662 16 0 0 0 0 16 0
EGAN00001079666 14 0 0 0 0 14 0
EGAN00001079696 21 0 0 0 0 21 0
EGAN00001079780 14 0 0 0 1 13 0
EGAN00001080216 22 0 0 1 0 21 0
EGAN00001080226 24 0 0 0 0 24 0
EGAN00001240157 21 0 0 0 1 20 0
EGAN00001240272 16 0 0 0 0 16 0
EGAN00001240612 18 0 0 0 0 18 0
EGAN00001240628 20 0 0 0 0 20 0
EGAN00001240764 19 0 0 0 0 19 0
EGAN00001240779 25 0 0 0 0 25 0
EGAN00001240905 8 0 0 0 0 8 0
EGAN00001241156 16 0 0 0 0 16 0
EGAN00001241214 21 0 0 0 0 21 0
EGAN00001241247 13 0 0 0 0 13 0
EGAN00001241334 18 0 0 0 0 18 0
EGAN00001241394 15 0 0 0 0 15 0
EGAN00001241506 15 0 0 0 0 15 0
EGAN00001241817 19 0 0 0 0 19 0
EGAN00001241861 23 0 0 0 0 23 0
EGAN00001241906 16 0 0 0 0 16 0
EGAN00001241963 22 0 0 0 0 22 0
EGAN00001241982 17 0 0 0 1 16 0
EGAN00001242082 15 0 0 0 0 15 0
EGAN00001242253 25 0 0 0 1 24 0
EGAN00001242280 16 0 0 0 0 16 0
EGAN00001242309 23 0 0 0 0 23 0
EGAN00001242516 13 0 0 0 0 13 0
EGAN00001242562 30 0 0 0 0 30 0
EGAN00001242628 15 0 0 0 0 15 0
EGAN00001242652 12 0 0 0 0 12 0
EGAN00001242720 16 0 0 0 0 16 0
EGAN00001242723 16 0 0 0 0 16 0
EGAN00001242952 18 0 0 0 1 17 0
EGAN00001243036 22 0 0 0 0 22 0
EGAN00001243053 26 0 0 0 0 26 0
EGAN00001243054 23 0 0 0 0 23 0
EGAN00001243109 17 0 0 0 0 17 0
EGAN00001243140 23 0 0 0 2 21 0
EGAN00001243144 38 0 0 0 0 38 0
EGAN00001243226 13 0 0 0 0 13 0
EGAN00001243294 16 0 0 0 0 16 0
EGAN00001243323 17 0 0 0 0 17 0
EGAN00001243343 16 0 0 0 0 16 0
EGAN00001243402 19 0 0 0 1 18 0
EGAN00001243503 9 0 0 0 0 9 0
EGAN00001243681 22 0 0 0 1 21 0
EGAN00001243731 22 0 0 0 0 22 0
EGAN00001243755 21 0 0 0 0 21 0
EGAN00001243780 17 0 0 0 1 16 0
EGAN00001243786 20 0 0 0 0 20 0
EGAN00001243946 12 0 0 0 0 12 0
EGAN00001244068 17 0 0 0 1 16 0
EGAN00001244108 18 0 0 0 0 18 0
EGAN00001244157 33 0 0 0 0 33 0
EGAN00001244308 17 0 0 0 0 17 0
EGAN00001244475 9 0 0 0 0 9 0
EGAN00001244572 15 0 0 0 0 15 0
EGAN00001244592 17 0 0 0 0 17 0
EGAN00001244659 20 0 0 0 0 20 0
EGAN00001244730 18 0 0 0 0 18 0
EGAN00001244763 23 0 0 0 0 23 0
EGAN00001244776 11 0 0 0 0 11 0
EGAN00001245103 18 0 0 0 0 18 0
EGAN00001245122 21 0 0 0 0 21 0
EGAN00001245134 22 0 0 0 0 22 0
EGAN00001245179 8 0 0 0 0 8 0
EGAN00001245323 28 0 0 0 0 28 0
EGAN00001245434 23 0 0 0 0 23 0
EGAN00001245840 16 0 0 0 0 16 0
EGAN00001246009 19 0 0 0 0 19 0
EGAN00001246021 18 0 0 0 0 18 0
EGAN00001246023 19 0 0 0 0 19 0
EGAN00001246063 17 0 0 0 0 17 0
EGAN00001246077 18 0 0 0 1 17 0
EGAN00001246246 15 0 0 0 0 15 0
EGAN00001246783 19 0 0 0 0 19 0
EGAN00001247049 18 0 0 0 0 18 0
EGAN00001247152 17 0 0 0 0 17 0
EGAN00001247246 15 0 0 0 0 15 0
EGAN00001247313 31 0 0 0 0 31 0
EGAN00001247500 12 0 0 0 0 12 0
EGAN00001247568 28 0 0 0 0 28 0
EGAN00001247658 11 0 0 0 1 10 0
EGAN00001247674 12 0 0 0 0 12 0
EGAN00001247681 15 0 0 0 0 15 0
EGAN00001267728 19 0 0 0 0 19 0
EGAN00001267991 15 0 0 0 0 15 0
EGAN00001277294 20 0 0 0 1 19 0
EGAN00001277295 28 0 0 0 1 27 0
EGAN00001385049 21 0 0 0 0 21 0
EGAN00001385050 20 0 0 0 0 20 0
EGAN00001385053 11 0 0 0 0 11 0
EGAN00001385060 25 0 0 0 0 25 0
EGAN00001385062 15 0 0 0 0 15 0
EGAN00001385083 17 0 0 0 0 17 0
EGAN00001385135 19 0 0 0 1 18 0
EGAN00001385146 18 0 0 0 0 18 0
EGAN00001385155 16 0 0 0 0 16 0
EGAN00001385160 17 0 0 0 0 17 0
EGAN00001385169 18 0 0 0 0 18 0
EGAN00001385173 14 0 0 0 1 13 0
EGAN00001385177 17 0 0 0 0 17 0
EGAN00001385180 19 0 0 0 0 19 0
EGAN00001385182 20 0 0 0 0 20 0
EGAN00001385184 21 0 0 0 1 20 0
EGAN00001385193 20 0 0 0 1 19 0
EGAN00001385212 13 0 0 0 0 13 0
EGAN00001385222 14 0 0 0 0 14 0
EGAN00001385223 14 0 0 0 0 14 0
EGAN00001385232 14 0 0 0 0 14 0
EGAN00001385237 2 0 0 0 0 2 0
EGAN00001385246 17 0 0 0 0 17 0
EGAN00001385268 20 0 0 0 0 20 0
EGAN00001385280 17 0 0 0 0 17 0
EGAN00001385284 17 0 0 0 0 17 0
EGAN00001385305 35 0 0 0 0 35 0
EGAN00001385313 15 0 0 0 0 15 0
EGAN00001385352 25 0 0 0 0 25 0
EGAN00001385361 21 0 0 0 0 21 0
EGAN00001385393 15 0 0 0 0 15 0
EGAN00001385395 19 0 0 0 0 19 0
EGAN00001385442 16 0 0 0 0 16 0
EGAN00001385443 21 0 0 0 0 21 0
EGAN00001385444 21 0 0 0 0 21 0
EGAN00001385447 18 0 0 0 0 18 0
EGAN00001385448 20 0 0 0 1 19 0
EGAN00001385449 13 0 0 0 0 13 0
EGAN00001385467 20 0 1 0 0 19 0
EGAN00001385469 12 0 0 0 0 12 0
EGAN00001385479 16 0 0 0 0 16 0
EGAN00001385496 10 0 0 0 0 10 0
EGAN00001385516 21 0 0 0 0 21 0
EGAN00001385522 16 0 0 0 1 15 0
EGAN00001385535 13 0 0 0 0 13 0
EGAN00001385539 16 0 0 0 0 16 0
EGAN00001385550 19 0 0 0 0 19 0
EGAN00001385578 12 0 0 0 0 12 0
EGAN00001385611 22 0 0 0 0 22 0
EGAN00001385616 16 0 0 0 0 16 0
EGAN00001385617 24 0 0 0 0 24 0
EGAN00001385627 14 0 0 0 0 14 0
EGAN00001385651 19 0 0 0 0 19 0
EGAN00001385655 13 0 0 0 0 13 0
EGAN00001385657 22 0 0 0 0 22 0
EGAN00001385673 11 0 0 0 0 11 0
EGAN00001385678 20 0 0 0 0 20 0
EGAN00001385688 13 0 0 0 0 13 0
EGAN00001385695 15 0 0 0 0 15 0
EGAN00001385699 23 0 0 0 0 23 0
EGAN00001385709 10 0 0 0 0 10 0
EGAN00001385738 22 0 0 0 0 22 0
EGAN00001385744 19 0 0 0 0 19 0
EGAN00001385746 18 0 0 0 2 16 0
EGAN00001385749 18 0 0 0 0 18 0
EGAN00001385752 17 0 0 0 0 17 0
EGAN00001385756 16 0 0 0 0 16 0
EGAN00001385760 14 0 0 0 1 13 0
EGAN00001385768 12 0 0 0 0 12 0
EGAN00001403187 12 0 0 0 0 12 0
EGAN00001403699 15 0 0 0 0 15 0
EGAN00001403701 22 0 0 0 0 22 0
EGAN00001403713 10 0 0 0 0 10 0
EGAN00001403722 13 0 0 0 0 13 0
EGAN00001403725 14 0 0 0 0 14 0
EGAN00001403739 16 0 0 0 0 16 0
EGAN00001403743 16 0 0 0 1 15 0
EGAN00001403756 20 0 0 0 0 20 0
EGAN00001403757 18 0 0 0 0 18 0
EGAN00001403763 20 0 0 0 0 20 0
EGAN00001403785 12 0 0 0 0 12 0
EGAN00001403786 19 0 0 0 0 19 0
EGAN00001403795 17 0 0 0 0 17 0
EGAN00001403805 6 0 0 0 0 6 0
EGAN00001403812 19 0 0 0 1 18 0
EGAN00001403819 14 0 0 0 0 14 0
EGAN00001403823 21 0 0 0 0 21 0
EGAN00001403825 18 0 0 0 0 18 0
EGAN00001403838 18 0 0 0 0 18 0
EGAN00001403845 15 0 0 0 0 15 0
EGAN00001403870 9 0 0 0 1 8 0
EGAN00001403873 13 0 0 0 0 13 0
EGAN00001403874 19 0 0 0 0 19 0
EGAN00001403892 22 0 0 0 0 22 0
EGAN00001403903 20 0 0 0 0 20 0
EGAN00001403909 27 0 0 0 0 27 0
EGAN00001403920 27 0 0 0 0 27 0
EGAN00001403930 13 0 0 0 0 13 0
EGAN00001403933 18 0 0 0 0 18 0
EGAN00001403939 11 0 0 0 0 11 0
EGAN00001403943 17 0 0 0 1 16 0
EGAN00001403953 19 0 0 0 0 19 0
EGAN00001403963 18 0 0 0 0 18 0
EGAN00001403980 15 0 0 0 0 15 0
EGAN00001403981 14 0 0 0 0 14 0
EGAN00001403994 23 0 0 0 0 23 0
EGAN00001404034 9 0 0 0 0 9 0
EGAN00001404044 26 0 0 0 0 26 0
EGAN00001404050 22 0 0 0 0 22 0
EGAN00001404075 28 0 0 0 0 28 0
EGAN00001404090 20 0 0 0 0 20 0
EGAN00001404108 16 0 0 0 0 16 0
EGAN00001404119 24 0 0 1 0 23 0
EGAN00001404147 18 0 0 0 0 18 0
EGAN00001404151 21 0 0 0 0 21 0
EGAN00001404154 16 0 0 0 0 16 0
EGAN00001404484 20 0 0 0 0 20 0
EGAN00001439009 20 0 0 0 0 20 0
EGAN00001439015 22 0 0 0 0 22 0
EGAN00001439114 16 0 0 0 0 16 0
EGAN00001439126 13 0 0 0 0 13 0
EGAN00001439127 17 0 0 0 0 17 0
EGAN00001439130 15 0 0 0 0 15 0
EGAN00001439141 24 0 0 0 0 24 0
EGAN00001439154 18 0 0 0 0 18 0
EGAN00001439168 19 0 0 0 0 19 0
EGAN00001439176 13 0 0 0 0 13 0
EGAN00001439191 22 0 0 0 1 21 0
EGAN00001439204 15 0 0 0 0 15 0
EGAN00001439205 21 0 0 0 0 21 0
EGAN00001439214 14 0 0 0 0 14 0
EGAN00001439216 14 0 0 0 0 14 0
EGAN00001439223 14 0 0 0 0 14 0
EGAN00001439229 14 0 0 0 1 13 0
EGAN00001439230 9 0 0 0 0 9 0
EGAN00001439797 19 0 0 0 0 19 0
EGAN00001440377 23 0 0 1 0 22 0
EGAN00001440389 19 0 0 0 0 19 0
EGAN00001440396 23 0 0 0 0 23 0
EGAN00001440398 8 0 0 0 0 8 0
EGAN00001440407 16 0 0 0 0 16 0
EGAN00001440429 22 0 0 0 0 22 0
EGAN00001440468 15 0 0 0 0 15 0
EGAN00001440476 21 0 0 0 0 21 0
EGAN00001440495 17 0 0 0 0 17 0
EGAN00001440500 18 0 0 0 0 18 0
EGAN00001440514 18 0 0 0 1 17 0
EGAN00001440523 9 0 0 0 0 9 0
EGAN00001440524 18 0 0 0 0 18 0
EGAN00001440539 22 0 0 0 0 22 0
EGAN00001440542 11 0 0 0 0 11 0
EGAN00001440566 23 0 0 0 1 22 0
EGAN00001440641 27 0 0 0 0 27 0
EGAN00001440710 16 0 0 0 0 16 0
EGAN00001440723 16 0 0 0 1 15 0
EGAN00001442167 14 0 0 0 0 14 0
EGAN00001442174 20 0 0 0 0 20 0
EGAN00001442203 22 0 0 0 0 22 0
EGAN00001442204 14 0 0 1 0 13 0
EGAN00001442210 19 0 0 0 0 19 0
EGAN00001442231 17 0 0 0 0 17 0
EGAN00001442238 8 0 0 0 0 8 0
EGAN00001442436 24 0 0 0 0 24 0
EGAN00001442449 22 0 0 0 0 22 0
EGAN00001442458 15 0 0 0 0 15 0
EGAN00001442474 11 0 0 0 0 11 0
EGAN00001442489 18 0 0 0 0 18 0
EGAN00001443772 17 0 0 1 0 16 0
EGAN00001444312 21 0 0 0 0 21 0
EGAN00001444317 17 0 0 0 0 17 0
EGAN00001444318 20 0 0 0 0 20 0
EGAN00001444415 20 0 0 0 0 20 0
EGAN00001444475 22 0 0 0 0 22 0
EGAN00001444482 23 0 0 0 0 23 0
EGAN00001444841 12 0 0 0 0 12 0
EGAN00001444984 12 0 0 0 0 12 0
EGAN00001445004 19 0 0 0 0 19 0
EGAN00001445013 17 0 0 0 1 16 0
EGAN00001445033 22 0 0 0 0 22 0
EGAN00001445043 11 0 0 0 1 10 0
EGAN00001445071 22 0 0 0 0 22 0
EGAN00001445077 21 0 0 0 0 21 0
EGAN00001445079 20 0 0 0 0 20 0
EGAN00001445081 21 0 0 0 0 21 0
EGAN00001445085 21 0 0 0 0 21 0
EGAN00001445454 25 0 0 0 0 25 0
EGAN00001445456 21 0 0 0 0 21 0
EGAN00001445463 16 0 0 0 0 16 0
EGAN00001445494 13 0 0 0 0 13 0
EGAN00001445507 14 0 0 0 0 14 0
EGAN00001445512 15 0 0 0 0 15 0
EGAN00001445521 11 0 0 0 0 11 0
EGAN00001445525 16 0 0 0 0 16 0
EGAN00001446662 13 0 0 0 0 13 0
EGAN00001446688 13 0 0 0 0 13 0
EGAN00001446689 18 0 0 0 0 18 0
EGAN00001446697 17 0 0 0 0 17 0
EGAN00001486675 32 0 0 0 0 32 0
EGAN00001486681 18 0 0 0 0 18 0
EGAN00001486687 15 0 0 0 0 15 0
EGAN00001559552 16 0 0 0 0 16 0
EGAN00001559573 17 0 0 0 0 17 0
EGAN00001559631 15 0 0 0 0 15 0
EGAN00001559637 16 0 0 0 0 16 0
EGAN00001559644 15 0 0 0 0 15 0
EGAN00001559648 24 0 0 0 0 24 0
EGAN00001559656 16 0 0 0 0 16 0
EGAN00001559663 24 0 0 0 0 24 0
EGAN00001559670 17 0 0 0 0 17 0
EGAN00001559678 21 0 0 0 0 21 0
EGAN00001559693 16 0 0 0 1 15 0
EGAN00001559701 14 0 0 0 1 13 0
EGAN00001559716 13 0 0 0 0 13 0
EGAN00001559739 27 0 0 0 0 27 0
EGAN00001559761 16 0 0 0 1 15 0
EGAN00001559766 21 0 0 0 0 21 0
EGAN00001559774 17 0 0 0 0 17 0
EGAN00001559782 18 0 0 0 0 18 0
EGAN00001559799 16 0 0 0 0 16 0
EGAN00001559808 20 0 0 0 0 20 0
EGAN00001559814 7 0 0 0 0 7 0
EGAN00001559826 21 0 0 0 0 21 0
EGAN00001559843 23 0 0 0 0 23 0
EGAN00001559849 18 0 0 0 0 18 0
EGAN00001559881 19 0 0 0 0 19 0
EGAN00001559902 17 0 0 0 0 17 0
EGAN00001559926 21 0 0 0 0 21 0
EGAN00001559933 11 0 0 0 0 11 0
EGAN00001559939 28 0 0 0 0 28 0
EGAN00001559962 17 0 0 0 0 17 0
EGAN00001559967 22 0 0 0 0 22 0
EGAN00001559995 15 0 0 0 0 15 0
EGAN00001560016 14 0 0 0 0 14 0
EGAN00001560034 25 0 0 0 1 24 0
EGAN00001560035 19 0 0 0 0 19 0
EGAN00001560050 13 0 0 0 0 13 0
EGAN00001560052 20 0 0 0 0 20 0
EGAN00001560068 22 0 0 0 0 22 0
EGAN00001560084 24 0 0 0 1 23 0
EGAN00001560085 12 0 0 0 0 12 0
EGAN00001560090 19 0 0 0 0 19 0
EGAN00001560096 25 0 0 0 0 25 0
EGAN00001560098 18 0 0 0 1 17 0
EGAN00001560124 17 0 0 0 0 17 0
EGAN00001560145 22 0 0 0 1 21 0
EGAN00001560153 31 0 0 0 0 31 0
EGAN00001560162 20 0 1 0 0 19 0
EGAN00001560183 26 0 0 0 0 26 0
EGAN00001560192 19 0 0 0 1 18 0
EGAN00001560207 14 0 0 0 1 13 0
EGAN00001560214 24 0 0 0 0 24 0
EGAN00001560218 20 0 0 0 1 19 0
EGAN00001560231 23 0 0 0 1 22 0
EGAN00001560243 19 0 0 0 0 19 0
EGAN00001560269 15 0 0 0 0 15 0
EGAN00001560308 15 0 0 0 0 15 0
EGAN00001560313 12 0 0 0 0 12 0
EGAN00001560314 16 0 0 0 0 16 0
EGAN00001560320 6 0 0 0 0 6 0
EGAN00001560322 13 0 0 0 1 12 0
EGAN00001560332 19 0 0 0 0 19 0
EGAN00001560346 22 0 0 0 0 22 0
EGAN00001560356 20 0 0 0 0 20 0
EGAN00001560362 15 0 0 0 0 15 0
EGAN00001560370 15 0 0 1 0 14 0
EGAN00001560386 22 0 0 0 0 22 0
EGAN00001560396 18 0 0 0 0 18 0
EGAN00001560410 18 0 0 0 0 18 0
EGAN00001560418 24 0 0 0 0 24 0
EGAN00001560424 29 0 0 0 0 29 0
EGAN00001560448 29 0 0 0 0 29 0
EGAN00001560453 16 0 0 0 0 16 0
EGAN00001560464 17 0 0 0 0 17 0
EGAN00001560478 17 0 0 0 0 17 0
EGAN00001560485 15 0 0 0 0 15 0
EGAN00001560513 20 0 0 0 0 20 0
EGAN00001560515 22 0 0 0 0 22 0
EGAN00001560516 17 0 0 0 1 16 0
EGAN00001560524 21 0 0 0 0 21 0
EGAN00001560527 13 0 0 0 1 12 0
EGAN00001560540 16 0 0 0 0 16 0
EGAN00001560547 23 0 0 0 1 22 0
EGAN00001560549 19 0 0 0 0 19 0
EGAN00001560559 15 0 0 0 0 15 0
EGAN00001560583 14 0 0 0 0 14 0
EGAN00001560592 11 0 0 0 0 11 0
EGAN00001560595 18 0 0 0 0 18 0
EGAN00001560606 16 0 0 0 0 16 0
EGAN00001560609 15 0 0 0 0 15 0
EGAN00001560616 13 0 0 0 0 13 0
EGAN00001560633 21 0 0 0 0 21 0
EGAN00001560665 18 0 0 0 1 17 0
EGAN00001560675 16 0 0 0 0 16 0
EGAN00001560686 9 0 0 0 0 9 0
EGAN00001560693 12 0 0 0 0 12 0
EGAN00001560695 19 0 0 0 0 19 0
EGAN00001560708 17 0 0 0 0 17 0
EGAN00001560710 21 0 0 0 0 21 0
EGAN00001560737 12 0 0 0 0 12 0
EGAN00001560738 11 0 0 0 0 11 0
EGAN00001560739 17 0 0 0 0 17 0
EGAN00001560761 18 0 0 0 0 18 0
EGAN00001560769 20 0 0 0 1 19 0
EGAN00001560786 18 0 0 0 0 18 0
EGAN00001560788 15 0 0 0 0 15 0
EGAN00001560813 17 0 0 0 0 17 0
EGAN00001560820 19 0 0 0 0 19 0
EGAN00001560821 15 0 0 0 0 15 0
EGAN00001560824 16 0 0 0 0 16 0
EGAN00001560853 18 0 0 0 0 18 0
EGAN00001560869 24 0 0 0 0 24 0
EGAN00001560889 20 0 0 0 0 20 0
EGAN00001560906 16 0 0 0 1 15 0
EGAN00001560912 17 0 0 0 0 17 0
EGAN00001560929 10 0 0 0 0 10 0
EGAN00001560938 23 0 0 0 0 23 0
EGAN00001560951 17 0 0 0 0 17 0
EGAN00001560966 15 0 0 0 1 14 0
EGAN00001560974 16 0 0 0 0 16 0
EGAN00001560985 25 0 0 1 0 24 0
EGAN00001560994 17 0 0 0 0 17 0
EGAN00001560995 20 0 0 0 0 20 0
EGAN00001561020 25 0 0 1 0 24 0
EGAN00001561055 17 0 0 0 0 17 0
EGAN00001561079 13 0 0 0 0 13 0
EGAN00001561085 18 0 0 0 0 18 0
EGAN00001561103 22 0 0 0 0 22 0
EGAN00001561148 19 0 0 0 0 19 0
EGAN00001561154 18 0 0 0 0 18 0
EGAN00001561172 19 0 0 0 0 19 0
EGAN00001561199 20 0 0 0 0 20 0
EGAN00001561200 18 0 0 0 0 18 0
EGAN00001561201 17 0 0 0 0 17 0
EGAN00001561206 23 0 0 0 0 23 0
EGAN00001561221 22 0 0 0 0 22 0
EGAN00001561231 21 0 0 0 0 21 0
EGAN00001561234 20 0 0 0 0 20 0
EGAN00001561251 30 0 0 0 0 30 0
EGAN00001561252 9 0 0 0 0 9 0
EGAN00001561280 16 0 0 0 0 16 0
EGAN00001561296 16 0 0 0 0 16 0
EGAN00001561299 15 0 0 0 0 15 0
EGAN00001561303 18 0 0 0 0 18 0
EGAN00001561312 19 0 0 1 0 18 0
EGAN00001561373 15 0 0 1 0 14 0
EGAN00001561380 14 0 0 0 0 14 0
EGAN00001561393 24 0 0 0 0 24 0
EGAN00001561406 8 0 0 0 1 7 0
EGAN00001561412 18 0 0 0 0 18 0
EGAN00001561414 22 0 0 0 0 22 0
EGAN00001561425 25 0 0 0 0 25 0
EGAN00001561431 12 0 0 0 0 12 0
EGAN00001561442 18 0 0 0 0 18 0
EGAN00001561448 17 0 0 0 0 17 0
EGAN00001561453 11 0 0 0 0 11 0
EGAN00001561456 21 0 0 0 1 20 0
EGAN00001561458 10 0 0 0 0 10 0
EGAN00001561467 25 0 0 0 0 25 0
EGAN00001561476 13 0 0 0 0 13 0
EGAN00001561503 15 0 0 0 0 15 0
EGAN00001561508 19 0 0 0 0 19 0
EGAN00001561510 17 0 0 0 0 17 0
EGAN00001561542 14 0 0 0 0 14 0
EGAN00001561554 20 0 0 0 0 20 0
EGAN00001569013 19 0 0 0 0 19 0
EGAN00001572904 11 0 0 0 0 11 0
EGAN00001572939 21 0 0 0 0 21 0
EGAN00001575966 18 0 0 0 0 18 0
EGAN00001575982 14 0 0 0 0 14 0
EGAN00001576013 27 0 0 0 0 27 0
EGAN00001576017 20 0 0 0 0 20 0
EGAN00001576033 17 0 0 0 0 17 0
EGAN00001576040 34 0 0 0 0 34 0
EGAN00001576047 7 0 0 0 0 7 0
EGAN00001576056 23 0 0 0 0 23 0
EGAN00001576064 24 0 0 0 0 24 0
EGAN00001576068 14 0 0 0 0 14 0
EGAN00001576070 37 0 0 0 0 37 0
EGAN00001576074 22 0 0 0 0 22 0
EGAN00001576094 19 0 0 0 0 19 0
EGAN00001576100 11 0 0 0 0 11 0
EGAN00001576104 26 0 0 0 0 26 0
EGAN00001576114 20 0 0 0 1 19 0
EGAN00001576126 17 0 0 1 1 15 0
EGAN00001576168 19 0 0 0 0 19 0
EGAN00001576188 23 0 0 0 1 22 0
EGAN00001576205 22 0 0 0 1 21 0
EGAN00001576216 11 0 0 0 0 11 0
EGAN00001576226 10 0 0 0 0 10 0
EGAN00001576240 15 0 0 0 0 15 0
EGAN00001576245 21 0 0 0 0 21 0
EGAN00001576247 24 0 0 1 0 23 0
EGAN00001576249 12 0 0 0 1 11 0
EGAN00001576253 18 0 0 0 1 17 0
EGAN00001576258 20 0 0 0 0 20 0
EGAN00001576264 11 0 0 0 0 11 0
EGAN00001576272 21 0 0 0 0 21 0
EGAN00001576273 11 0 0 0 0 11 0
EGAN00001576277 13 0 0 0 0 13 0
EGAN00001576296 26 0 0 0 0 26 0
EGAN00001576314 14 0 0 0 0 14 0
EGAN00001576321 18 0 0 0 1 17 0
EGAN00001576324 20 0 0 0 0 20 0
EGAN00001576334 21 0 0 0 0 21 0
EGAN00001576367 24 0 0 0 1 23 0
EGAN00001576379 14 0 0 0 0 14 0
EGAN00001576393 20 0 0 0 1 19 0
EGAN00001576415 22 0 0 0 0 22 0
EGAN00001576428 21 0 0 1 0 20 0
EGAN00001576431 18 0 0 0 0 18 0
EGAN00001576439 20 0 0 0 0 20 0
EGAN00001576442 13 0 0 0 0 13 0
EGAN00001576452 26 0 0 1 0 25 0
EGAN00001576459 10 0 0 0 0 10 0
EGAN00001576482 15 0 0 0 0 15 0
EGAN00001576490 8 0 0 0 0 8 0
EGAN00001576502 19 0 0 0 0 19 0
EGAN00001576514 19 0 0 0 0 19 0
EGAN00001576515 11 0 0 0 0 11 0
EGAN00001576553 22 0 0 0 0 22 0
EGAN00001576555 18 0 0 0 0 18 0
EGAN00001576558 14 0 0 0 0 14 0
EGAN00001576566 30 0 0 0 0 30 0
EGAN00001576575 20 0 0 0 0 20 0
EGAN00001576611 14 0 0 0 0 14 0
EGAN00001576639 10 0 0 0 1 9 0
EGAN00001576651 41 0 0 0 0 41 0
EGAN00001576682 16 0 0 0 0 16 0
EGAN00001576692 19 0 0 0 0 19 0
EGAN00001576705 14 0 0 0 0 14 0
EGAN00001576718 12 0 0 0 1 11 0
EGAN00001579169 22 0 0 0 0 22 0
EGAN00001579171 11 0 0 0 0 11 0
EGAN00001583153 25 0 0 0 0 25 0
EGAN00001583162 19 0 0 0 0 19 0
EGAN00001583163 20 0 0 0 0 20 0
EGAN00001583178 19 0 0 0 0 19 0
EGAN00001583180 18 0 0 0 1 17 0
EGAN00001583181 18 0 0 0 0 18 0
EGAN00001583193 13 0 0 0 0 13 0
EGAN00001583197 18 0 0 0 0 18 0
EGAN00001583205 13 0 0 0 0 13 0
EGAN00001583212 22 0 0 0 0 22 0
EGAN00001583219 10 0 0 0 1 9 0
EGAN00001583224 13 0 0 0 0 13 0
EGAN00001583226 17 0 0 0 0 17 0
EGAN00001583243 14 0 0 0 0 14 0
EGAN00001583244 21 0 0 0 0 21 0
EGAN00001583254 14 0 0 0 0 14 0
EGAN00001583261 27 0 0 0 0 27 0
EGAN00001583263 27 0 0 0 0 27 0
EGAN00001583265 21 0 0 0 0 21 0
EGAN00001583284 13 0 0 0 0 13 0
EGAN00001583286 18 0 0 0 0 18 0
EGAN00001583301 14 0 0 0 0 14 0
EGAN00001583306 12 0 0 0 0 12 0
EGAN00001583343 13 0 0 0 0 13 0
EGAN00001583345 21 0 0 0 0 21 0
EGAN00001583356 17 0 0 0 0 17 0
EGAN00001583369 15 0 0 0 0 15 0
EGAN00001583385 14 0 0 1 0 13 0
EGAN00001583389 24 0 0 0 0 24 0
EGAN00001583391 14 0 0 0 1 13 0
EGAN00001583392 20 0 0 0 0 20 0
EGAN00001583412 16 0 0 0 0 16 0
EGAN00001583457 18 0 0 0 1 17 0
EGAN00001583470 13 0 0 0 1 12 0
EGAN00001583494 16 0 0 0 0 16 0
EGAN00001583512 18 0 0 0 0 18 0
EGAN00001583541 18 0 0 0 0 18 0
EGAN00001583549 12 0 0 0 0 12 0
EGAN00001583560 18 0 0 0 0 18 0
EGAN00001583568 20 0 0 0 0 20 0
EGAN00001583572 24 0 0 0 0 24 0
EGAN00001583582 18 0 0 0 0 18 0
EGAN00001583601 24 0 0 0 0 24 0
EGAN00001583605 24 0 0 0 2 22 0
EGAN00001583609 13 0 0 0 1 12 0
EGAN00001583611 15 0 0 0 0 15 0
EGAN00001583640 14 0 0 0 1 13 0
EGAN00001583651 14 0 0 0 0 14 0
EGAN00001583686 27 0 0 0 0 27 0
EGAN00001583692 16 0 0 0 0 16 0
EGAN00001583724 13 0 0 0 0 13 0
EGAN00001583742 19 0 0 0 0 19 0
EGAN00001583765 17 0 0 0 0 17 0
EGAN00001583766 13 0 0 0 0 13 0
EGAN00001583772 21 0 0 0 0 21 0
EGAN00001583814 21 0 0 0 0 21 0
EGAN00001583825 13 0 0 0 0 13 0
EGAN00001583828 21 0 0 0 0 21 0
EGAN00001583831 19 0 0 0 0 19 0
EGAN00001583841 22 0 0 0 0 22 0
EGAN00001583853 14 0 0 0 1 13 0
EGAN00001583858 26 0 0 0 0 26 0
EGAN00001583868 17 0 0 0 0 17 0
EGAN00001583899 22 0 0 0 0 22 0
EGAN00001583921 15 0 0 0 1 14 0
EGAN00001583924 16 0 0 0 1 15 0
EGAN00001583925 19 0 0 0 0 19 0
EGAN00001583933 19 0 0 0 0 19 0
EGAN00001584036 20 0 0 0 0 20 0
EGAN00001584047 23 0 0 0 0 23 0
EGAN00001584049 24 0 0 1 0 23 0
EGAN00001584057 15 0 0 0 1 14 0
EGAN00001584062 23 0 0 0 0 23 0
EGAN00001584081 17 0 0 0 1 16 0
EGAN00001584088 26 0 0 0 0 26 0
EGAN00001584090 27 0 0 0 0 27 0
EGAN00001584093 22 0 0 0 0 22 0
EGAN00001584094 22 0 0 0 0 22 0
EGAN00001584105 18 0 0 0 0 18 0
EGAN00001584106 18 0 0 0 0 18 0
EGAN00001584115 6 0 0 0 0 6 0
EGAN00001584121 19 0 0 0 0 19 0
EGAN00001584137 16 0 0 0 0 16 0
EGAN00001584139 11 0 0 0 0 11 0
EGAN00001584140 15 0 0 0 0 15 0
EGAN00001584144 16 0 0 0 2 14 0
EGAN00001584198 11 0 0 0 0 11 0
EGAN00001584205 15 0 0 0 0 15 0
EGAN00001584210 18 0 0 0 0 18 0
EGAN00001584212 15 0 0 0 0 15 0
EGAN00001584219 22 0 0 0 0 22 0
EGAN00001584226 16 0 0 0 0 16 0
EGAN00001584245 18 0 0 0 0 18 0
EGAN00001584254 25 0 0 0 0 25 0
EGAN00001584279 17 0 0 0 0 17 0
EGAN00001584280 14 0 0 0 0 14 0
EGAN00001584292 18 0 0 0 1 17 0
EGAN00001584299 11 0 0 0 0 11 0
EGAN00001584334 14 0 0 0 0 14 0
EGAN00001584348 14 0 0 0 1 13 0
EGAN00001584355 11 0 0 0 0 11 0
EGAN00001584367 21 0 0 0 0 21 0
EGAN00001584368 14 0 0 0 0 14 0
EGAN00001584369 20 0 0 0 0 20 0
EGAN00001584374 21 0 0 0 0 21 0
EGAN00001584384 12 0 0 0 0 12 0
EGAN00001584389 25 0 0 0 0 25 0
EGAN00001584393 22 0 0 0 0 22 0
EGAN00001584404 20 0 0 0 0 20 0
EGAN00001584410 13 0 0 0 0 13 0
EGAN00001584419 27 0 0 0 2 25 0
EGAN00001584421 14 0 0 0 0 14 0
EGAN00001584426 19 0 0 0 0 19 0
EGAN00001584447 20 0 0 0 0 20 0
EGAN00001584469 20 0 0 0 1 19 0
EGAN00001584470 22 0 0 0 1 21 0
EGAN00001584475 23 0 0 0 1 22 0
EGAN00001584497 20 0 0 0 1 19 0
EGAN00001584525 19 0 0 0 0 19 0
EGAN00001584530 10 0 0 0 0 10 0
EGAN00001584531 17 0 0 0 0 17 0
EGAN00001584562 10 0 0 0 0 10 0
EGAN00001584578 23 0 0 0 0 23 0
EGAN00001584585 13 0 0 0 0 13 0
EGAN00001584587 18 0 0 0 1 17 0
EGAN00001584590 11 0 0 0 0 11 0
EGAN00001584594 27 0 0 0 1 26 0
EGAN00001584621 16 0 0 0 0 16 0
EGAN00001584662 19 0 0 0 1 18 0
EGAN00001584670 19 0 0 0 0 19 0
EGAN00001584681 19 0 0 0 0 19 0
EGAN00001584682 18 0 0 0 0 18 0
EGAN00001584686 20 0 0 1 0 19 0
EGAN00001584695 28 0 0 0 0 28 0
EGAN00001584701 19 0 0 0 0 19 0
EGAN00001584748 16 0 0 0 1 15 0
EGAN00001584752 24 0 0 0 0 24 0
EGAN00001584770 19 0 0 0 0 19 0
EGAN00001584776 10 0 0 0 0 10 0
EGAN00001584789 12 0 0 0 0 12 0
EGAN00001584799 17 0 0 0 0 17 0
EGAN00001584807 17 0 0 0 0 17 0
EGAN00001584818 16 0 0 0 0 16 0
EGAN00001584827 16 0 0 0 0 16 0
EGAN00001584831 16 0 0 0 1 15 0
EGAN00001584844 17 0 0 0 0 17 0
EGAN00001584856 16 0 0 0 0 16 0
EGAN00001584876 24 0 0 0 0 24 0
EGAN00001584878 24 0 0 0 0 24 0
EGAN00001584887 24 0 0 0 0 24 0
EGAN00001584890 13 0 0 0 0 13 0
EGAN00001584902 20 0 0 0 0 20 0
EGAN00001584908 17 0 0 0 1 16 0
EGAN00001584924 20 0 0 0 0 20 0
EGAN00001584927 23 0 0 0 0 23 0
EGAN00001584940 22 0 0 0 0 22 0
EGAN00001584952 13 0 0 0 0 13 0
EGAN00001584966 21 0 0 0 0 21 0
EGAN00001584970 26 0 0 0 0 26 0
EGAN00001584972 12 0 0 0 1 11 0
EGAN00001585037 19 0 0 0 0 19 0
EGAN00001585049 21 0 0 0 0 21 0
EGAN00001585062 24 0 0 0 0 24 0
EGAN00001585083 18 0 0 0 0 18 0
EGAN00001585105 20 0 0 0 0 20 0
EGAN00001585131 14 0 0 0 0 14 0
EGAN00001585136 15 0 0 0 0 15 0
EGAN00001585163 23 0 0 0 0 23 0
EGAN00001585167 15 0 0 0 0 15 0
EGAN00001585175 19 0 0 0 0 19 0
EGAN00001585178 31 0 0 0 0 31 0
EGAN00001585191 18 0 0 0 0 18 0
EGAN00001585193 12 0 0 0 0 12 0
EGAN00001585195 17 0 0 0 0 17 0
EGAN00001585197 24 0 0 0 0 24 0
EGAN00001585198 15 0 0 0 0 15 0
EGAN00001585202 15 0 0 0 0 15 0
EGAN00001585228 22 0 0 0 1 21 0
EGAN00001585231 14 0 0 0 0 14 0
EGAN00001585239 13 0 0 0 0 13 0
EGAN00001585244 11 0 0 0 0 11 0
EGAN00001585262 19 0 0 0 0 19 0
EGAN00001585265 20 0 0 0 0 20 0
EGAN00001585280 19 0 0 0 0 19 0
EGAN00001585318 16 0 0 0 0 16 0
EGAN00001585319 19 0 0 0 0 19 0
EGAN00001585322 31 0 0 0 0 31 0
EGAN00001585328 15 0 0 0 0 15 0
EGAN00001585331 23 0 0 0 1 22 0
EGAN00001585337 18 0 0 0 0 18 0
EGAN00001585349 17 0 0 1 0 16 0
EGAN00001585350 27 0 0 0 1 26 0
EGAN00001585368 16 0 0 0 0 16 0
EGAN00001585387 22 0 0 0 0 22 0
EGAN00001585388 21 0 0 0 0 21 0
EGAN00001585391 24 0 0 0 0 24 0
EGAN00001585393 19 0 0 0 0 19 0
EGAN00001585404 17 0 0 0 0 17 0
EGAN00001585423 17 0 0 0 0 16 1
EGAN00001585439 15 0 0 0 0 15 0
EGAN00001585440 17 0 0 0 0 17 0
EGAN00001585449 23 0 0 0 1 22 0
EGAN00001585462 24 0 0 0 0 24 0
EGAN00001585473 11 0 0 0 0 11 0
EGAN00001585477 12 0 0 0 0 12 0
EGAN00001585491 17 0 0 0 0 17 0
EGAN00001585505 20 0 0 0 0 20 0
EGAN00001585506 22 0 0 0 0 22 0
EGAN00001585507 16 0 0 0 0 16 0
EGAN00001585518 18 0 0 0 0 18 0
EGAN00001585529 13 0 0 0 0 13 0
EGAN00001585530 21 0 0 0 0 21 0
EGAN00001585536 16 0 0 0 0 16 0
EGAN00001585557 20 0 0 0 0 20 0
EGAN00001585560 18 0 0 0 0 18 0
EGAN00001585569 23 0 0 0 1 22 0
EGAN00001585604 12 0 0 0 0 12 0
EGAN00001585621 11 0 0 0 1 10 0
EGAN00001585625 32 0 0 0 0 32 0
EGAN00001585628 18 0 0 0 0 18 0
EGAN00001585629 19 0 0 0 0 19 0
EGAN00001585639 21 0 0 0 0 21 0
EGAN00001585649 37 0 0 0 0 37 0
EGAN00001585650 20 0 0 0 1 19 0
EGAN00001585657 7 0 0 0 0 7 0
EGAN00001585676 12 0 0 0 1 11 0
EGAN00001585681 23 0 0 0 0 23 0
EGAN00001585693 14 0 0 0 1 13 0
EGAN00001585705 11 0 0 0 0 11 0
EGAN00001585726 15 0 0 0 0 15 0
EGAN00001585735 24 0 0 0 0 24 0
EGAN00001585751 21 0 0 0 0 21 0
EGAN00001585755 20 0 0 0 0 20 0
EGAN00001585773 6 0 0 0 0 6 0
EGAN00001585802 17 0 0 0 0 17 0
EGAN00001585821 11 0 0 0 1 10 0
EGAN00001585822 11 0 0 0 0 11 0
EGAN00001585840 18 0 0 0 0 18 0
EGAN00001585842 23 0 0 0 0 23 0
EGAN00001585849 19 0 0 0 0 19 0
EGAN00001585852 19 0 0 0 0 19 0
EGAN00001585857 21 0 0 0 1 20 0
EGAN00001585870 17 0 0 1 0 16 0
EGAN00001585871 21 0 0 1 0 20 0
EGAN00001585884 24 0 0 0 1 23 0
EGAN00001585910 26 0 0 0 0 26 0
EGAN00001585946 24 0 0 0 0 24 0
EGAN00001585953 16 0 0 0 0 16 0
EGAN00001585980 14 0 0 0 0 14 0
EGAN00001585989 20 0 0 0 0 20 0
EGAN00001586004 18 0 0 0 0 18 0
EGAN00001586011 20 0 0 0 0 20 0
EGAN00001586036 19 0 0 0 0 19 0
EGAN00001586045 27 0 0 0 0 27 0
EGAN00001586049 26 0 0 0 0 26 0
EGAN00001586050 15 0 1 0 0 14 0
EGAN00001586055 22 0 0 0 0 22 0
EGAN00001586060 38 0 0 0 0 38 0
EGAN00001586066 20 0 0 0 0 20 0
EGAN00001586069 21 0 0 0 0 21 0
EGAN00001586081 20 0 0 0 1 19 0
EGAN00001586083 20 0 0 0 0 20 0
EGAN00001586104 24 0 0 0 0 24 0
EGAN00001586112 11 0 0 0 0 11 0
EGAN00001586117 25 0 0 0 1 24 0
EGAN00001586125 18 0 0 0 0 18 0
EGAN00001586148 26 0 0 1 0 25 0
EGAN00001586165 25 0 0 0 0 25 0
EGAN00001586175 12 0 0 0 0 12 0
EGAN00001586181 11 0 0 0 0 11 0
EGAN00001586191 14 0 0 0 0 14 0
EGAN00001586205 12 0 0 0 0 12 0
EGAN00001586206 29 0 0 0 1 28 0
EGAN00001599246 14 0 0 0 1 13 0
EGAN00001599251 10 0 0 0 1 9 0
EGAN00001599261 28 0 0 1 0 27 0
EGAN00001599262 21 0 0 0 0 21 0
EGAN00001599270 11 0 0 0 0 11 0
EGAN00001599275 16 0 0 0 0 16 0
EGAN00001599281 21 0 0 0 0 21 0
EGAN00001599290 18 0 0 0 0 18 0
EGAN00001599298 18 0 0 0 0 18 0
EGAN00001599353 23 0 0 0 1 22 0
EGAN00001599360 19 0 0 0 0 19 0
EGAN00001599375 18 0 0 0 0 18 0
EGAN00001599391 27 0 0 0 0 27 0
EGAN00001599393 19 0 0 0 0 19 0
EGAN00001599404 23 0 0 0 0 23 0
EGAN00001599406 22 0 0 0 0 22 0
EGAN00001599407 15 0 0 0 0 15 0
EGAN00001599410 21 0 0 0 0 21 0
EGAN00001599411 22 0 0 0 0 22 0
EGAN00001599421 16 0 0 0 0 16 0
EGAN00001599432 24 0 0 0 0 24 0
EGAN00001599445 16 0 0 0 0 16 0
EGAN00001599448 26 0 0 0 0 26 0
EGAN00001599449 22 0 0 0 0 22 0
EGAN00001599452 15 0 0 0 1 14 0
EGAN00001599455 20 0 0 0 0 20 0
EGAN00001599456 15 0 0 0 0 15 0
EGAN00001599457 19 0 0 0 1 18 0
EGAN00001599461 23 0 0 0 0 23 0
EGAN00001599480 18 0 0 0 0 18 0
EGAN00001599501 18 0 0 0 0 18 0
EGAN00001599506 18 0 0 0 1 17 0
EGAN00001599542 15 0 0 0 0 15 0
EGAN00001599555 17 0 0 0 0 17 0
EGAN00001599567 22 0 0 0 1 21 0
EGAN00001599576 11 0 0 0 0 11 0
EGAN00001599593 11 0 0 0 0 11 0
EGAN00001599599 11 0 0 0 0 11 0
EGAN00001599625 20 0 0 0 0 20 0
EGAN00001599637 8 0 0 0 0 8 0
EGAN00001599655 22 0 0 0 1 21 0
EGAN00001599686 28 0 0 0 0 28 0
EGAN00001599694 18 0 0 0 0 18 0
EGAN00001599696 28 0 0 0 0 28 0
EGAN00001599700 15 0 0 0 0 15 0
EGAN00001599703 21 0 0 0 0 21 0
EGAN00001599711 22 0 0 0 0 22 0
EGAN00001599722 15 0 0 0 0 15 0
EGAN00001599749 17 0 0 0 0 17 0
EGAN00001599760 21 0 0 0 1 20 0
EGAN00001599774 27 0 1 0 0 26 0
EGAN00001599777 23 0 0 0 0 23 0
EGAN00001599780 18 0 0 0 0 18 0
EGAN00001599802 14 0 0 0 0 14 0
EGAN00001599817 26 0 0 0 0 26 0
EGAN00001599825 23 0 0 0 0 23 0
EGAN00001599870 19 0 0 0 0 19 0
EGAN00001599876 14 0 0 0 0 14 0
EGAN00001599887 16 0 0 0 0 16 0
EGAN00001599896 10 0 0 0 0 10 0
EGAN00001599904 20 0 0 0 0 20 0
EGAN00001599915 15 0 0 0 0 15 0
EGAN00001599917 8 0 0 0 0 8 0
EGAN00001599932 16 0 0 0 0 16 0
EGAN00001671033 18 0 0 0 0 18 0
EGAN00001671807 18 0 0 0 0 18 0
EGAN00001671828 27 0 0 0 0 27 0
EGAN00001671840 16 0 0 0 0 16 0
EGAN00001671857 11 0 0 0 0 11 0
EGAN00001671875 16 0 0 0 0 16 0
EGAN00001671876 11 0 0 0 0 11 0
EGAN00001671878 22 0 0 0 0 22 0
EGAN00001671882 9 0 0 0 0 9 0
EGAN00001671919 26 0 0 0 0 26 0
EGAN00001671924 23 0 0 0 0 23 0
EGAN00001671928 20 0 0 0 0 20 0
EGAN00001671936 13 0 0 0 0 13 0
EGAN00001671948 21 0 0 0 0 21 0
EGAN00001671983 16 0 0 0 0 16 0
EGAN00001671999 12 0 0 0 1 11 0
EGAN00001672009 14 0 0 0 0 14 0
EGAN00001672013 14 0 0 0 1 13 0
EGAN00001672017 21 0 0 0 0 21 0
EGAN00001672025 20 0 0 0 0 20 0
EGAN00001672026 21 0 0 0 0 21 0
EGAN00001672054 29 0 1 0 1 27 0
EGAN00001672062 16 0 0 0 0 16 0
EGAN00001672074 18 0 0 0 0 18 0
EGAN00001672084 15 0 0 0 0 15 0
EGAN00001672093 19 0 0 0 0 19 0
EGAN00001672100 20 0 0 0 0 20 0
EGAN00001672104 21 0 0 0 0 21 0
EGAN00001672114 14 0 0 0 0 14 0
EGAN00001672116 16 0 0 0 0 16 0
EGAN00001672124 14 0 0 0 0 14 0
EGAN00001672126 19 0 0 0 0 19 0
EGAN00001672134 20 0 1 0 0 19 0
EGAN00001672147 20 0 0 0 0 20 0
EGAN00001672148 19 0 0 0 1 18 0
EGAN00001672152 17 0 0 0 0 17 0
EGAN00001672156 23 0 0 0 1 22 0
EGAN00001672161 9 0 0 0 0 9 0
EGAN00001672165 19 0 0 0 0 19 0
EGAN00001672169 8 0 0 0 0 8 0
EGAN00001672173 11 0 0 0 0 11 0
EGAN00001672178 10 0 0 0 0 10 0
EGAN00001672183 19 0 0 0 1 18 0
EGAN00001672190 12 0 0 0 0 12 0
EGAN00001672197 27 0 0 0 0 27 0
EGAN00001672210 24 0 0 0 0 24 0
EGAN00001672232 20 0 0 0 0 20 0
EGAN00001672243 17 0 1 0 0 16 0
EGAN00001672284 16 0 0 0 0 16 0
EGAN00001672288 10 0 0 0 0 10 0
EGAN00001672308 12 0 0 0 0 12 0
EGAN00001672316 17 0 0 0 0 17 0
EGAN00001672322 15 0 0 0 0 15 0
EGAN00001672330 18 0 0 0 0 18 0
EGAN00001672333 16 0 0 0 0 16 0
EGAN00001672334 18 0 0 0 0 18 0
EGAN00001672345 17 0 0 0 0 17 0
EGAN00001672354 16 0 0 0 1 15 0
EGAN00001672363 19 0 0 0 0 19 0
EGAN00001672376 17 0 0 0 0 17 0
EGAN00001672378 20 0 0 0 0 20 0
EGAN00001672383 3 0 0 0 0 3 0
EGAN00001672411 10 0 0 0 0 10 0
EGAN00001672428 15 0 0 0 0 15 0
EGAN00001672439 10 0 0 0 0 10 0
EGAN00001672452 19 0 0 0 0 19 0
EGAN00001672457 16 0 0 0 0 16 0
EGAN00001672462 22 0 0 0 0 22 0
EGAN00001672511 14 0 0 0 0 14 0
EGAN00001672536 17 0 0 0 0 17 0
EGAN00001672538 20 0 0 0 1 19 0
EGAN00001672542 21 0 0 1 0 20 0
EGAN00001672553 26 0 0 0 0 26 0
EGAN00001672554 14 0 0 0 0 14 0
EGAN00001672565 15 0 0 0 0 15 0
EGAN00001672572 10 0 0 0 0 10 0
EGAN00001672578 21 0 0 0 0 21 0
EGAN00001672580 11 0 0 0 0 11 0
EGAN00001672585 24 0 0 0 1 23 0
EGAN00001672593 12 0 0 0 0 12 0
EGAN00001672597 16 0 0 0 0 16 0
EGAN00001672601 12 0 0 0 0 12 0
EGAN00001672631 21 0 0 0 0 21 0
EGAN00001672646 21 0 0 0 1 20 0
EGAN00001672651 21 0 0 0 0 20 1
EGAN00001672675 20 0 0 0 0 20 0
EGAN00001672687 26 0 0 0 0 26 0
EGAN00001672714 24 0 0 0 0 24 0
EGAN00001672719 29 0 0 0 0 29 0
EGAN00001672736 17 0 0 0 0 17 0
EGAN00001672744 17 0 0 0 0 17 0
EGAN00001672745 23 0 0 1 0 22 0
EGAN00001672751 11 0 0 0 0 11 0
EGAN00001672763 18 0 0 0 0 18 0
EGAN00001672783 17 0 0 0 0 17 0
EGAN00001672790 10 0 0 0 0 10 0
EGAN00001672794 16 0 0 0 0 16 0
EGAN00001672797 22 0 0 0 0 22 0
EGAN00001672813 19 0 0 0 0 19 0
EGAN00001672820 21 0 0 0 2 19 0
EGAN00001672833 17 0 0 0 0 17 0
EGAN00001672839 19 0 0 0 0 19 0
EGAN00001672848 19 0 0 0 0 19 0
EGAN00001672870 23 0 0 0 0 23 0
EGAN00001672873 18 0 0 0 0 18 0
EGAN00001672877 24 0 0 0 0 24 0
EGAN00001672886 14 0 0 0 0 14 0
EGAN00001672896 24 0 0 0 0 24 0
EGAN00001672914 12 0 0 0 0 12 0
EGAN00001672923 23 0 0 0 0 23 0
EGAN00001672926 11 0 0 0 0 11 0
EGAN00001672930 20 0 0 0 0 20 0
EGAN00001672933 20 0 0 0 0 20 0
EGAN00001672940 14 0 0 0 0 14 0
EGAN00001672947 25 0 0 0 0 25 0
EGAN00001672969 17 0 0 0 0 17 0
EGAN00001672988 15 0 0 0 0 15 0
EGAN00001673014 22 0 0 0 0 22 0
EGAN00001673075 16 0 0 0 0 16 0
EGAN00001673103 30 0 0 0 0 30 0
EGAN00001673106 20 0 0 0 0 20 0
EGAN00001673115 19 0 0 0 0 19 0
EGAN00001673116 18 0 0 0 0 18 0
EGAN00001673128 13 0 0 0 0 13 0
EGAN00001673142 15 0 0 0 0 15 0
EGAN00001673167 23 0 0 0 0 23 0
EGAN00001673209 21 0 1 0 0 20 0
EGAN00001673245 15 0 0 0 0 15 0
EGAN00001673252 24 0 0 0 1 23 0
EGAN00001673257 18 0 0 1 2 15 0
EGAN00001673263 13 0 0 0 1 12 0
EGAN00001673285 12 0 0 0 0 12 0
EGAN00001673292 15 0 0 0 0 15 0
EGAN00001673302 19 0 0 0 0 19 0
EGAN00001673321 18 0 0 0 0 18 0
EGAN00001673329 17 0 0 0 0 17 0
EGAN00001673335 18 0 0 0 0 18 0
EGAN00001673347 17 0 0 0 0 17 0
EGAN00001673371 9 0 0 0 0 9 0
EGAN00001673418 19 0 0 0 0 19 0
EGAN00001673422 22 0 0 0 0 22 0
EGAN00001673446 24 0 0 0 0 24 0
EGAN00001673458 14 0 0 0 0 14 0
EGAN00001673521 14 0 0 0 0 14 0
EGAN00001673523 21 0 0 0 0 21 0
EGAN00001673532 15 0 0 0 0 15 0
EGAN00001673562 17 0 0 0 0 17 0
EGAN00001673578 14 0 0 0 0 14 0
EGAN00001673580 21 0 0 0 0 21 0
EGAN00001673583 20 0 0 0 0 20 0
EGAN00001673597 15 0 0 0 0 15 0
EGAN00001673607 23 0 0 0 0 23 0
EGAN00001673611 19 0 0 0 0 19 0
EGAN00001673632 21 0 0 0 0 21 0
EGAN00001673637 15 0 0 0 0 15 0
EGAN00001673670 20 0 0 0 0 20 0
EGAN00001673677 19 0 0 0 0 19 0
EGAN00001673693 22 0 0 0 0 22 0
EGAN00001673700 23 0 0 0 0 23 0
EGAN00001673727 21 0 0 0 0 21 0
EGAN00001673751 13 0 0 0 0 13 0
EGAN00001673782 21 0 0 0 0 21 0
EGAN00001673804 14 0 0 0 0 14 0
EGAN00001673810 22 0 0 0 0 22 0
EGAN00001730343 16 0 0 0 0 16 0
EGAN00001730397 21 0 0 0 0 21 0
EGAN00001730410 24 0 0 0 0 24 0
EGAN00001730434 18 0 0 0 0 18 0
EGAN00001730447 18 0 0 0 0 18 0
EGAN00001730450 21 0 0 0 0 21 0
EGAN00001730455 20 0 0 0 1 19 0
EGAN00001730460 15 0 0 0 0 15 0
EGAN00001730488 13 0 0 0 0 13 0
EGAN00001730502 19 0 0 0 0 19 0
EGAN00001730503 17 0 0 0 1 16 0
EGAN00001730521 17 0 0 0 0 17 0
EGAN00001730523 16 0 0 0 0 16 0
EGAN00001730529 16 0 0 0 0 16 0
EGAN00001740624 15 0 0 0 0 15 0
EGAN00001740630 16 0 0 0 0 16 0
EGAN00001740633 16 0 0 0 0 16 0
EGAN00001740634 23 0 0 0 0 23 0
EGAN00001740641 24 0 0 0 0 24 0
EGAN00001740654 19 0 0 0 2 17 0
EGAN00001740657 15 0 0 0 0 15 0
EGAN00001740658 7 0 0 0 0 7 0
EGAN00001740673 22 0 0 0 0 22 0
EGAN00001740680 19 0 0 0 0 19 0
EGAN00001740686 21 0 0 0 0 21 0
EGAN00001740691 16 0 0 0 0 16 0
EGAN00001740692 16 0 0 0 0 16 0
EGAN00001740695 13 0 0 0 0 13 0
EGAN00001740700 16 0 0 0 0 16 0
EGAN00001740704 16 0 0 0 0 16 0
EGAN00001740742 19 0 0 0 0 19 0
EGAN00001740752 19 0 0 0 0 19 0
EGAN00001740772 15 0 0 0 0 15 0
EGAN00001740774 23 0 0 0 0 23 0
EGAN00001740796 10 0 0 0 0 10 0
EGAN00001740797 15 0 0 0 0 15 0
EGAN00001740802 16 0 0 0 0 16 0
EGAN00001740806 20 0 0 0 0 20 0
EGAN00001740827 19 0 0 0 1 18 0
EGAN00001740848 9 0 0 0 0 9 0
EGAN00001740858 16 0 0 0 0 16 0
EGAN00001740884 19 0 0 0 0 19 0
EGAN00001740885 15 0 0 0 0 15 0
EGAN00001740904 14 0 0 0 0 14 0
EGAN00001740906 21 0 0 0 0 21 0
EGAN00001740907 20 0 0 0 0 20 0
EGAN00001740918 12 0 0 0 0 12 0
EGAN00001740921 20 0 0 0 0 20 0
EGAN00001740927 17 0 0 0 0 17 0
EGAN00001740932 20 0 0 0 0 20 0
EGAN00001740944 25 0 0 0 1 24 0
EGAN00001740955 22 0 0 0 0 22 0
EGAN00001740957 12 0 0 0 0 12 0
EGAN00001740967 11 0 0 0 0 11 0
EGAN00001740970 12 0 0 0 0 12 0
EGAN00001740973 18 0 0 0 0 18 0
EGAN00001740978 17 0 0 0 0 17 0
EGAN00001740988 18 0 0 0 0 18 0
EGAN00001741035 15 0 0 0 0 15 0
EGAN00001741056 15 0 0 0 0 15 0
EGAN00001741057 18 0 0 0 0 18 0
EGAN00001741066 17 0 0 0 1 16 0
EGAN00001741073 17 0 0 0 0 17 0
EGAN00001741075 21 0 0 0 0 21 0
EGAN00001741087 25 0 0 0 0 25 0
EGAN00001741090 19 0 0 0 0 19 0
EGAN00001741093 12 0 0 0 0 12 0
EGAN00001741099 14 0 0 0 0 14 0
EGAN00001741107 17 0 0 0 0 17 0
EGAN00001741120 15 0 0 0 1 14 0
EGAN00001741122 10 0 0 0 0 10 0
EGAN00001741140 26 0 0 0 0 26 0
EGAN00001741150 14 0 0 0 0 14 0
EGAN00001741154 21 0 0 0 0 21 0
EGAN00001797988 10 0 0 0 0 10 0
EGAN00001797994 17 0 0 0 0 17 0
EGAN00001797996 21 0 0 0 0 21 0
EGAN00001798007 15 0 0 0 0 15 0
EGAN00001798008 13 0 0 0 0 13 0
EGAN00001798021 21 0 0 0 0 21 0
EGAN00001798030 23 0 0 0 1 22 0
EGAN00001798074 11 0 0 0 0 11 0
EGAN00001798091 21 0 0 0 0 21 0
EGAN00001798092 9 0 0 0 0 9 0
EGAN00001798104 19 0 0 0 1 18 0
EGAN00001798154 11 0 0 0 0 11 0
EGAN00001798162 23 0 0 0 0 23 0
EGAN00001798177 22 0 0 0 1 21 0
EGAN00001798191 33 0 0 0 0 33 0
EGAN00001798203 15 0 0 0 0 15 0
EGAN00001798255 22 0 0 0 0 22 0
EGAN00001798262 22 0 0 0 0 22 0
EGAN00001798269 15 0 0 0 0 15 0
EGAN00001798282 24 0 0 0 0 24 0
EGAN00001798285 27 0 0 0 0 27 0
EGAN00001798300 25 0 0 0 1 24 0
EGAN00001798317 23 0 0 0 0 23 0
EGAN00001798327 14 0 0 0 0 14 0
EGAN00001798330 20 0 0 0 0 20 0
EGAN00001798339 39 0 0 0 0 39 0
EGAN00001798342 22 0 0 0 0 22 0
EGAN00001798347 23 0 0 0 0 23 0
EGAN00001798348 11 0 0 0 0 11 0
EGAN00001798351 13 0 0 0 0 13 0
EGAN00001798359 10 0 0 0 0 10 0
EGAN00001798360 15 0 0 0 0 15 0
EGAN00001798367 18 0 0 0 0 18 0
EGAN00001798381 18 0 0 0 0 18 0
EGAN00001798382 16 0 0 0 0 16 0
EGAN00001798397 15 0 0 0 0 15 0
EGAN00001798404 16 0 0 0 0 16 0
EGAN00001798412 27 0 0 0 0 27 0
EGAN00001798435 11 0 0 0 0 11 0
EGAN00001798443 19 0 0 0 0 19 0
EGAN00001798445 20 0 1 0 0 19 0
EGAN00001798453 20 0 1 0 0 19 0
EGAN00001798480 27 0 0 0 1 26 0
EGAN00001798482 16 0 0 0 0 16 0
EGAN00001798483 21 0 0 1 0 20 0
EGAN00001798484 15 0 0 0 0 15 0
EGAN00001798492 12 0 0 0 0 12 0
EGAN00001798495 13 0 0 0 0 13 0
EGAN00001798498 22 0 0 0 0 22 0
EGAN00001798506 13 0 0 0 0 13 0
EGAN00001798511 14 0 0 0 1 13 0
EGAN00001798521 12 0 0 0 0 12 0
EGAN00001798534 20 0 0 0 0 20 0
EGAN00001798550 15 0 0 0 0 15 0
EGAN00001798551 8 0 0 0 0 8 0
EGAN00001798564 18 0 0 0 0 18 0
EGAN00001798565 16 0 0 0 0 16 0
EGAN00001798570 21 0 0 0 0 21 0
EGAN00001798574 15 0 0 0 0 15 0
EGAN00001798607 14 0 0 0 0 14 0
EGAN00001798625 17 0 0 0 0 17 0
EGAN00001798626 19 0 0 0 0 19 0
EGAN00001798632 13 0 0 0 0 13 0
EGAN00001798647 14 0 0 0 0 14 0
EGAN00001798653 20 0 0 0 1 19 0
EGAN00001798666 18 0 0 0 0 18 0
EGAN00001798669 21 0 0 0 0 21 0
EGAN00001798695 18 0 0 0 0 18 0
EGAN00001798708 24 0 0 0 0 24 0
EGAN00001830726 20 0 0 0 0 20 0
EGAN00001830730 15 0 0 0 0 15 0
EGAN00001830735 20 0 0 0 0 20 0
EGAN00001830736 11 0 0 0 0 11 0
EGAN00001830748 16 0 0 0 0 16 0
EGAN00001830757 22 0 0 0 0 22 0
EGAN00001830766 14 0 0 0 0 14 0
EGAN00001830784 13 0 0 0 0 13 0
EGAN00001830804 19 0 0 0 0 19 0
EGAN00001830806 15 0 0 0 0 15 0
EGAN00001830813 14 0 0 0 0 14 0
EGAN00001830822 15 0 0 0 1 14 0
EGAN00001830825 13 0 0 0 0 13 0
EGAN00001830830 11 0 0 0 0 11 0
EGAN00001830831 11 0 0 0 0 11 0
EGAN00001830836 20 0 0 0 0 20 0
EGAN00001830837 17 0 0 0 0 17 0
EGAN00001830839 12 0 0 0 0 12 0
EGAN00001830844 13 0 1 0 1 11 0
EGAN00001830849 19 0 0 0 0 19 0
EGAN00001830870 19 0 0 0 0 19 0
EGAN00001830878 15 0 0 0 0 15 0
EGAN00001830880 20 0 0 0 0 20 0
EGAN00001830882 26 0 0 0 2 24 0
EGAN00001830889 12 0 0 0 1 11 0
EGAN00001830896 17 0 0 0 0 17 0
EGAN00001830921 9 0 0 0 0 9 0
EGAN00001830930 20 0 0 0 0 20 0
EGAN00001830942 16 0 0 0 0 16 0
EGAN00001830943 19 0 0 0 0 19 0
EGAN00001830956 16 0 0 0 0 16 0
EGAN00001830959 17 0 0 0 0 17 0
