Sample Depth = A C G T N
EGAN00001008152 22 0 0 22 0 0 0
EGAN00001008240 23 0 0 23 0 0 0
EGAN00001008480 26 0 0 26 0 0 0
EGAN00001021279 10 0 0 10 0 0 0
EGAN00001021287 20 0 0 20 0 0 0
EGAN00001021349 32 0 0 32 0 0 0
EGAN00001021460 43 0 0 43 0 0 0
EGAN00001021482 16 0 0 16 0 0 0
EGAN00001021497 20 0 0 20 0 0 0
EGAN00001021529 17 0 0 17 0 0 0
EGAN00001021566 15 0 0 15 0 0 0
EGAN00001021591 23 0 0 23 0 0 0
EGAN00001021602 16 0 0 16 0 0 0
EGAN00001021616 11 0 0 11 0 0 0
EGAN00001021618 30 0 0 29 0 0 1
EGAN00001021722 23 0 0 23 0 0 0
EGAN00001021724 21 0 0 21 0 0 0
EGAN00001021747 18 0 0 18 0 0 0
EGAN00001021767 38 0 0 38 0 0 0
EGAN00001021773 17 0 0 17 0 0 0
EGAN00001021774 18 0 0 18 0 0 0
EGAN00001021779 17 0 0 17 0 0 0
EGAN00001021807 15 0 0 15 0 0 0
EGAN00001021818 19 0 0 19 0 0 0
EGAN00001021838 19 0 0 19 0 0 0
EGAN00001021842 16 0 0 16 0 0 0
EGAN00001021852 21 0 0 21 0 0 0
EGAN00001021861 22 0 0 22 0 0 0
EGAN00001021877 18 0 0 18 0 0 0
EGAN00001021992 18 0 0 18 0 0 0
EGAN00001021995 26 0 0 26 0 0 0
EGAN00001022009 22 0 0 22 0 0 0
EGAN00001022024 17 0 0 17 0 0 0
EGAN00001022028 12 0 0 12 0 0 0
EGAN00001022070 22 0 0 22 0 0 0
EGAN00001022071 18 0 0 18 0 0 0
EGAN00001022073 24 0 0 24 0 0 0
EGAN00001022269 20 0 0 20 0 0 0
EGAN00001022287 29 0 0 29 0 0 0
EGAN00001022694 21 0 0 21 0 0 0
EGAN00001022728 16 0 0 16 0 0 0
EGAN00001022747 17 0 0 17 0 0 0
EGAN00001022776 18 0 0 18 0 0 0
EGAN00001022786 9 0 0 9 0 0 0
EGAN00001022788 21 0 0 20 1 0 0
EGAN00001022798 12 0 0 12 0 0 0
EGAN00001022907 24 0 0 24 0 0 0
EGAN00001022925 20 0 0 20 0 0 0
EGAN00001022928 32 0 0 32 0 0 0
EGAN00001022933 21 0 0 21 0 0 0
EGAN00001022944 18 0 0 18 0 0 0
EGAN00001022965 26 0 0 26 0 0 0
EGAN00001022970 25 0 0 25 0 0 0
EGAN00001022976 25 0 0 25 0 0 0
EGAN00001022977 26 0 0 26 0 0 0
EGAN00001022985 25 0 0 25 0 0 0
EGAN00001022994 17 0 0 17 0 0 0
EGAN00001022999 46 0 0 46 0 0 0
EGAN00001023013 17 0 0 17 0 0 0
EGAN00001023048 25 0 0 25 0 0 0
EGAN00001023052 15 0 0 15 0 0 0
EGAN00001023062 30 0 0 30 0 0 0
EGAN00001023065 19 0 0 19 0 0 0
EGAN00001023090 18 0 0 18 0 0 0
EGAN00001023109 20 0 0 20 0 0 0
EGAN00001023113 16 0 0 16 0 0 0
EGAN00001023144 23 0 0 23 0 0 0
EGAN00001023149 24 0 0 24 0 0 0
EGAN00001023165 14 0 0 14 0 0 0
EGAN00001023440 16 0 0 16 0 0 0
EGAN00001023443 11 0 0 11 0 0 0
EGAN00001023451 15 0 0 15 0 0 0
EGAN00001023536 17 0 0 17 0 0 0
EGAN00001024052 20 0 0 20 0 0 0
EGAN00001024169 25 0 0 25 0 0 0
EGAN00001024175 22 0 0 22 0 0 0
EGAN00001024242 16 0 0 16 0 0 0
EGAN00001024268 21 0 0 21 0 0 0
EGAN00001024339 23 0 0 23 0 0 0
EGAN00001025821 14 0 0 14 0 0 0
EGAN00001025877 23 0 0 23 0 0 0
EGAN00001026203 32 0 0 31 0 1 0
EGAN00001026429 15 0 0 15 0 0 0
EGAN00001026576 22 0 0 22 0 0 0
EGAN00001026589 18 0 0 18 0 0 0
EGAN00001026598 27 0 0 27 0 0 0
EGAN00001026629 26 0 0 26 0 0 0
EGAN00001026694 18 0 0 18 0 0 0
EGAN00001026814 18 0 0 18 0 0 0
EGAN00001027202 24 0 0 24 0 0 0
EGAN00001027204 21 0 0 21 0 0 0
EGAN00001027205 17 0 0 17 0 0 0
EGAN00001027212 12 0 0 12 0 0 0
EGAN00001027340 20 0 0 20 0 0 0
EGAN00001027395 23 0 0 23 0 0 0
EGAN00001027418 20 0 0 20 0 0 0
EGAN00001027453 30 0 0 30 0 0 0
EGAN00001027462 25 0 0 25 0 0 0
EGAN00001027463 23 0 0 23 0 0 0
EGAN00001027475 24 0 0 24 0 0 0
EGAN00001027505 12 0 0 12 0 0 0
EGAN00001027540 13 0 0 13 0 0 0
EGAN00001073920 24 0 1 23 0 0 0
EGAN00001073921 17 0 0 17 0 0 0
EGAN00001073922 27 0 0 27 0 0 0
EGAN00001074781 25 0 0 25 0 0 0
EGAN00001074834 25 0 0 25 0 0 0
EGAN00001074854 31 0 0 31 0 0 0
EGAN00001074864 22 0 0 22 0 0 0
EGAN00001074869 38 0 0 38 0 0 0
EGAN00001074873 21 0 0 21 0 0 0
EGAN00001074875 22 0 0 22 0 0 0
EGAN00001079317 24 0 0 24 0 0 0
EGAN00001079328 15 0 0 15 0 0 0
EGAN00001079401 18 0 1 17 0 0 0
EGAN00001079414 22 0 0 21 1 0 0
EGAN00001079479 24 0 0 24 0 0 0
EGAN00001079481 18 0 0 18 0 0 0
EGAN00001079505 13 0 0 13 0 0 0
EGAN00001079506 18 0 0 18 0 0 0
EGAN00001079561 16 0 0 16 0 0 0
EGAN00001079572 18 0 0 18 0 0 0
EGAN00001079662 28 0 0 28 0 0 0
EGAN00001079666 15 0 0 15 0 0 0
EGAN00001079696 19 0 0 19 0 0 0
EGAN00001079780 16 0 0 16 0 0 0
EGAN00001080216 21 0 0 20 1 0 0
EGAN00001080226 22 0 0 22 0 0 0
EGAN00001240157 19 0 0 19 0 0 0
EGAN00001240272 18 0 0 18 0 0 0
EGAN00001240612 9 0 0 9 0 0 0
EGAN00001240628 12 0 0 12 0 0 0
EGAN00001240764 21 0 0 21 0 0 0
EGAN00001240779 17 0 0 17 0 0 0
EGAN00001240905 22 0 0 22 0 0 0
EGAN00001241156 20 0 0 20 0 0 0
EGAN00001241214 17 0 0 17 0 0 0
EGAN00001241247 19 0 0 19 0 0 0
EGAN00001241334 19 0 0 19 0 0 0
EGAN00001241394 22 0 0 22 0 0 0
EGAN00001241506 15 0 0 15 0 0 0
EGAN00001241817 16 0 0 16 0 0 0
EGAN00001241861 28 0 0 28 0 0 0
EGAN00001241906 13 0 0 13 0 0 0
EGAN00001241963 24 0 0 24 0 0 0
EGAN00001241982 21 0 0 21 0 0 0
EGAN00001242082 15 0 0 15 0 0 0
EGAN00001242253 18 0 0 18 0 0 0
EGAN00001242280 18 0 0 18 0 0 0
EGAN00001242309 15 0 0 15 0 0 0
EGAN00001242516 16 0 0 16 0 0 0
EGAN00001242562 16 0 0 16 0 0 0
EGAN00001242628 27 0 0 27 0 0 0
EGAN00001242652 16 0 0 16 0 0 0
EGAN00001242720 23 0 0 23 0 0 0
EGAN00001242723 16 0 0 16 0 0 0
EGAN00001242952 14 0 0 14 0 0 0
EGAN00001243036 20 0 0 20 0 0 0
EGAN00001243053 24 0 0 24 0 0 0
EGAN00001243054 21 0 0 21 0 0 0
EGAN00001243109 13 0 0 13 0 0 0
EGAN00001243140 23 0 0 23 0 0 0
EGAN00001243144 18 0 0 18 0 0 0
EGAN00001243226 18 0 0 18 0 0 0
EGAN00001243294 15 0 0 15 0 0 0
EGAN00001243323 22 0 0 22 0 0 0
EGAN00001243343 18 0 0 18 0 0 0
EGAN00001243402 12 0 0 12 0 0 0
EGAN00001243503 16 0 0 16 0 0 0
EGAN00001243681 16 0 0 16 0 0 0
EGAN00001243731 22 0 0 22 0 0 0
EGAN00001243755 20 0 0 20 0 0 0
EGAN00001243780 13 0 0 13 0 0 0
EGAN00001243786 19 0 0 19 0 0 0
EGAN00001243946 17 0 0 17 0 0 0
EGAN00001244068 34 0 0 34 0 0 0
EGAN00001244108 21 0 0 21 0 0 0
EGAN00001244157 13 0 0 13 0 0 0
EGAN00001244308 19 0 0 19 0 0 0
EGAN00001244475 20 0 0 20 0 0 0
EGAN00001244572 13 0 0 13 0 0 0
EGAN00001244592 17 0 0 17 0 0 0
EGAN00001244659 16 0 0 16 0 0 0
EGAN00001244730 29 0 0 29 0 0 0
EGAN00001244763 21 0 0 21 0 0 0
EGAN00001244776 16 0 0 16 0 0 0
EGAN00001245103 29 0 0 29 0 0 0
EGAN00001245122 26 0 0 26 0 0 0
EGAN00001245134 25 0 0 25 0 0 0
EGAN00001245179 15 0 0 15 0 0 0
EGAN00001245323 22 0 0 22 0 0 0
EGAN00001245434 18 0 0 18 0 0 0
EGAN00001245840 13 0 0 13 0 0 0
EGAN00001246009 21 0 0 21 0 0 0
EGAN00001246021 10 0 0 10 0 0 0
EGAN00001246023 29 0 0 29 0 0 0
EGAN00001246063 20 0 0 20 0 0 0
EGAN00001246077 22 0 0 22 0 0 0
EGAN00001246246 15 0 1 14 0 0 0
EGAN00001246783 17 0 0 17 0 0 0
EGAN00001247049 16 0 0 16 0 0 0
EGAN00001247152 15 0 0 15 0 0 0
EGAN00001247246 13 0 0 13 0 0 0
EGAN00001247313 20 0 0 20 0 0 0
EGAN00001247500 14 0 0 14 0 0 0
EGAN00001247568 12 0 0 12 0 0 0
EGAN00001247658 19 0 0 19 0 0 0
EGAN00001247674 18 0 0 18 0 0 0
EGAN00001247681 12 0 0 12 0 0 0
EGAN00001267728 14 0 0 14 0 0 0
EGAN00001267991 18 0 0 18 0 0 0
EGAN00001277294 14 0 0 14 0 0 0
EGAN00001277295 26 0 0 26 0 0 0
EGAN00001385049 12 0 0 12 0 0 0
EGAN00001385050 16 0 0 16 0 0 0
EGAN00001385053 13 0 0 13 0 0 0
EGAN00001385060 29 0 0 29 0 0 0
EGAN00001385062 19 0 0 19 0 0 0
EGAN00001385083 16 0 0 16 0 0 0
EGAN00001385135 15 0 0 15 0 0 0
EGAN00001385146 22 0 0 22 0 0 0
EGAN00001385155 19 0 0 19 0 0 0
EGAN00001385160 14 0 0 14 0 0 0
EGAN00001385169 28 0 0 28 0 0 0
EGAN00001385173 19 0 0 19 0 0 0
EGAN00001385177 17 0 0 17 0 0 0
EGAN00001385180 13 0 0 13 0 0 0
EGAN00001385182 14 0 0 14 0 0 0
EGAN00001385184 21 0 0 21 0 0 0
EGAN00001385193 23 0 0 23 0 0 0
EGAN00001385212 20 0 0 20 0 0 0
EGAN00001385222 25 0 0 25 0 0 0
EGAN00001385223 24 0 0 24 0 0 0
EGAN00001385232 20 0 0 20 0 0 0
EGAN00001385237 18 0 0 18 0 0 0
EGAN00001385246 23 0 0 23 0 0 0
EGAN00001385268 23 0 0 23 0 0 0
EGAN00001385280 23 0 0 23 0 0 0
EGAN00001385284 23 0 0 23 0 0 0
EGAN00001385305 21 0 0 21 0 0 0
EGAN00001385313 26 0 0 26 0 0 0
EGAN00001385352 23 0 0 23 0 0 0
EGAN00001385361 25 0 0 25 0 0 0
EGAN00001385393 26 0 0 26 0 0 0
EGAN00001385395 23 0 0 23 0 0 0
EGAN00001385442 21 0 0 21 0 0 0
EGAN00001385443 19 0 0 19 0 0 0
EGAN00001385444 16 0 0 16 0 0 0
EGAN00001385447 11 0 0 11 0 0 0
EGAN00001385448 20 0 0 20 0 0 0
EGAN00001385449 23 0 0 23 0 0 0
EGAN00001385467 18 0 0 18 0 0 0
EGAN00001385469 20 0 0 20 0 0 0
EGAN00001385479 19 0 0 19 0 0 0
EGAN00001385496 24 0 0 24 0 0 0
EGAN00001385516 17 0 0 17 0 0 0
EGAN00001385522 19 0 0 19 0 0 0
EGAN00001385535 22 0 0 22 0 0 0
EGAN00001385539 20 0 0 20 0 0 0
EGAN00001385550 13 0 0 13 0 0 0
EGAN00001385578 22 0 0 22 0 0 0
EGAN00001385611 13 0 0 13 0 0 0
EGAN00001385616 13 0 0 13 0 0 0
EGAN00001385617 14 0 0 14 0 0 0
EGAN00001385627 12 0 0 12 0 0 0
EGAN00001385651 26 0 0 26 0 0 0
EGAN00001385655 12 0 0 12 0 0 0
EGAN00001385657 16 0 0 16 0 0 0
EGAN00001385673 23 0 0 23 0 0 0
EGAN00001385678 12 0 0 12 0 0 0
EGAN00001385688 17 0 0 17 0 0 0
EGAN00001385695 14 0 0 14 0 0 0
EGAN00001385699 15 0 0 15 0 0 0
EGAN00001385709 15 0 0 15 0 0 0
EGAN00001385738 22 0 0 22 0 0 0
EGAN00001385744 22 0 0 22 0 0 0
EGAN00001385746 14 0 0 14 0 0 0
EGAN00001385749 23 0 0 23 0 0 0
EGAN00001385752 21 0 0 21 0 0 0
EGAN00001385756 18 0 0 18 0 0 0
EGAN00001385760 14 0 0 14 0 0 0
EGAN00001385768 18 0 0 18 0 0 0
EGAN00001403187 21 0 0 21 0 0 0
EGAN00001403699 16 0 0 16 0 0 0
EGAN00001403701 13 0 0 13 0 0 0
EGAN00001403713 17 0 0 17 0 0 0
EGAN00001403722 12 0 0 12 0 0 0
EGAN00001403725 17 0 0 17 0 0 0
EGAN00001403739 18 0 0 18 0 0 0
EGAN00001403743 18 0 0 18 0 0 0
EGAN00001403756 13 0 0 13 0 0 0
EGAN00001403757 16 0 0 16 0 0 0
EGAN00001403763 22 0 0 22 0 0 0
EGAN00001403785 28 0 0 28 0 0 0
EGAN00001403786 24 0 0 24 0 0 0
EGAN00001403795 18 0 0 18 0 0 0
EGAN00001403805 12 0 0 12 0 0 0
EGAN00001403812 18 0 0 18 0 0 0
EGAN00001403819 16 0 0 16 0 0 0
EGAN00001403823 21 0 0 21 0 0 0
EGAN00001403825 27 0 0 27 0 0 0
EGAN00001403838 15 0 0 15 0 0 0
EGAN00001403845 16 0 0 16 0 0 0
EGAN00001403870 23 0 0 23 0 0 0
EGAN00001403873 21 0 0 21 0 0 0
EGAN00001403874 21 0 0 21 0 0 0
EGAN00001403892 24 0 0 24 0 0 0
EGAN00001403903 13 0 0 13 0 0 0
EGAN00001403909 28 0 0 28 0 0 0
EGAN00001403920 27 0 0 27 0 0 0
EGAN00001403930 12 0 0 12 0 0 0
EGAN00001403933 16 0 0 16 0 0 0
EGAN00001403939 14 0 0 14 0 0 0
EGAN00001403943 16 0 0 16 0 0 0
EGAN00001403953 34 0 0 34 0 0 0
EGAN00001403963 22 0 0 22 0 0 0
EGAN00001403980 22 0 0 22 0 0 0
EGAN00001403981 19 0 0 19 0 0 0
EGAN00001403994 17 0 0 17 0 0 0
EGAN00001404034 10 0 0 10 0 0 0
EGAN00001404044 19 0 0 19 0 0 0
EGAN00001404050 21 0 0 21 0 0 0
EGAN00001404075 18 0 0 18 0 0 0
EGAN00001404090 18 0 0 18 0 0 0
EGAN00001404108 19 0 0 19 0 0 0
EGAN00001404119 35 0 0 35 0 0 0
EGAN00001404147 16 0 0 16 0 0 0
EGAN00001404151 15 0 0 15 0 0 0
EGAN00001404154 13 0 0 13 0 0 0
EGAN00001404484 11 0 0 11 0 0 0
EGAN00001439009 24 0 0 24 0 0 0
EGAN00001439015 17 0 0 17 0 0 0
EGAN00001439114 13 0 0 13 0 0 0
EGAN00001439126 13 0 0 13 0 0 0
EGAN00001439127 28 0 0 28 0 0 0
EGAN00001439130 20 0 1 19 0 0 0
EGAN00001439141 24 0 0 24 0 0 0
EGAN00001439154 15 0 0 15 0 0 0
EGAN00001439168 21 0 0 21 0 0 0
EGAN00001439176 20 0 0 20 0 0 0
EGAN00001439191 22 0 0 22 0 0 0
EGAN00001439204 16 0 0 16 0 0 0
EGAN00001439205 24 0 0 24 0 0 0
EGAN00001439214 18 0 0 18 0 0 0
EGAN00001439216 18 0 0 18 0 0 0
EGAN00001439223 19 0 0 19 0 0 0
EGAN00001439229 21 0 0 21 0 0 0
EGAN00001439230 9 0 0 9 0 0 0
EGAN00001439797 30 0 0 30 0 0 0
EGAN00001440377 18 0 0 18 0 0 0
EGAN00001440389 17 0 0 17 0 0 0
EGAN00001440396 32 0 0 32 0 0 0
EGAN00001440398 6 0 0 6 0 0 0
EGAN00001440407 16 0 0 16 0 0 0
EGAN00001440429 27 0 0 27 0 0 0
EGAN00001440468 18 0 0 18 0 0 0
EGAN00001440476 15 0 0 15 0 0 0
EGAN00001440495 16 0 0 16 0 0 0
EGAN00001440500 30 0 0 30 0 0 0
EGAN00001440514 20 0 0 20 0 0 0
EGAN00001440523 13 0 0 13 0 0 0
EGAN00001440524 29 0 0 29 0 0 0
EGAN00001440539 28 0 0 28 0 0 0
EGAN00001440542 19 0 0 19 0 0 0
EGAN00001440566 23 0 0 23 0 0 0
EGAN00001440641 26 0 0 26 0 0 0
EGAN00001440710 12 0 0 12 0 0 0
EGAN00001440723 20 0 0 20 0 0 0
EGAN00001442167 18 0 0 18 0 0 0
EGAN00001442174 20 0 0 20 0 0 0
EGAN00001442203 19 0 0 19 0 0 0
EGAN00001442204 29 0 0 29 0 0 0
EGAN00001442210 23 0 0 23 0 0 0
EGAN00001442231 15 0 0 15 0 0 0
EGAN00001442238 12 0 0 12 0 0 0
EGAN00001442436 13 0 0 13 0 0 0
EGAN00001442449 31 0 0 31 0 0 0
EGAN00001442458 15 0 0 15 0 0 0
EGAN00001442474 8 0 0 8 0 0 0
EGAN00001442489 15 0 0 15 0 0 0
EGAN00001443772 27 0 0 27 0 0 0
EGAN00001444312 18 0 0 18 0 0 0
EGAN00001444317 12 0 0 12 0 0 0
EGAN00001444318 20 0 0 20 0 0 0
EGAN00001444415 24 0 0 23 1 0 0
EGAN00001444475 25 0 0 25 0 0 0
EGAN00001444482 12 0 0 12 0 0 0
EGAN00001444841 15 0 0 15 0 0 0
EGAN00001444984 17 0 0 17 0 0 0
EGAN00001445004 24 0 0 24 0 0 0
EGAN00001445013 13 0 0 13 0 0 0
EGAN00001445033 22 0 0 22 0 0 0
EGAN00001445043 26 0 0 26 0 0 0
EGAN00001445071 30 0 0 30 0 0 0
EGAN00001445077 15 0 0 15 0 0 0
EGAN00001445079 33 0 0 33 0 0 0
EGAN00001445081 24 0 0 24 0 0 0
EGAN00001445085 22 0 0 22 0 0 0
EGAN00001445454 20 0 0 20 0 0 0
EGAN00001445456 30 0 0 30 0 0 0
EGAN00001445463 26 0 1 25 0 0 0
EGAN00001445494 13 0 0 13 0 0 0
EGAN00001445507 8 0 0 8 0 0 0
EGAN00001445512 10 0 0 10 0 0 0
EGAN00001445521 12 0 0 12 0 0 0
EGAN00001445525 22 0 0 22 0 0 0
EGAN00001446662 17 0 0 17 0 0 0
EGAN00001446688 20 0 0 20 0 0 0
EGAN00001446689 15 0 0 15 0 0 0
EGAN00001446697 16 0 0 16 0 0 0
EGAN00001486675 30 0 0 30 0 0 0
EGAN00001486681 10 0 0 10 0 0 0
EGAN00001486687 14 0 0 14 0 0 0
EGAN00001559552 13 0 0 13 0 0 0
EGAN00001559573 18 0 0 18 0 0 0
EGAN00001559631 14 0 0 14 0 0 0
EGAN00001559637 14 0 0 14 0 0 0
EGAN00001559644 20 0 0 20 0 0 0
EGAN00001559648 22 0 0 22 0 0 0
EGAN00001559656 7 0 0 7 0 0 0
EGAN00001559663 20 0 0 20 0 0 0
EGAN00001559670 20 0 0 20 0 0 0
EGAN00001559678 18 0 0 18 0 0 0
EGAN00001559693 19 0 0 19 0 0 0
EGAN00001559701 15 0 0 15 0 0 0
EGAN00001559716 19 0 0 19 0 0 0
EGAN00001559739 23 0 0 23 0 0 0
EGAN00001559761 21 0 0 21 0 0 0
EGAN00001559766 17 0 0 17 0 0 0
EGAN00001559774 23 0 1 22 0 0 0
EGAN00001559782 11 0 0 11 0 0 0
EGAN00001559799 25 0 0 25 0 0 0
EGAN00001559808 19 0 0 19 0 0 0
EGAN00001559814 22 0 0 22 0 0 0
EGAN00001559826 36 0 0 36 0 0 0
EGAN00001559843 18 0 0 18 0 0 0
EGAN00001559849 16 0 0 16 0 0 0
EGAN00001559881 18 0 0 18 0 0 0
EGAN00001559902 21 0 0 21 0 0 0
EGAN00001559926 26 0 0 26 0 0 0
EGAN00001559933 18 0 0 18 0 0 0
EGAN00001559939 19 0 0 19 0 0 0
EGAN00001559962 19 0 0 19 0 0 0
EGAN00001559967 28 0 0 28 0 0 0
EGAN00001559995 17 0 0 17 0 0 0
EGAN00001560016 20 0 0 20 0 0 0
EGAN00001560034 20 0 0 20 0 0 0
EGAN00001560035 22 0 0 22 0 0 0
EGAN00001560050 13 0 0 13 0 0 0
EGAN00001560052 11 0 0 11 0 0 0
EGAN00001560068 26 0 0 26 0 0 0
EGAN00001560084 21 0 0 21 0 0 0
EGAN00001560085 13 0 0 13 0 0 0
EGAN00001560090 22 0 0 22 0 0 0
EGAN00001560096 25 0 0 25 0 0 0
EGAN00001560098 24 0 0 24 0 0 0
EGAN00001560124 18 0 0 18 0 0 0
EGAN00001560145 15 0 0 15 0 0 0
EGAN00001560153 21 0 0 21 0 0 0
EGAN00001560162 18 0 0 18 0 0 0
EGAN00001560183 12 0 0 12 0 0 0
EGAN00001560192 25 0 0 25 0 0 0
EGAN00001560207 19 0 0 19 0 0 0
EGAN00001560214 12 0 0 12 0 0 0
EGAN00001560218 17 0 0 17 0 0 0
EGAN00001560231 19 0 0 19 0 0 0
EGAN00001560243 25 0 0 25 0 0 0
EGAN00001560269 18 0 0 18 0 0 0
EGAN00001560308 19 0 0 19 0 0 0
EGAN00001560313 19 0 0 19 0 0 0
EGAN00001560314 9 0 0 9 0 0 0
EGAN00001560320 20 0 0 20 0 0 0
EGAN00001560322 15 0 0 15 0 0 0
EGAN00001560332 23 0 0 23 0 0 0
EGAN00001560346 24 0 0 24 0 0 0
EGAN00001560356 28 0 0 28 0 0 0
EGAN00001560362 14 0 0 14 0 0 0
EGAN00001560370 17 0 0 17 0 0 0
EGAN00001560386 25 0 0 25 0 0 0
EGAN00001560396 19 0 0 19 0 0 0
EGAN00001560410 21 0 0 21 0 0 0
EGAN00001560418 21 0 0 20 0 0 0
EGAN00001560424 27 0 0 27 0 0 0
EGAN00001560448 20 0 0 20 0 0 0
EGAN00001560453 14 0 0 14 0 0 0
EGAN00001560464 30 0 0 30 0 0 0
EGAN00001560478 20 0 0 20 0 0 0
EGAN00001560485 14 0 0 14 0 0 0
EGAN00001560513 18 0 0 18 0 0 0
EGAN00001560515 34 0 0 34 0 0 0
EGAN00001560516 16 0 0 16 0 0 0
EGAN00001560524 16 0 0 16 0 0 0
EGAN00001560527 27 0 0 27 0 0 0
EGAN00001560540 15 0 0 15 0 0 0
EGAN00001560547 14 0 0 14 0 0 0
EGAN00001560549 17 0 0 17 0 0 0
EGAN00001560559 22 0 0 22 0 0 0
EGAN00001560583 8 0 0 8 0 0 0
EGAN00001560592 20 0 0 20 0 0 0
EGAN00001560595 10 0 0 10 0 0 0
EGAN00001560606 22 0 0 21 1 0 0
EGAN00001560609 10 0 0 10 0 0 0
EGAN00001560616 26 0 0 26 0 0 0
EGAN00001560633 14 0 0 14 0 0 0
EGAN00001560665 21 0 0 21 0 0 0
EGAN00001560675 19 0 0 19 0 0 0
EGAN00001560686 17 0 0 17 0 0 0
EGAN00001560693 13 0 0 13 0 0 0
EGAN00001560695 18 0 0 18 0 0 0
EGAN00001560708 23 0 0 22 1 0 0
EGAN00001560710 17 0 0 17 0 0 0
EGAN00001560737 23 0 0 23 0 0 0
EGAN00001560738 12 0 0 12 0 0 0
EGAN00001560739 12 0 0 12 0 0 0
EGAN00001560761 18 0 0 18 0 0 0
EGAN00001560769 23 0 0 23 0 0 0
EGAN00001560786 25 0 0 25 0 0 0
EGAN00001560788 24 0 0 24 0 0 0
EGAN00001560813 10 0 0 10 0 0 0
EGAN00001560820 17 0 0 17 0 0 0
EGAN00001560821 23 0 0 23 0 0 0
EGAN00001560824 25 0 0 25 0 0 0
EGAN00001560853 16 0 0 16 0 0 0
EGAN00001560869 12 0 0 12 0 0 0
EGAN00001560889 18 0 0 18 0 0 0
EGAN00001560906 17 0 0 17 0 0 0
EGAN00001560912 17 0 0 17 0 0 0
EGAN00001560929 22 0 0 22 0 0 0
EGAN00001560938 20 0 0 20 0 0 0
EGAN00001560951 25 0 0 25 0 0 0
EGAN00001560966 12 0 0 12 0 0 0
EGAN00001560974 19 0 0 19 0 0 0
EGAN00001560985 19 0 0 19 0 0 0
EGAN00001560994 19 0 0 18 0 1 0
EGAN00001560995 34 0 0 34 0 0 0
EGAN00001561020 24 0 0 24 0 0 0
EGAN00001561055 14 0 0 14 0 0 0
EGAN00001561079 25 0 0 25 0 0 0
EGAN00001561085 20 0 0 20 0 0 0
EGAN00001561103 21 0 0 21 0 0 0
EGAN00001561148 25 0 0 25 0 0 0
EGAN00001561154 20 0 0 20 0 0 0
EGAN00001561172 20 0 0 20 0 0 0
EGAN00001561199 11 0 0 11 0 0 0
EGAN00001561200 23 0 0 23 0 0 0
EGAN00001561201 14 0 0 14 0 0 0
EGAN00001561206 24 0 0 24 0 0 0
EGAN00001561221 31 0 0 31 0 0 0
EGAN00001561231 22 0 0 22 0 0 0
EGAN00001561234 12 0 0 12 0 0 0
EGAN00001561251 14 0 0 14 0 0 0
EGAN00001561252 12 0 0 12 0 0 0
EGAN00001561280 17 0 0 17 0 0 0
EGAN00001561296 23 0 0 23 0 0 0
EGAN00001561299 16 0 0 16 0 0 0
EGAN00001561303 17 0 0 17 0 0 0
EGAN00001561312 20 0 0 20 0 0 0
EGAN00001561373 18 0 0 18 0 0 0
EGAN00001561380 13 0 0 13 0 0 0
EGAN00001561393 22 0 0 22 0 0 0
EGAN00001561406 15 0 0 15 0 0 0
EGAN00001561412 26 0 0 26 0 0 0
EGAN00001561414 14 0 0 14 0 0 0
EGAN00001561425 18 0 0 18 0 0 0
EGAN00001561431 19 0 0 19 0 0 0
EGAN00001561442 8 0 0 8 0 0 0
EGAN00001561448 16 0 0 16 0 0 0
EGAN00001561453 26 0 0 26 0 0 0
EGAN00001561456 12 0 0 12 0 0 0
EGAN00001561458 16 0 0 16 0 0 0
EGAN00001561467 19 0 0 19 0 0 0
EGAN00001561476 21 0 0 21 0 0 0
EGAN00001561503 17 0 0 17 0 0 0
EGAN00001561508 22 0 0 22 0 0 0
EGAN00001561510 17 0 0 17 0 0 0
EGAN00001561542 22 0 0 22 0 0 0
EGAN00001561554 27 0 0 27 0 0 0
EGAN00001569013 14 0 0 14 0 0 0
EGAN00001572904 16 0 0 16 0 0 0
EGAN00001572939 18 0 0 18 0 0 0
EGAN00001575966 27 0 0 27 0 0 0
EGAN00001575982 15 0 0 15 0 0 0
EGAN00001576013 20 0 0 20 0 0 0
EGAN00001576017 26 0 1 25 0 0 0
EGAN00001576033 25 0 0 25 0 0 0
EGAN00001576040 26 0 0 26 0 0 0
EGAN00001576047 13 0 0 13 0 0 0
EGAN00001576056 13 0 0 13 0 0 0
EGAN00001576064 14 0 0 14 0 0 0
EGAN00001576068 25 0 0 25 0 0 0
EGAN00001576070 48 0 0 48 0 0 0
EGAN00001576074 25 0 0 24 1 0 0
EGAN00001576094 15 0 0 15 0 0 0
EGAN00001576100 15 0 0 15 0 0 0
EGAN00001576104 26 0 0 26 0 0 0
EGAN00001576114 20 0 0 20 0 0 0
EGAN00001576126 18 0 0 18 0 0 0
EGAN00001576168 15 0 0 15 0 0 0
EGAN00001576188 21 0 0 21 0 0 0
EGAN00001576205 20 0 0 20 0 0 0
EGAN00001576216 20 0 0 19 0 1 0
EGAN00001576226 18 0 0 18 0 0 0
EGAN00001576240 14 0 0 14 0 0 0
EGAN00001576245 22 0 0 22 0 0 0
EGAN00001576247 19 0 0 19 0 0 0
EGAN00001576249 25 0 0 25 0 0 0
EGAN00001576253 23 0 0 23 0 0 0
EGAN00001576258 12 0 0 12 0 0 0
EGAN00001576264 18 0 0 18 0 0 0
EGAN00001576272 20 0 0 20 0 0 0
EGAN00001576273 15 0 0 15 0 0 0
EGAN00001576277 24 0 1 23 0 0 0
EGAN00001576296 15 0 0 15 0 0 0
EGAN00001576314 14 0 0 14 0 0 0
EGAN00001576321 21 0 0 21 0 0 0
EGAN00001576324 24 0 0 24 0 0 0
EGAN00001576334 30 0 0 30 0 0 0
EGAN00001576367 22 0 0 22 0 0 0
EGAN00001576379 16 0 0 16 0 0 0
EGAN00001576393 22 0 0 22 0 0 0
EGAN00001576415 27 0 0 27 0 0 0
EGAN00001576428 24 0 0 24 0 0 0
EGAN00001576431 19 0 0 19 0 0 0
EGAN00001576439 15 0 0 15 0 0 0
EGAN00001576442 18 0 0 18 0 0 0
EGAN00001576452 14 0 0 14 0 0 0
EGAN00001576459 20 0 0 20 0 0 0
EGAN00001576482 25 0 0 25 0 0 0
EGAN00001576490 17 0 0 17 0 0 0
EGAN00001576502 33 0 0 33 0 0 0
EGAN00001576514 23 0 0 23 0 0 0
EGAN00001576515 26 0 0 26 0 0 0
EGAN00001576553 23 0 0 23 0 0 0
EGAN00001576555 17 0 0 17 0 0 0
EGAN00001576558 9 0 0 9 0 0 0
EGAN00001576566 24 0 0 24 0 0 0
EGAN00001576575 26 0 0 26 0 0 0
EGAN00001576611 20 0 0 20 0 0 0
EGAN00001576639 14 0 0 14 0 0 0
EGAN00001576651 28 0 0 28 0 0 0
EGAN00001576682 20 0 0 20 0 0 0
EGAN00001576692 18 0 0 18 0 0 0
EGAN00001576705 12 0 0 12 0 0 0
EGAN00001576718 24 0 0 24 0 0 0
EGAN00001579169 17 0 0 17 0 0 0
EGAN00001579171 15 0 0 15 0 0 0
EGAN00001583153 19 0 1 18 0 0 0
EGAN00001583162 25 0 0 25 0 0 0
EGAN00001583163 12 0 0 12 0 0 0
EGAN00001583178 19 0 0 19 0 0 0
EGAN00001583180 26 0 0 26 0 0 0
EGAN00001583181 18 0 0 18 0 0 0
EGAN00001583193 17 0 0 17 0 0 0
EGAN00001583197 24 0 0 24 0 0 0
EGAN00001583205 15 0 0 15 0 0 0
EGAN00001583212 16 0 0 16 0 0 0
EGAN00001583219 21 0 0 21 0 0 0
EGAN00001583224 16 0 0 16 0 0 0
EGAN00001583226 27 0 0 27 0 0 0
EGAN00001583243 22 0 0 22 0 0 0
EGAN00001583244 20 0 0 20 0 0 0
EGAN00001583254 19 0 0 19 0 0 0
EGAN00001583261 20 0 0 19 1 0 0
EGAN00001583263 13 0 0 13 0 0 0
EGAN00001583265 18 0 0 18 0 0 0
EGAN00001583284 15 0 0 15 0 0 0
EGAN00001583286 19 0 0 19 0 0 0
EGAN00001583301 25 0 0 25 0 0 0
EGAN00001583306 14 0 0 14 0 0 0
EGAN00001583343 22 0 0 22 0 0 0
EGAN00001583345 17 0 0 17 0 0 0
EGAN00001583356 18 0 0 18 0 0 0
EGAN00001583369 16 0 0 16 0 0 0
EGAN00001583385 14 0 0 14 0 0 0
EGAN00001583389 22 0 0 22 0 0 0
EGAN00001583391 19 0 0 18 1 0 0
EGAN00001583392 22 0 0 22 0 0 0
EGAN00001583412 19 0 0 19 0 0 0
EGAN00001583457 14 0 0 14 0 0 0
EGAN00001583470 16 0 0 16 0 0 0
EGAN00001583494 13 0 0 13 0 0 0
EGAN00001583512 15 0 0 15 0 0 0
EGAN00001583541 23 0 0 23 0 0 0
EGAN00001583549 17 0 0 17 0 0 0
EGAN00001583560 9 0 0 9 0 0 0
EGAN00001583568 18 0 0 18 0 0 0
EGAN00001583572 25 0 0 25 0 0 0
EGAN00001583582 18 0 0 18 0 0 0
EGAN00001583601 25 0 0 25 0 0 0
EGAN00001583605 23 0 0 23 0 0 0
EGAN00001583609 18 0 0 18 0 0 0
EGAN00001583611 15 0 0 15 0 0 0
EGAN00001583640 19 0 0 19 0 0 0
EGAN00001583651 19 0 0 19 0 0 0
EGAN00001583686 16 0 0 16 0 0 0
EGAN00001583692 20 0 0 20 0 0 0
EGAN00001583724 17 0 0 17 0 0 0
EGAN00001583742 15 0 0 15 0 0 0
EGAN00001583765 21 0 0 21 0 0 0
EGAN00001583766 17 0 0 17 0 0 0
EGAN00001583772 14 0 0 14 0 0 0
EGAN00001583814 15 0 0 15 0 0 0
EGAN00001583825 15 0 0 15 0 0 0
EGAN00001583828 24 0 0 24 0 0 0
EGAN00001583831 22 0 0 22 0 0 0
EGAN00001583841 16 0 0 16 0 0 0
EGAN00001583853 10 0 0 10 0 0 0
EGAN00001583858 14 0 0 14 0 0 0
EGAN00001583868 14 0 0 14 0 0 0
EGAN00001583899 20 0 0 20 0 0 0
EGAN00001583921 16 0 0 16 0 0 0
EGAN00001583924 16 0 1 15 0 0 0
EGAN00001583925 22 0 0 22 0 0 0
EGAN00001583933 19 0 0 19 0 0 0
EGAN00001584036 24 0 0 24 0 0 0
EGAN00001584047 19 0 1 18 0 0 0
EGAN00001584049 18 0 0 18 0 0 0
EGAN00001584057 17 0 0 17 0 0 0
EGAN00001584062 17 0 0 17 0 0 0
EGAN00001584081 16 0 0 16 0 0 0
EGAN00001584088 20 0 0 20 0 0 0
EGAN00001584090 15 0 0 15 0 0 0
EGAN00001584093 17 0 0 17 0 0 0
EGAN00001584094 25 0 0 25 0 0 0
EGAN00001584105 20 0 0 20 0 0 0
EGAN00001584106 20 0 0 20 0 0 0
EGAN00001584115 26 0 0 26 0 0 0
EGAN00001584121 17 0 0 16 0 1 0
EGAN00001584137 23 0 0 23 0 0 0
EGAN00001584139 17 0 0 17 0 0 0
EGAN00001584140 24 0 0 24 0 0 0
EGAN00001584144 17 0 0 17 0 0 0
EGAN00001584198 19 0 0 19 0 0 0
EGAN00001584205 22 0 0 22 0 0 0
EGAN00001584210 17 0 0 17 0 0 0
EGAN00001584212 16 0 0 16 0 0 0
EGAN00001584219 26 0 0 26 0 0 0
EGAN00001584226 16 0 0 16 0 0 0
EGAN00001584245 18 0 0 18 0 0 0
EGAN00001584254 15 0 0 15 0 0 0
EGAN00001584279 17 0 0 17 0 0 0
EGAN00001584280 14 0 0 14 0 0 0
EGAN00001584292 15 0 0 15 0 0 0
EGAN00001584299 19 0 0 19 0 0 0
EGAN00001584334 13 0 0 13 0 0 0
EGAN00001584348 21 0 0 21 0 0 0
EGAN00001584355 9 0 0 9 0 0 0
EGAN00001584367 25 0 0 25 0 0 0
EGAN00001584368 21 0 0 21 0 0 0
EGAN00001584369 13 0 0 13 0 0 0
EGAN00001584374 19 0 0 19 0 0 0
EGAN00001584384 22 0 0 22 0 0 0
EGAN00001584389 19 0 0 19 0 0 0
EGAN00001584393 19 0 0 19 0 0 0
EGAN00001584404 27 0 0 27 0 0 0
EGAN00001584410 15 0 0 15 0 0 0
EGAN00001584419 11 0 0 11 0 0 0
EGAN00001584421 18 0 0 18 0 0 0
EGAN00001584426 15 0 0 15 0 0 0
EGAN00001584447 21 0 0 21 0 0 0
EGAN00001584469 21 0 0 21 0 0 0
EGAN00001584470 16 0 0 16 0 0 0
EGAN00001584475 17 0 0 17 0 0 0
EGAN00001584497 18 0 0 18 0 0 0
EGAN00001584525 19 0 0 19 0 0 0
EGAN00001584530 20 0 0 20 0 0 0
EGAN00001584531 13 0 0 13 0 0 0
EGAN00001584562 24 0 0 24 0 0 0
EGAN00001584578 21 0 0 21 0 0 0
EGAN00001584585 16 0 0 16 0 0 0
EGAN00001584587 13 0 0 13 0 0 0
EGAN00001584590 17 0 0 17 0 0 0
EGAN00001584594 26 0 0 26 0 0 0
EGAN00001584621 17 0 0 17 0 0 0
EGAN00001584662 23 0 0 23 0 0 0
EGAN00001584670 15 0 0 15 0 0 0
EGAN00001584681 22 0 0 22 0 0 0
EGAN00001584682 18 0 0 18 0 0 0
EGAN00001584686 16 0 0 16 0 0 0
EGAN00001584695 17 0 0 16 1 0 0
EGAN00001584701 21 0 0 21 0 0 0
EGAN00001584748 17 0 0 17 0 0 0
EGAN00001584752 9 0 0 9 0 0 0
EGAN00001584770 15 0 0 15 0 0 0
EGAN00001584776 21 0 0 21 0 0 0
EGAN00001584789 16 0 0 16 0 0 0
EGAN00001584799 20 0 0 20 0 0 0
EGAN00001584807 16 0 0 16 0 0 0
EGAN00001584818 18 0 0 18 0 0 0
EGAN00001584827 23 0 0 23 0 0 0
EGAN00001584831 27 0 0 27 0 0 0
EGAN00001584844 14 0 0 14 0 0 0
EGAN00001584856 13 0 0 13 0 0 0
EGAN00001584876 18 0 0 18 0 0 0
EGAN00001584878 15 0 0 15 0 0 0
EGAN00001584887 20 0 0 20 0 0 0
EGAN00001584890 13 0 0 13 0 0 0
EGAN00001584902 14 0 0 14 0 0 0
EGAN00001584908 16 0 0 16 0 0 0
EGAN00001584924 20 0 0 20 0 0 0
EGAN00001584927 19 0 1 18 0 0 0
EGAN00001584940 13 0 0 13 0 0 0
EGAN00001584952 14 0 0 14 0 0 0
EGAN00001584966 21 0 0 21 0 0 0
EGAN00001584970 13 0 0 13 0 0 0
EGAN00001584972 17 0 0 17 0 0 0
EGAN00001585037 18 0 0 18 0 0 0
EGAN00001585049 18 0 0 18 0 0 0
EGAN00001585062 20 0 0 20 0 0 0
EGAN00001585083 20 0 0 20 0 0 0
EGAN00001585105 23 0 0 23 0 0 0
EGAN00001585131 21 0 0 21 0 0 0
EGAN00001585136 21 0 0 21 0 0 0
EGAN00001585163 24 0 0 24 0 0 0
EGAN00001585167 18 0 0 18 0 0 0
EGAN00001585175 22 0 1 21 0 0 0
EGAN00001585178 12 0 0 12 0 0 0
EGAN00001585191 11 0 0 11 0 0 0
EGAN00001585193 23 0 0 23 0 0 0
EGAN00001585195 14 0 0 14 0 0 0
EGAN00001585197 17 0 0 17 0 0 0
EGAN00001585198 14 0 0 13 1 0 0
EGAN00001585202 21 0 0 21 0 0 0
EGAN00001585228 19 0 0 19 0 0 0
EGAN00001585231 25 0 0 25 0 0 0
EGAN00001585239 20 0 0 20 0 0 0
EGAN00001585244 19 0 0 19 0 0 0
EGAN00001585262 20 0 0 20 0 0 0
EGAN00001585265 23 0 0 23 0 0 0
EGAN00001585280 18 0 0 18 0 0 0
EGAN00001585318 24 0 0 24 0 0 0
EGAN00001585319 22 0 0 22 0 0 0
EGAN00001585322 14 0 0 14 0 0 0
EGAN00001585328 21 0 0 21 0 0 0
EGAN00001585331 14 0 0 14 0 0 0
EGAN00001585337 19 0 0 19 0 0 0
EGAN00001585349 20 0 0 20 0 0 0
EGAN00001585350 18 0 0 18 0 0 0
EGAN00001585368 11 0 0 11 0 0 0
EGAN00001585387 16 0 0 16 0 0 0
EGAN00001585388 17 0 0 17 0 0 0
EGAN00001585391 19 0 0 19 0 0 0
EGAN00001585393 12 0 0 12 0 0 0
EGAN00001585404 21 0 0 21 0 0 0
EGAN00001585423 20 0 0 20 0 0 0
EGAN00001585439 13 0 0 13 0 0 0
EGAN00001585440 12 0 0 12 0 0 0
EGAN00001585449 14 0 0 14 0 0 0
EGAN00001585462 17 0 0 17 0 0 0
EGAN00001585473 26 0 0 26 0 0 0
EGAN00001585477 20 0 0 20 0 0 0
EGAN00001585491 14 0 0 14 0 0 0
EGAN00001585505 19 0 0 19 0 0 0
EGAN00001585506 18 0 0 18 0 0 0
EGAN00001585507 19 0 0 19 0 0 0
EGAN00001585518 17 0 0 17 0 0 0
EGAN00001585529 23 0 0 23 0 0 0
EGAN00001585530 19 0 1 18 0 0 0
EGAN00001585536 19 0 0 19 0 0 0
EGAN00001585557 18 0 0 18 0 0 0
EGAN00001585560 17 0 0 17 0 0 0
EGAN00001585569 12 0 0 12 0 0 0
EGAN00001585604 13 0 0 13 0 0 0
EGAN00001585621 17 0 0 17 0 0 0
EGAN00001585625 25 0 0 25 0 0 0
EGAN00001585628 18 0 0 18 0 0 0
EGAN00001585629 9 0 0 9 0 0 0
EGAN00001585639 17 0 0 16 1 0 0
EGAN00001585649 19 0 0 19 0 0 0
EGAN00001585650 24 0 0 24 0 0 0
EGAN00001585657 21 0 0 21 0 0 0
EGAN00001585676 20 0 0 19 0 1 0
EGAN00001585681 24 0 0 24 0 0 0
EGAN00001585693 17 0 0 17 0 0 0
EGAN00001585705 19 0 0 19 0 0 0
EGAN00001585726 28 0 0 28 0 0 0
EGAN00001585735 15 0 0 15 0 0 0
EGAN00001585751 13 0 0 13 0 0 0
EGAN00001585755 26 0 0 26 0 0 0
EGAN00001585773 12 0 0 12 0 0 0
EGAN00001585802 14 0 0 14 0 0 0
EGAN00001585821 18 0 0 18 0 0 0
EGAN00001585822 19 0 0 19 0 0 0
EGAN00001585840 18 0 0 18 0 0 0
EGAN00001585842 18 0 0 18 0 0 0
EGAN00001585849 14 0 0 14 0 0 0
EGAN00001585852 26 0 0 26 0 0 0
EGAN00001585857 16 0 0 16 0 0 0
EGAN00001585870 28 0 0 28 0 0 0
EGAN00001585871 18 0 0 18 0 0 0
EGAN00001585884 27 0 0 27 0 0 0
EGAN00001585910 29 0 0 29 0 0 0
EGAN00001585946 21 0 0 21 0 0 0
EGAN00001585953 12 0 0 11 0 0 1
EGAN00001585980 26 0 0 26 0 0 0
EGAN00001585989 22 0 0 22 0 0 0
EGAN00001586004 19 0 0 19 0 0 0
EGAN00001586011 21 0 0 21 0 0 0
EGAN00001586036 16 0 0 16 0 0 0
EGAN00001586045 19 0 0 18 1 0 0
EGAN00001586049 15 0 0 15 0 0 0
EGAN00001586050 18 0 0 18 0 0 0
EGAN00001586055 30 0 0 30 0 0 0
EGAN00001586060 18 0 0 18 0 0 0
EGAN00001586066 15 0 0 15 0 0 0
EGAN00001586069 18 0 0 18 0 0 0
EGAN00001586081 25 0 0 25 0 0 0
EGAN00001586083 24 0 0 24 0 0 0
EGAN00001586104 21 0 0 21 0 0 0
EGAN00001586112 24 0 0 24 0 0 0
EGAN00001586117 21 0 0 21 0 0 0
EGAN00001586125 20 0 0 20 0 0 0
EGAN00001586148 15 0 0 15 0 0 0
EGAN00001586165 18 0 0 18 0 0 0
EGAN00001586175 21 0 0 21 0 0 0
EGAN00001586181 19 0 0 19 0 0 0
EGAN00001586191 19 0 0 19 0 0 0
EGAN00001586205 18 0 0 18 0 0 0
EGAN00001586206 25 0 0 25 0 0 0
EGAN00001599246 10 0 0 10 0 0 0
EGAN00001599251 13 0 0 13 0 0 0
EGAN00001599261 21 0 0 21 0 0 0
EGAN00001599262 15 0 0 15 0 0 0
EGAN00001599270 28 0 0 28 0 0 0
EGAN00001599275 20 0 0 20 0 0 0
EGAN00001599281 13 0 0 13 0 0 0
EGAN00001599290 23 0 0 23 0 0 0
EGAN00001599298 18 0 0 18 0 0 0
EGAN00001599353 15 0 0 15 0 0 0
EGAN00001599360 15 0 0 15 0 0 0
EGAN00001599375 10 0 0 10 0 0 0
EGAN00001599391 16 0 0 16 0 0 0
EGAN00001599393 23 0 0 23 0 0 0
EGAN00001599404 16 0 0 16 0 0 0
EGAN00001599406 28 0 0 28 0 0 0
EGAN00001599407 21 0 0 21 0 0 0
EGAN00001599410 17 0 0 17 0 0 0
EGAN00001599411 13 0 0 13 0 0 0
EGAN00001599421 27 0 0 27 0 0 0
EGAN00001599432 24 0 0 24 0 0 0
EGAN00001599445 14 0 0 14 0 0 0
EGAN00001599448 31 0 0 31 0 0 0
EGAN00001599449 24 0 0 24 0 0 0
EGAN00001599452 11 0 0 11 0 0 0
EGAN00001599455 13 0 0 13 0 0 0
EGAN00001599456 27 0 0 27 0 0 0
EGAN00001599457 13 0 0 13 0 0 0
EGAN00001599461 18 0 0 18 0 0 0
EGAN00001599480 16 0 0 16 0 0 0
EGAN00001599501 17 0 0 17 0 0 0
EGAN00001599506 22 0 0 22 0 0 0
EGAN00001599542 12 0 0 12 0 0 0
EGAN00001599555 31 0 0 31 0 0 0
EGAN00001599567 10 0 0 10 0 0 0
EGAN00001599576 12 0 0 12 0 0 0
EGAN00001599593 21 0 0 21 0 0 0
EGAN00001599599 13 0 0 13 0 0 0
EGAN00001599625 22 0 0 22 0 0 0
EGAN00001599637 5 0 0 5 0 0 0
EGAN00001599655 20 0 0 20 0 0 0
EGAN00001599686 26 0 0 26 0 0 0
EGAN00001599694 17 0 0 17 0 0 0
EGAN00001599696 27 0 0 27 0 0 0
EGAN00001599700 18 0 0 18 0 0 0
EGAN00001599703 23 0 0 23 0 0 0
EGAN00001599711 17 0 0 17 0 0 0
EGAN00001599722 19 0 0 19 0 0 0
EGAN00001599749 23 0 0 23 0 0 0
EGAN00001599760 13 0 0 13 0 0 0
EGAN00001599774 20 0 0 20 0 0 0
EGAN00001599777 25 0 0 25 0 0 0
EGAN00001599780 19 0 0 19 0 0 0
EGAN00001599802 17 0 0 17 0 0 0
EGAN00001599817 12 0 0 12 0 0 0
EGAN00001599825 22 0 0 22 0 0 0
EGAN00001599870 16 0 0 16 0 0 0
EGAN00001599876 14 0 0 14 0 0 0
EGAN00001599887 14 0 0 14 0 0 0
EGAN00001599896 20 0 0 20 0 0 0
EGAN00001599904 29 0 0 29 0 0 0
EGAN00001599915 14 0 0 14 0 0 0
EGAN00001599917 14 0 0 14 0 0 0
EGAN00001599932 17 0 0 17 0 0 0
EGAN00001671033 16 0 0 16 0 0 0
EGAN00001671807 18 0 0 18 0 0 0
EGAN00001671828 14 0 0 14 0 0 0
EGAN00001671840 13 0 1 12 0 0 0
EGAN00001671857 18 0 0 18 0 0 0
EGAN00001671875 21 0 0 21 0 0 0
EGAN00001671876 13 0 0 13 0 0 0
EGAN00001671878 17 0 0 17 0 0 0
EGAN00001671882 11 0 0 11 0 0 0
EGAN00001671919 23 0 0 23 0 0 0
EGAN00001671924 17 0 0 17 0 0 0
EGAN00001671928 21 0 0 21 0 0 0
EGAN00001671936 19 0 0 19 0 0 0
EGAN00001671948 14 0 0 14 0 0 0
EGAN00001671983 18 0 1 17 0 0 0
EGAN00001671999 18 0 0 18 0 0 0
EGAN00001672009 20 0 0 20 0 0 0
EGAN00001672013 14 0 0 14 0 0 0
EGAN00001672017 20 0 0 20 0 0 0
EGAN00001672025 14 0 0 14 0 0 0
EGAN00001672026 16 0 0 16 0 0 0
EGAN00001672054 27 0 0 27 0 0 0
EGAN00001672062 16 0 0 16 0 0 0
EGAN00001672074 15 0 0 15 0 0 0
EGAN00001672084 14 0 0 14 0 0 0
EGAN00001672093 14 0 0 14 0 0 0
EGAN00001672100 16 0 0 16 0 0 0
EGAN00001672104 19 0 0 19 0 0 0
EGAN00001672114 13 0 0 13 0 0 0
EGAN00001672116 10 0 0 10 0 0 0
EGAN00001672124 17 0 0 17 0 0 0
EGAN00001672126 15 0 0 15 0 0 0
EGAN00001672134 18 0 0 18 0 0 0
EGAN00001672147 25 0 0 25 0 0 0
EGAN00001672148 20 0 0 20 0 0 0
EGAN00001672152 14 0 0 14 0 0 0
EGAN00001672156 16 0 0 16 0 0 0
EGAN00001672161 13 0 0 13 0 0 0
EGAN00001672165 15 0 0 15 0 0 0
EGAN00001672169 13 0 0 13 0 0 0
EGAN00001672173 14 0 0 14 0 0 0
EGAN00001672178 15 0 0 15 0 0 0
EGAN00001672183 18 0 0 18 0 0 0
EGAN00001672190 12 0 0 12 0 0 0
EGAN00001672197 17 0 0 17 0 0 0
EGAN00001672210 15 0 0 15 0 0 0
EGAN00001672232 17 0 0 17 0 0 0
EGAN00001672243 15 0 0 15 0 0 0
EGAN00001672284 17 0 0 17 0 0 0
EGAN00001672288 15 0 0 15 0 0 0
EGAN00001672308 13 0 0 13 0 0 0
EGAN00001672316 10 0 0 10 0 0 0
EGAN00001672322 13 0 0 13 0 0 0
EGAN00001672330 17 0 0 17 0 0 0
EGAN00001672333 23 0 0 23 0 0 0
EGAN00001672334 17 0 0 17 0 0 0
EGAN00001672345 21 0 0 21 0 0 0
EGAN00001672354 24 0 0 24 0 0 0
EGAN00001672363 15 0 0 15 0 0 0
EGAN00001672376 29 0 0 29 0 0 0
EGAN00001672378 22 0 0 22 0 0 0
EGAN00001672383 5 0 0 5 0 0 0
EGAN00001672411 25 0 0 25 0 0 0
EGAN00001672428 18 0 0 18 0 0 0
EGAN00001672439 20 0 0 20 0 0 0
EGAN00001672452 17 0 0 16 1 0 0
EGAN00001672457 14 0 0 14 0 0 0
EGAN00001672462 23 0 0 23 0 0 0
EGAN00001672511 19 0 0 19 0 0 0
EGAN00001672536 17 0 0 17 0 0 0
EGAN00001672538 24 0 0 24 0 0 0
EGAN00001672542 16 0 0 16 0 0 0
EGAN00001672553 22 0 0 22 0 0 0
EGAN00001672554 20 0 0 20 0 0 0
EGAN00001672565 19 0 0 19 0 0 0
EGAN00001672572 13 0 0 13 0 0 0
EGAN00001672578 18 0 0 18 0 0 0
EGAN00001672580 15 0 0 15 0 0 0
EGAN00001672585 17 0 0 17 0 0 0
EGAN00001672593 14 0 0 14 0 0 0
EGAN00001672597 21 0 0 21 0 0 0
EGAN00001672601 20 0 0 20 0 0 0
EGAN00001672631 16 0 0 16 0 0 0
EGAN00001672646 33 0 0 33 0 0 0
EGAN00001672651 11 0 0 11 0 0 0
EGAN00001672675 12 0 0 12 0 0 0
EGAN00001672687 19 0 0 18 0 1 0
EGAN00001672714 37 0 0 37 0 0 0
EGAN00001672719 15 0 0 15 0 0 0
EGAN00001672736 14 0 0 14 0 0 0
EGAN00001672744 15 0 0 15 0 0 0
EGAN00001672745 20 0 0 20 0 0 0
EGAN00001672751 16 0 0 16 0 0 0
EGAN00001672763 8 0 0 8 0 0 0
EGAN00001672783 16 0 0 16 0 0 0
EGAN00001672790 19 0 0 19 0 0 0
EGAN00001672794 18 0 0 18 0 0 0
EGAN00001672797 20 0 0 20 0 0 0
EGAN00001672813 24 0 0 24 0 0 0
EGAN00001672820 23 0 0 23 0 0 0
EGAN00001672833 28 0 0 28 0 0 0
EGAN00001672839 15 0 0 15 0 0 0
EGAN00001672848 23 0 0 23 0 0 0
EGAN00001672870 21 0 0 21 0 0 0
EGAN00001672873 21 0 0 21 0 0 0
EGAN00001672877 12 0 0 12 0 0 0
EGAN00001672886 23 0 0 23 0 0 0
EGAN00001672896 22 0 0 22 0 0 0
EGAN00001672914 21 0 0 21 0 0 0
EGAN00001672923 18 0 0 18 0 0 0
EGAN00001672926 13 0 0 13 0 0 0
EGAN00001672930 14 0 0 14 0 0 0
EGAN00001672933 14 0 0 14 0 0 0
EGAN00001672940 29 0 0 29 0 0 0
EGAN00001672947 14 0 0 14 0 0 0
EGAN00001672969 23 0 0 23 0 0 0
EGAN00001672988 13 0 0 13 0 0 0
EGAN00001673014 22 0 0 22 0 0 0
EGAN00001673075 21 0 0 21 0 0 0
EGAN00001673103 23 0 0 23 0 0 0
EGAN00001673106 16 0 0 16 0 0 0
EGAN00001673115 20 0 0 20 0 0 0
EGAN00001673116 12 0 0 12 0 0 0
EGAN00001673128 23 0 0 23 0 0 0
EGAN00001673142 22 0 0 22 0 0 0
EGAN00001673167 21 0 0 21 0 0 0
EGAN00001673209 11 0 0 11 0 0 0
EGAN00001673245 14 0 0 14 0 0 0
EGAN00001673252 22 0 0 22 0 0 0
EGAN00001673257 20 0 0 20 0 0 0
EGAN00001673263 19 0 0 19 0 0 0
EGAN00001673285 19 0 0 19 0 0 0
EGAN00001673292 25 0 0 25 0 0 0
EGAN00001673302 18 0 0 18 0 0 0
EGAN00001673321 24 0 0 24 0 0 0
EGAN00001673329 25 0 0 25 0 0 0
EGAN00001673335 21 0 0 21 0 0 0
EGAN00001673347 22 0 0 22 0 0 0
EGAN00001673371 12 0 0 12 0 0 0
EGAN00001673418 17 0 0 17 0 0 0
EGAN00001673422 16 0 0 16 0 0 0
EGAN00001673446 26 0 0 26 0 0 0
EGAN00001673458 10 0 0 10 0 0 0
EGAN00001673521 15 0 0 15 0 0 0
EGAN00001673523 17 0 0 17 0 0 0
EGAN00001673532 13 0 0 13 0 0 0
EGAN00001673562 15 0 0 15 0 0 0
EGAN00001673578 10 0 0 10 0 0 0
EGAN00001673580 16 0 0 16 0 0 0
EGAN00001673583 18 0 0 18 0 0 0
EGAN00001673597 18 0 0 18 0 0 0
EGAN00001673607 18 0 0 18 0 0 0
EGAN00001673611 23 0 0 23 0 0 0
EGAN00001673632 19 0 0 19 0 0 0
EGAN00001673637 17 0 0 17 0 0 0
EGAN00001673670 22 0 0 22 0 0 0
EGAN00001673677 19 0 0 19 0 0 0
EGAN00001673693 22 0 0 22 0 0 0
EGAN00001673700 12 0 0 12 0 0 0
EGAN00001673727 24 0 0 24 0 0 0
EGAN00001673751 13 0 0 13 0 0 0
EGAN00001673782 16 0 0 16 0 0 0
EGAN00001673804 26 0 0 26 0 0 0
EGAN00001673810 26 0 0 26 0 0 0
EGAN00001730343 18 0 0 18 0 0 0
EGAN00001730397 21 0 0 21 0 0 0
EGAN00001730410 29 0 0 29 0 0 0
EGAN00001730434 17 0 0 17 0 0 0
EGAN00001730447 17 0 0 17 0 0 0
EGAN00001730450 15 0 0 15 0 0 0
EGAN00001730455 19 0 0 19 0 0 0
EGAN00001730460 26 0 0 26 0 0 0
EGAN00001730488 18 0 0 18 0 0 0
EGAN00001730502 19 0 0 19 0 0 0
EGAN00001730503 13 0 0 13 0 0 0
EGAN00001730521 19 0 0 19 0 0 0
EGAN00001730523 17 0 0 17 0 0 0
EGAN00001730529 10 0 0 10 0 0 0
EGAN00001740624 13 0 0 13 0 0 0
EGAN00001740630 18 0 0 18 0 0 0
EGAN00001740633 16 0 0 16 0 0 0
EGAN00001740634 17 0 0 17 0 0 0
EGAN00001740641 19 0 0 19 0 0 0
EGAN00001740654 18 0 0 18 0 0 0
EGAN00001740657 16 0 0 16 0 0 0
EGAN00001740658 10 0 0 10 0 0 0
EGAN00001740673 27 0 0 27 0 0 0
EGAN00001740680 17 0 0 17 0 0 0
EGAN00001740686 18 0 0 18 0 0 0
EGAN00001740691 15 0 0 15 0 0 0
EGAN00001740692 17 0 0 17 0 0 0
EGAN00001740695 11 0 0 11 0 0 0
EGAN00001740700 10 0 0 10 0 0 0
EGAN00001740704 22 0 0 22 0 0 0
EGAN00001740742 23 0 0 23 0 0 0
EGAN00001740752 21 0 0 21 0 0 0
EGAN00001740772 16 0 0 16 0 0 0
EGAN00001740774 17 0 0 17 0 0 0
EGAN00001740796 18 0 0 18 0 0 0
EGAN00001740797 13 0 0 13 0 0 0
EGAN00001740802 12 0 0 12 0 0 0
EGAN00001740806 18 0 0 18 0 0 0
EGAN00001740827 11 0 0 11 0 0 0
EGAN00001740848 13 0 0 13 0 0 0
EGAN00001740858 13 0 0 13 0 0 0
EGAN00001740884 16 0 0 16 0 0 0
EGAN00001740885 25 0 1 24 0 0 0
EGAN00001740904 9 0 0 9 0 0 0
EGAN00001740906 18 0 0 18 0 0 0
EGAN00001740907 20 0 0 19 0 1 0
EGAN00001740918 13 0 0 13 0 0 0
EGAN00001740921 23 0 0 23 0 0 0
EGAN00001740927 19 0 0 19 0 0 0
EGAN00001740932 19 0 0 19 0 0 0
EGAN00001740944 18 0 0 18 0 0 0
EGAN00001740955 19 0 0 19 0 0 0
EGAN00001740957 14 0 0 14 0 0 0
EGAN00001740967 21 0 0 21 0 0 0
EGAN00001740970 18 0 0 18 0 0 0
EGAN00001740973 12 0 0 12 0 0 0
EGAN00001740978 14 0 0 14 0 0 0
EGAN00001740988 13 0 0 13 0 0 0
EGAN00001741035 18 0 0 18 0 0 0
EGAN00001741056 16 0 0 15 1 0 0
EGAN00001741057 17 0 0 17 0 0 0
EGAN00001741066 16 0 0 16 0 0 0
EGAN00001741073 16 0 0 16 0 0 0
EGAN00001741075 14 0 0 14 0 0 0
EGAN00001741087 17 0 0 17 0 0 0
EGAN00001741090 14 0 0 14 0 0 0
EGAN00001741093 12 0 0 12 0 0 0
EGAN00001741099 21 0 0 21 0 0 0
EGAN00001741107 24 0 0 24 0 0 0
EGAN00001741120 25 0 0 25 0 0 0
EGAN00001741122 21 0 0 21 0 0 0
EGAN00001741140 22 0 0 22 0 0 0
EGAN00001741150 27 0 0 27 0 0 0
EGAN00001741154 20 0 0 20 0 0 0
EGAN00001797988 12 0 0 12 0 0 0
EGAN00001797994 18 0 0 18 0 0 0
EGAN00001797996 22 0 0 22 0 0 0
EGAN00001798007 14 0 0 14 0 0 0
EGAN00001798008 16 0 0 16 0 0 0
EGAN00001798021 11 0 0 11 0 0 0
EGAN00001798030 20 0 0 20 0 0 0
EGAN00001798074 16 0 0 16 0 0 0
EGAN00001798091 15 0 0 15 0 0 0
EGAN00001798092 17 0 0 17 0 0 0
EGAN00001798104 16 0 0 16 0 0 0
EGAN00001798154 15 0 0 15 0 0 0
EGAN00001798162 15 0 0 15 0 0 0
EGAN00001798177 25 0 0 24 0 1 0
EGAN00001798191 22 0 0 22 0 0 0
EGAN00001798203 25 0 0 25 0 0 0
EGAN00001798255 22 0 0 22 0 0 0
EGAN00001798262 13 0 0 13 0 0 0
EGAN00001798269 18 0 0 18 0 0 0
EGAN00001798282 23 0 0 23 0 0 0
EGAN00001798285 23 0 0 23 0 0 0
EGAN00001798300 19 0 0 19 0 0 0
EGAN00001798317 11 0 0 11 0 0 0
EGAN00001798327 16 0 0 16 0 0 0
EGAN00001798330 24 0 0 24 0 0 0
EGAN00001798339 15 0 0 15 0 0 0
EGAN00001798342 19 0 1 18 0 0 0
EGAN00001798347 19 0 0 19 0 0 0
EGAN00001798348 13 0 0 13 0 0 0
EGAN00001798351 13 0 0 13 0 0 0
EGAN00001798359 12 0 0 12 0 0 0
EGAN00001798360 21 0 0 21 0 0 0
EGAN00001798367 13 0 0 13 0 0 0
EGAN00001798381 21 0 0 21 0 0 0
EGAN00001798382 28 0 0 28 0 0 0
EGAN00001798397 15 0 0 15 0 0 0
EGAN00001798404 10 0 0 10 0 0 0
EGAN00001798412 14 0 0 14 0 0 0
EGAN00001798435 13 0 0 13 0 0 0
EGAN00001798443 13 0 0 13 0 0 0
EGAN00001798445 15 0 0 15 0 0 0
EGAN00001798453 19 0 0 19 0 0 0
EGAN00001798480 22 0 0 22 0 0 0
EGAN00001798482 16 0 0 16 0 0 0
EGAN00001798483 18 0 0 18 0 0 0
EGAN00001798484 12 0 0 12 0 0 0
EGAN00001798492 18 0 0 18 0 0 0
EGAN00001798495 19 0 0 19 0 0 0
EGAN00001798498 15 0 0 15 0 0 0
EGAN00001798506 21 0 0 21 0 0 0
EGAN00001798511 10 0 0 10 0 0 0
EGAN00001798521 14 0 0 14 0 0 0
EGAN00001798534 16 0 0 16 0 0 0
EGAN00001798550 17 0 0 17 0 0 0
EGAN00001798551 11 0 0 11 0 0 0
EGAN00001798564 19 0 0 19 0 0 0
EGAN00001798565 28 0 0 28 0 0 0
EGAN00001798570 11 0 0 11 0 0 0
EGAN00001798574 13 0 0 13 0 0 0
EGAN00001798607 10 0 0 10 0 0 0
EGAN00001798625 16 0 0 16 0 0 0
EGAN00001798626 18 0 0 18 0 0 0
EGAN00001798632 20 0 0 20 0 0 0
EGAN00001798647 16 0 0 16 0 0 0
EGAN00001798653 23 0 0 23 0 0 0
EGAN00001798666 16 0 0 16 0 0 0
EGAN00001798669 18 0 0 18 0 0 0
EGAN00001798695 15 0 0 15 0 0 0
EGAN00001798708 20 0 0 20 0 0 0
EGAN00001830726 24 0 0 24 0 0 0
EGAN00001830730 16 0 0 16 0 0 0
EGAN00001830735 22 0 0 22 0 0 0
EGAN00001830736 17 0 0 17 0 0 0
EGAN00001830748 10 0 0 10 0 0 0
EGAN00001830757 13 0 0 13 0 0 0
EGAN00001830766 18 0 0 18 0 0 0
EGAN00001830784 16 0 0 16 0 0 0
EGAN00001830804 19 0 0 19 0 0 0
EGAN00001830806 10 0 0 10 0 0 0
EGAN00001830813 19 0 0 19 0 0 0
EGAN00001830822 11 0 0 11 0 0 0
EGAN00001830825 17 0 0 17 0 0 0
EGAN00001830830 11 0 0 11 0 0 0
EGAN00001830831 14 0 0 14 0 0 0
EGAN00001830836 18 0 0 18 0 0 0
EGAN00001830837 13 0 0 13 0 0 0
EGAN00001830839 19 0 0 19 0 0 0
EGAN00001830844 20 0 0 20 0 0 0
EGAN00001830849 28 0 0 28 0 0 0
EGAN00001830870 27 0 0 27 0 0 0
EGAN00001830878 21 0 0 21 0 0 0
EGAN00001830880 16 0 0 16 0 0 0
EGAN00001830882 15 0 0 15 0 0 0
EGAN00001830889 19 0 0 19 0 0 0
EGAN00001830896 20 0 0 20 0 0 0
EGAN00001830921 14 0 0 14 0 0 0
EGAN00001830930 18 0 0 18 0 0 0
EGAN00001830942 17 0 0 17 0 0 0
EGAN00001830943 17 0 0 17 0 0 0
EGAN00001830956 23 0 0 23 0 0 0
EGAN00001830959 7 0 0 7 0 0 0
