Sample Depth = A C G T N
EGAN00001008152 25 0 0 25 0 0 0
EGAN00001008240 15 0 0 15 0 0 0
EGAN00001008480 21 0 0 21 0 0 0
EGAN00001021279 16 0 0 16 0 0 0
EGAN00001021287 25 0 0 24 1 0 0
EGAN00001021349 23 0 0 23 0 0 0
EGAN00001021460 38 0 0 38 0 0 0
EGAN00001021482 14 0 0 14 0 0 0
EGAN00001021497 21 0 0 21 0 0 0
EGAN00001021529 18 0 0 18 0 0 0
EGAN00001021566 18 0 0 18 0 0 0
EGAN00001021591 26 0 0 26 0 0 0
EGAN00001021602 10 0 0 10 0 0 0
EGAN00001021616 25 0 0 25 0 0 0
EGAN00001021618 27 0 0 27 0 0 0
EGAN00001021722 16 0 0 16 0 0 0
EGAN00001021724 13 0 0 13 0 0 0
EGAN00001021747 19 0 0 19 0 0 0
EGAN00001021767 21 0 0 21 0 0 0
EGAN00001021773 27 0 0 27 0 0 0
EGAN00001021774 10 0 0 9 1 0 0
EGAN00001021779 19 0 0 19 0 0 0
EGAN00001021807 18 0 0 18 0 0 0
EGAN00001021818 21 0 0 21 0 0 0
EGAN00001021838 34 0 0 34 0 0 0
EGAN00001021842 16 0 0 16 0 0 0
EGAN00001021852 27 0 0 27 0 0 0
EGAN00001021861 16 0 0 16 0 0 0
EGAN00001021877 23 0 0 23 0 0 0
EGAN00001021992 9 0 0 9 0 0 0
EGAN00001021995 20 0 0 20 0 0 0
EGAN00001022009 26 0 0 25 1 0 0
EGAN00001022024 27 0 0 27 0 0 0
EGAN00001022028 14 0 0 14 0 0 0
EGAN00001022070 24 0 0 24 0 0 0
EGAN00001022071 31 0 0 31 0 0 0
EGAN00001022073 18 0 0 18 0 0 0
EGAN00001022269 27 0 0 27 0 0 0
EGAN00001022287 13 0 0 13 0 0 0
EGAN00001022694 28 0 0 28 0 0 0
EGAN00001022728 17 0 0 17 0 0 0
EGAN00001022747 14 0 0 14 0 0 0
EGAN00001022776 20 0 0 20 0 0 0
EGAN00001022786 17 0 0 17 0 0 0
EGAN00001022788 22 0 1 21 0 0 0
EGAN00001022798 29 0 0 28 1 0 0
EGAN00001022907 20 0 0 20 0 0 0
EGAN00001022925 25 0 0 25 0 0 0
EGAN00001022928 33 0 0 32 1 0 0
EGAN00001022933 25 0 0 24 1 0 0
EGAN00001022944 14 0 0 14 0 0 0
EGAN00001022965 17 0 0 17 0 0 0
EGAN00001022970 10 0 0 10 0 0 0
EGAN00001022976 20 0 0 20 0 0 0
EGAN00001022977 17 0 0 17 0 0 0
EGAN00001022985 26 0 0 26 0 0 0
EGAN00001022994 20 0 0 20 0 0 0
EGAN00001022999 25 0 1 24 0 0 0
EGAN00001023013 9 0 0 9 0 0 0
EGAN00001023048 27 0 0 27 0 0 0
EGAN00001023052 14 0 0 14 0 0 0
EGAN00001023062 16 0 1 15 0 0 0
EGAN00001023065 17 0 0 17 0 0 0
EGAN00001023090 13 0 0 13 0 0 0
EGAN00001023109 16 0 0 16 0 0 0
EGAN00001023113 9 0 0 9 0 0 0
EGAN00001023144 22 0 0 22 0 0 0
EGAN00001023149 11 0 0 11 0 0 0
EGAN00001023165 12 0 0 12 0 0 0
EGAN00001023440 15 0 0 15 0 0 0
EGAN00001023443 20 0 0 19 1 0 0
EGAN00001023451 23 0 0 23 0 0 0
EGAN00001023536 25 0 0 25 0 0 0
EGAN00001024052 13 0 0 13 0 0 0
EGAN00001024169 19 0 0 19 0 0 0
EGAN00001024175 17 0 1 16 0 0 0
EGAN00001024242 36 0 0 36 0 0 0
EGAN00001024268 17 0 0 17 0 0 0
EGAN00001024339 31 0 0 31 0 0 0
EGAN00001025821 25 0 0 24 0 1 0
EGAN00001025877 26 0 0 26 0 0 0
EGAN00001026203 25 0 0 25 0 0 0
EGAN00001026429 14 0 0 14 0 0 0
EGAN00001026576 25 0 0 25 0 0 0
EGAN00001026589 22 0 0 22 0 0 0
EGAN00001026598 22 0 0 22 0 0 0
EGAN00001026629 21 0 0 21 0 0 0
EGAN00001026694 13 0 0 13 0 0 0
EGAN00001026814 20 0 0 20 0 0 0
EGAN00001027202 29 0 0 29 0 0 0
EGAN00001027204 20 0 0 20 0 0 0
EGAN00001027205 15 0 0 15 0 0 0
EGAN00001027212 26 0 0 26 0 0 0
EGAN00001027340 22 0 0 22 0 0 0
EGAN00001027395 26 0 0 26 0 0 0
EGAN00001027418 24 0 0 24 0 0 0
EGAN00001027453 36 0 0 35 1 0 0
EGAN00001027462 23 0 0 23 0 0 0
EGAN00001027463 15 0 0 15 0 0 0
EGAN00001027475 29 0 0 29 0 0 0
EGAN00001027505 21 0 0 21 0 0 0
EGAN00001027540 22 0 0 22 0 0 0
EGAN00001073920 18 0 1 17 0 0 0
EGAN00001073921 17 0 0 17 0 0 0
EGAN00001073922 16 0 0 16 0 0 0
EGAN00001074781 28 0 0 28 0 0 0
EGAN00001074834 28 0 0 28 0 0 0
EGAN00001074854 30 0 0 30 0 0 0
EGAN00001074864 25 0 0 25 0 0 0
EGAN00001074869 21 0 0 21 0 0 0
EGAN00001074873 20 0 0 20 0 0 0
EGAN00001074875 10 0 0 10 0 0 0
EGAN00001079317 15 0 0 15 0 0 0
EGAN00001079328 26 0 0 26 0 0 0
EGAN00001079401 19 0 0 19 0 0 0
EGAN00001079414 18 0 0 18 0 0 0
EGAN00001079479 19 0 0 19 0 0 0
EGAN00001079481 23 0 0 23 0 0 0
EGAN00001079505 30 0 0 30 0 0 0
EGAN00001079506 15 0 1 14 0 0 0
EGAN00001079561 26 0 0 26 0 0 0
EGAN00001079572 22 0 0 22 0 0 0
EGAN00001079662 20 0 0 20 0 0 0
EGAN00001079666 23 0 0 23 0 0 0
EGAN00001079696 27 0 0 27 0 0 0
EGAN00001079780 21 0 0 21 0 0 0
EGAN00001080216 19 0 0 19 0 0 0
EGAN00001080226 24 0 0 24 0 0 0
EGAN00001240157 13 0 0 13 0 0 0
EGAN00001240272 19 0 0 19 0 0 0
EGAN00001240612 15 0 0 15 0 0 0
EGAN00001240628 20 0 0 20 0 0 0
EGAN00001240764 30 0 0 30 0 0 0
EGAN00001240779 25 0 0 25 0 0 0
EGAN00001240905 16 0 0 16 0 0 0
EGAN00001241156 9 0 0 9 0 0 0
EGAN00001241214 26 0 0 26 0 0 0
EGAN00001241247 31 0 0 31 0 0 0
EGAN00001241334 18 0 0 17 1 0 0
EGAN00001241394 18 0 0 18 0 0 0
EGAN00001241506 33 0 0 33 0 0 0
EGAN00001241817 21 0 0 21 0 0 0
EGAN00001241861 19 0 1 18 0 0 0
EGAN00001241906 10 0 0 10 0 0 0
EGAN00001241963 19 0 0 19 0 0 0
EGAN00001241982 17 0 0 17 0 0 0
EGAN00001242082 17 0 0 17 0 0 0
EGAN00001242253 20 0 0 20 0 0 0
EGAN00001242280 21 0 0 21 0 0 0
EGAN00001242309 24 0 0 24 0 0 0
EGAN00001242516 25 0 0 25 0 0 0
EGAN00001242562 17 0 1 16 0 0 0
EGAN00001242628 25 0 0 25 0 0 0
EGAN00001242652 21 0 0 21 0 0 0
EGAN00001242720 24 0 0 24 0 0 0
EGAN00001242723 20 0 0 20 0 0 0
EGAN00001242952 26 0 0 26 0 0 0
EGAN00001243036 28 0 0 28 0 0 0
EGAN00001243053 24 0 0 24 0 0 0
EGAN00001243054 19 0 0 19 0 0 0
EGAN00001243109 26 0 0 26 0 0 0
EGAN00001243140 22 0 0 22 0 0 0
EGAN00001243144 30 0 0 30 0 0 0
EGAN00001243226 17 0 0 17 0 0 0
EGAN00001243294 14 0 0 14 0 0 0
EGAN00001243323 19 0 0 19 0 0 0
EGAN00001243343 23 0 0 23 0 0 0
EGAN00001243402 15 0 0 15 0 0 0
EGAN00001243503 22 0 0 22 0 0 0
EGAN00001243681 24 0 0 24 0 0 0
EGAN00001243731 14 0 0 14 0 0 0
EGAN00001243755 23 0 0 23 0 0 0
EGAN00001243780 18 0 0 18 0 0 0
EGAN00001243786 13 0 0 13 0 0 0
EGAN00001243946 17 0 0 17 0 0 0
EGAN00001244068 23 0 0 23 0 0 0
EGAN00001244108 21 0 0 21 0 0 0
EGAN00001244157 20 0 0 20 0 0 0
EGAN00001244308 19 0 0 19 0 0 0
EGAN00001244475 21 0 0 21 0 0 0
EGAN00001244572 20 0 0 20 0 0 0
EGAN00001244592 18 0 0 18 0 0 0
EGAN00001244659 22 0 0 22 0 0 0
EGAN00001244730 21 0 0 21 0 0 0
EGAN00001244763 20 0 0 20 0 0 0
EGAN00001244776 20 0 0 20 0 0 0
EGAN00001245103 20 0 0 20 0 0 0
EGAN00001245122 33 0 0 33 0 0 0
EGAN00001245134 32 0 0 32 0 0 0
EGAN00001245179 17 0 0 17 0 0 0
EGAN00001245323 22 0 0 22 0 0 0
EGAN00001245434 15 0 0 15 0 0 0
EGAN00001245840 32 0 0 32 0 0 0
EGAN00001246009 26 0 0 26 0 0 0
EGAN00001246021 17 0 0 17 0 0 0
EGAN00001246023 22 0 0 22 0 0 0
EGAN00001246063 26 0 0 26 0 0 0
EGAN00001246077 22 0 0 22 0 0 0
EGAN00001246246 19 0 0 19 0 0 0
EGAN00001246783 27 0 0 27 0 0 0
EGAN00001247049 20 0 0 20 0 0 0
EGAN00001247152 15 0 0 15 0 0 0
EGAN00001247246 15 0 0 15 0 0 0
EGAN00001247313 22 0 0 22 0 0 0
EGAN00001247500 16 0 0 16 0 0 0
EGAN00001247568 21 0 0 21 0 0 0
EGAN00001247658 28 0 1 27 0 0 0
EGAN00001247674 20 0 0 20 0 0 0
EGAN00001247681 19 0 0 19 0 0 0
EGAN00001267728 20 0 0 20 0 0 0
EGAN00001267991 17 0 1 16 0 0 0
EGAN00001277294 26 0 0 26 0 0 0
EGAN00001277295 21 0 0 21 0 0 0
EGAN00001385049 13 0 0 13 0 0 0
EGAN00001385050 20 0 0 20 0 0 0
EGAN00001385053 15 0 0 15 0 0 0
EGAN00001385060 10 0 1 9 0 0 0
EGAN00001385062 26 0 0 26 0 0 0
EGAN00001385083 20 0 0 20 0 0 0
EGAN00001385135 11 0 0 11 0 0 0
EGAN00001385146 22 0 0 22 0 0 0
EGAN00001385155 16 0 0 16 0 0 0
EGAN00001385160 27 0 0 26 1 0 0
EGAN00001385169 15 0 0 15 0 0 0
EGAN00001385173 20 0 0 19 0 0 1
EGAN00001385177 24 0 0 24 0 0 0
EGAN00001385180 21 0 0 21 0 0 0
EGAN00001385182 27 0 0 27 0 0 0
EGAN00001385184 20 0 0 20 0 0 0
EGAN00001385193 23 0 0 23 0 0 0
EGAN00001385212 14 0 0 14 0 0 0
EGAN00001385222 21 0 0 21 0 0 0
EGAN00001385223 17 0 0 17 0 0 0
EGAN00001385232 28 0 0 28 0 0 0
EGAN00001385237 18 0 0 18 0 0 0
EGAN00001385246 18 0 0 18 0 0 0
EGAN00001385268 16 0 0 16 0 0 0
EGAN00001385280 19 0 0 19 0 0 0
EGAN00001385284 15 0 0 15 0 0 0
EGAN00001385305 21 0 0 21 0 0 0
EGAN00001385313 20 0 0 19 1 0 0
EGAN00001385352 19 0 0 19 0 0 0
EGAN00001385361 22 0 1 21 0 0 0
EGAN00001385393 16 0 0 16 0 0 0
EGAN00001385395 20 0 0 20 0 0 0
EGAN00001385442 24 0 0 24 0 0 0
EGAN00001385443 24 0 0 24 0 0 0
EGAN00001385444 26 0 0 26 0 0 0
EGAN00001385447 15 0 0 15 0 0 0
EGAN00001385448 18 0 0 18 0 0 0
EGAN00001385449 22 0 0 22 0 0 0
EGAN00001385467 18 0 0 18 0 0 0
EGAN00001385469 20 0 0 20 0 0 0
EGAN00001385479 16 0 0 16 0 0 0
EGAN00001385496 17 0 0 17 0 0 0
EGAN00001385516 16 0 0 16 0 0 0
EGAN00001385522 23 0 0 23 0 0 0
EGAN00001385535 18 0 0 18 0 0 0
EGAN00001385539 5 0 0 5 0 0 0
EGAN00001385550 11 0 0 11 0 0 0
EGAN00001385578 26 0 0 26 0 0 0
EGAN00001385611 20 0 0 20 0 0 0
EGAN00001385616 12 0 0 12 0 0 0
EGAN00001385617 26 0 0 26 0 0 0
EGAN00001385627 15 0 0 15 0 0 0
EGAN00001385651 25 0 0 25 0 0 0
EGAN00001385655 18 0 0 18 0 0 0
EGAN00001385657 21 0 0 21 0 0 0
EGAN00001385673 15 0 0 15 0 0 0
EGAN00001385678 8 0 0 8 0 0 0
EGAN00001385688 24 0 0 24 0 0 0
EGAN00001385695 20 0 0 20 0 0 0
EGAN00001385699 20 0 0 20 0 0 0
EGAN00001385709 18 0 1 17 0 0 0
EGAN00001385738 18 0 0 18 0 0 0
EGAN00001385744 13 0 0 13 0 0 0
EGAN00001385746 17 0 0 17 0 0 0
EGAN00001385749 11 0 0 11 0 0 0
EGAN00001385752 16 0 0 16 0 0 0
EGAN00001385756 11 0 0 11 0 0 0
EGAN00001385760 19 0 0 19 0 0 0
EGAN00001385768 23 0 1 22 0 0 0
EGAN00001403187 14 0 0 14 0 0 0
EGAN00001403699 19 0 0 19 0 0 0
EGAN00001403701 15 0 0 15 0 0 0
EGAN00001403713 27 0 0 27 0 0 0
EGAN00001403722 11 0 0 11 0 0 0
EGAN00001403725 20 0 0 20 0 0 0
EGAN00001403739 11 0 0 11 0 0 0
EGAN00001403743 12 0 0 12 0 0 0
EGAN00001403756 25 0 0 25 0 0 0
EGAN00001403757 12 0 0 12 0 0 0
EGAN00001403763 25 0 0 25 0 0 0
EGAN00001403785 23 0 0 23 0 0 0
EGAN00001403786 24 0 0 24 0 0 0
EGAN00001403795 21 0 0 21 0 0 0
EGAN00001403805 24 0 0 24 0 0 0
EGAN00001403812 16 0 0 16 0 0 0
EGAN00001403819 13 0 0 13 0 0 0
EGAN00001403823 23 0 0 23 0 0 0
EGAN00001403825 24 0 0 24 0 0 0
EGAN00001403838 32 0 0 32 0 0 0
EGAN00001403845 17 0 0 17 0 0 0
EGAN00001403870 19 0 0 19 0 0 0
EGAN00001403873 12 0 0 12 0 0 0
EGAN00001403874 21 0 0 21 0 0 0
EGAN00001403892 29 0 0 29 0 0 0
EGAN00001403903 22 0 0 22 0 0 0
EGAN00001403909 13 0 0 13 0 0 0
EGAN00001403920 22 0 0 22 0 0 0
EGAN00001403930 22 0 0 22 0 0 0
EGAN00001403933 27 0 0 27 0 0 0
EGAN00001403939 22 0 0 22 0 0 0
EGAN00001403943 17 0 0 17 0 0 0
EGAN00001403953 22 0 0 22 0 0 0
EGAN00001403963 22 0 0 22 0 0 0
EGAN00001403980 26 0 0 26 0 0 0
EGAN00001403981 16 0 0 16 0 0 0
EGAN00001403994 9 0 0 9 0 0 0
EGAN00001404034 15 0 0 15 0 0 0
EGAN00001404044 30 0 0 30 0 0 0
EGAN00001404050 19 0 0 19 0 0 0
EGAN00001404075 13 0 0 13 0 0 0
EGAN00001404090 26 0 0 26 0 0 0
EGAN00001404108 26 0 0 26 0 0 0
EGAN00001404119 19 0 0 19 0 0 0
EGAN00001404147 28 0 0 28 0 0 0
EGAN00001404151 14 0 0 14 0 0 0
EGAN00001404154 16 0 0 16 0 0 0
EGAN00001404484 31 0 0 31 0 0 0
EGAN00001439009 24 0 0 24 0 0 0
EGAN00001439015 19 0 0 19 0 0 0
EGAN00001439114 21 0 0 21 0 0 0
EGAN00001439126 14 0 0 14 0 0 0
EGAN00001439127 20 0 0 20 0 0 0
EGAN00001439130 17 0 0 17 0 0 0
EGAN00001439141 26 0 0 26 0 0 0
EGAN00001439154 26 0 0 26 0 0 0
EGAN00001439168 15 0 0 15 0 0 0
EGAN00001439176 15 0 0 15 0 0 0
EGAN00001439191 26 0 0 26 0 0 0
EGAN00001439204 14 0 0 14 0 0 0
EGAN00001439205 25 0 0 25 0 0 0
EGAN00001439214 17 0 0 17 0 0 0
EGAN00001439216 12 0 0 12 0 0 0
EGAN00001439223 27 0 0 27 0 0 0
EGAN00001439229 11 0 0 11 0 0 0
EGAN00001439230 10 0 0 10 0 0 0
EGAN00001439797 24 0 0 24 0 0 0
EGAN00001440377 16 0 0 16 0 0 0
EGAN00001440389 25 0 0 25 0 0 0
EGAN00001440396 23 0 0 23 0 0 0
EGAN00001440398 6 0 0 6 0 0 0
EGAN00001440407 21 0 0 21 0 0 0
EGAN00001440429 32 0 0 32 0 0 0
EGAN00001440468 22 0 0 22 0 0 0
EGAN00001440476 21 0 0 21 0 0 0
EGAN00001440495 26 0 0 26 0 0 0
EGAN00001440500 15 0 0 15 0 0 0
EGAN00001440514 18 0 0 18 0 0 0
EGAN00001440523 15 0 0 14 0 1 0
EGAN00001440524 26 0 0 26 0 0 0
EGAN00001440539 25 0 0 25 0 0 0
EGAN00001440542 22 0 0 22 0 0 0
EGAN00001440566 14 0 0 14 0 0 0
EGAN00001440641 20 0 0 20 0 0 0
EGAN00001440710 22 0 0 22 0 0 0
EGAN00001440723 16 0 1 15 0 0 0
EGAN00001442167 15 0 0 15 0 0 0
EGAN00001442174 23 0 0 22 0 1 0
EGAN00001442203 29 0 0 29 0 0 0
EGAN00001442204 11 0 0 11 0 0 0
EGAN00001442210 23 0 0 23 0 0 0
EGAN00001442231 10 0 0 10 0 0 0
EGAN00001442238 14 0 0 14 0 0 0
EGAN00001442436 23 0 0 23 0 0 0
EGAN00001442449 23 0 0 23 0 0 0
EGAN00001442458 31 0 0 31 0 0 0
EGAN00001442474 14 0 0 14 0 0 0
EGAN00001442489 18 0 0 18 0 0 0
EGAN00001443772 30 0 1 28 1 0 0
EGAN00001444312 25 0 0 25 0 0 0
EGAN00001444317 19 0 0 19 0 0 0
EGAN00001444318 17 0 0 17 0 0 0
EGAN00001444415 20 0 0 20 0 0 0
EGAN00001444475 18 0 0 18 0 0 0
EGAN00001444482 17 0 0 17 0 0 0
EGAN00001444841 30 0 0 30 0 0 0
EGAN00001444984 20 0 1 19 0 0 0
EGAN00001445004 15 0 0 15 0 0 0
EGAN00001445013 16 0 0 16 0 0 0
EGAN00001445033 22 0 0 22 0 0 0
EGAN00001445043 14 0 0 14 0 0 0
EGAN00001445071 19 0 0 19 0 0 0
EGAN00001445077 18 0 0 18 0 0 0
EGAN00001445079 21 0 0 21 0 0 0
EGAN00001445081 18 0 0 18 0 0 0
EGAN00001445085 30 0 0 30 0 0 0
EGAN00001445454 22 0 0 22 0 0 0
EGAN00001445456 24 0 0 24 0 0 0
EGAN00001445463 20 0 0 20 0 0 0
EGAN00001445494 11 0 0 11 0 0 0
EGAN00001445507 17 0 0 17 0 0 0
EGAN00001445512 14 0 0 14 0 0 0
EGAN00001445521 13 0 0 13 0 0 0
EGAN00001445525 18 0 0 18 0 0 0
EGAN00001446662 9 0 0 9 0 0 0
EGAN00001446688 27 0 0 27 0 0 0
EGAN00001446689 16 0 0 15 1 0 0
EGAN00001446697 21 0 0 20 1 0 0
EGAN00001486675 25 0 0 25 0 0 0
EGAN00001486681 20 0 0 20 0 0 0
EGAN00001486687 21 0 0 21 0 0 0
EGAN00001559552 22 0 0 22 0 0 0
EGAN00001559573 25 0 0 25 0 0 0
EGAN00001559631 24 0 0 24 0 0 0
EGAN00001559637 26 0 0 26 0 0 0
EGAN00001559644 18 0 0 18 0 0 0
EGAN00001559648 20 0 0 20 0 0 0
EGAN00001559656 25 0 0 25 0 0 0
EGAN00001559663 22 0 0 22 0 0 0
EGAN00001559670 18 0 0 18 0 0 0
EGAN00001559678 24 0 0 24 0 0 0
EGAN00001559693 18 0 1 17 0 0 0
EGAN00001559701 17 0 0 17 0 0 0
EGAN00001559716 21 0 0 21 0 0 0
EGAN00001559739 19 0 0 19 0 0 0
EGAN00001559761 24 0 0 24 0 0 0
EGAN00001559766 13 0 0 13 0 0 0
EGAN00001559774 20 0 0 20 0 0 0
EGAN00001559782 25 0 0 25 0 0 0
EGAN00001559799 28 0 0 28 0 0 0
EGAN00001559808 21 0 0 21 0 0 0
EGAN00001559814 22 0 0 22 0 0 0
EGAN00001559826 26 0 0 26 0 0 0
EGAN00001559843 30 0 0 30 0 0 0
EGAN00001559849 18 0 0 18 0 0 0
EGAN00001559881 23 0 0 23 0 0 0
EGAN00001559902 17 0 0 17 0 0 0
EGAN00001559926 21 0 0 20 1 0 0
EGAN00001559933 24 0 1 23 0 0 0
EGAN00001559939 13 0 0 13 0 0 0
EGAN00001559962 22 0 0 22 0 0 0
EGAN00001559967 18 0 0 18 0 0 0
EGAN00001559995 26 0 0 26 0 0 0
EGAN00001560016 21 0 0 21 0 0 0
EGAN00001560034 31 0 0 31 0 0 0
EGAN00001560035 23 0 0 23 0 0 0
EGAN00001560050 21 0 0 21 0 0 0
EGAN00001560052 21 0 0 21 0 0 0
EGAN00001560068 21 0 0 21 0 0 0
EGAN00001560084 35 0 0 35 0 0 0
EGAN00001560085 16 0 0 16 0 0 0
EGAN00001560090 21 0 0 21 0 0 0
EGAN00001560096 36 0 0 36 0 0 0
EGAN00001560098 20 0 0 20 0 0 0
EGAN00001560124 22 0 0 22 0 0 0
EGAN00001560145 29 0 0 29 0 0 0
EGAN00001560153 23 0 0 23 0 0 0
EGAN00001560162 19 0 0 19 0 0 0
EGAN00001560183 21 0 0 21 0 0 0
EGAN00001560192 22 0 0 22 0 0 0
EGAN00001560207 19 0 0 19 0 0 0
EGAN00001560214 19 0 0 19 0 0 0
EGAN00001560218 22 0 0 22 0 0 0
EGAN00001560231 18 0 0 18 0 0 0
EGAN00001560243 17 0 0 17 0 0 0
EGAN00001560269 20 0 0 20 0 0 0
EGAN00001560308 21 0 1 20 0 0 0
EGAN00001560313 18 0 0 18 0 0 0
EGAN00001560314 11 0 0 11 0 0 0
EGAN00001560320 12 0 0 12 0 0 0
EGAN00001560322 15 0 0 15 0 0 0
EGAN00001560332 22 0 0 22 0 0 0
EGAN00001560346 23 0 0 23 0 0 0
EGAN00001560356 19 0 0 19 0 0 0
EGAN00001560362 19 0 0 19 0 0 0
EGAN00001560370 22 0 0 22 0 0 0
EGAN00001560386 24 0 0 24 0 0 0
EGAN00001560396 20 0 0 20 0 0 0
EGAN00001560410 25 0 0 25 0 0 0
EGAN00001560418 24 0 0 24 0 0 0
EGAN00001560424 37 0 0 37 0 0 0
EGAN00001560448 25 0 0 25 0 0 0
EGAN00001560453 25 0 0 25 0 0 0
EGAN00001560464 25 0 0 25 0 0 0
EGAN00001560478 21 0 0 21 0 0 0
EGAN00001560485 31 0 0 31 0 0 0
EGAN00001560513 21 0 0 21 0 0 0
EGAN00001560515 20 0 0 20 0 0 0
EGAN00001560516 25 0 0 25 0 0 0
EGAN00001560524 25 0 0 25 0 0 0
EGAN00001560527 24 0 0 24 0 0 0
EGAN00001560540 12 0 0 12 0 0 0
EGAN00001560547 20 0 0 20 0 0 0
EGAN00001560549 26 0 0 26 0 0 0
EGAN00001560559 22 0 0 22 0 0 0
EGAN00001560583 10 0 0 10 0 0 0
EGAN00001560592 25 0 0 25 0 0 0
EGAN00001560595 20 0 0 20 0 0 0
EGAN00001560606 22 0 0 22 0 0 0
EGAN00001560609 27 0 0 27 0 0 0
EGAN00001560616 14 0 0 14 0 0 0
EGAN00001560633 27 0 0 27 0 0 0
EGAN00001560665 21 0 0 21 0 0 0
EGAN00001560675 17 0 0 17 0 0 0
EGAN00001560686 20 0 0 20 0 0 0
EGAN00001560693 16 0 0 16 0 0 0
EGAN00001560695 24 0 0 24 0 0 0
EGAN00001560708 15 0 0 15 0 0 0
EGAN00001560710 16 0 0 16 0 0 0
EGAN00001560737 26 0 0 26 0 0 0
EGAN00001560738 13 0 0 13 0 0 0
EGAN00001560739 29 0 0 29 0 0 0
EGAN00001560761 20 0 0 20 0 0 0
EGAN00001560769 21 0 0 21 0 0 0
EGAN00001560786 18 0 0 18 0 0 0
EGAN00001560788 18 0 0 18 0 0 0
EGAN00001560813 19 0 0 19 0 0 0
EGAN00001560820 25 0 0 25 0 0 0
EGAN00001560821 27 0 0 27 0 0 0
EGAN00001560824 20 0 0 20 0 0 0
EGAN00001560853 32 0 0 32 0 0 0
EGAN00001560869 26 0 0 26 0 0 0
EGAN00001560889 25 0 0 25 0 0 0
EGAN00001560906 19 0 0 19 0 0 0
EGAN00001560912 15 0 0 15 0 0 0
EGAN00001560929 26 0 0 26 0 0 0
EGAN00001560938 31 0 0 31 0 0 0
EGAN00001560951 28 0 0 28 0 0 0
EGAN00001560966 12 0 0 12 0 0 0
EGAN00001560974 19 0 0 19 0 0 0
EGAN00001560985 27 0 0 27 0 0 0
EGAN00001560994 27 0 0 27 0 0 0
EGAN00001560995 20 0 0 20 0 0 0
EGAN00001561020 22 0 0 22 0 0 0
EGAN00001561055 17 0 0 17 0 0 0
EGAN00001561079 28 0 0 28 0 0 0
EGAN00001561085 29 0 0 29 0 0 0
EGAN00001561103 25 0 0 25 0 0 0
EGAN00001561148 15 0 0 15 0 0 0
EGAN00001561154 16 0 0 16 0 0 0
EGAN00001561172 25 0 1 24 0 0 0
EGAN00001561199 10 0 0 10 0 0 0
EGAN00001561200 17 0 0 17 0 0 0
EGAN00001561201 9 0 0 9 0 0 0
EGAN00001561206 14 0 0 14 0 0 0
EGAN00001561221 21 0 0 21 0 0 0
EGAN00001561231 17 0 0 17 0 0 0
EGAN00001561234 12 0 0 12 0 0 0
EGAN00001561251 21 0 0 21 0 0 0
EGAN00001561252 27 0 0 27 0 0 0
EGAN00001561280 27 0 0 27 0 0 0
EGAN00001561296 16 0 0 16 0 0 0
EGAN00001561299 17 0 0 17 0 0 0
EGAN00001561303 16 0 0 16 0 0 0
EGAN00001561312 19 0 0 19 0 0 0
EGAN00001561373 22 0 0 22 0 0 0
EGAN00001561380 16 0 0 16 0 0 0
EGAN00001561393 24 0 0 24 0 0 0
EGAN00001561406 16 0 0 16 0 0 0
EGAN00001561412 24 0 0 24 0 0 0
EGAN00001561414 17 0 0 17 0 0 0
EGAN00001561425 16 0 0 16 0 0 0
EGAN00001561431 28 0 0 28 0 0 0
EGAN00001561442 19 0 0 19 0 0 0
EGAN00001561448 16 0 0 16 0 0 0
EGAN00001561453 21 0 0 21 0 0 0
EGAN00001561456 21 0 0 21 0 0 0
EGAN00001561458 18 0 0 18 0 0 0
EGAN00001561467 16 0 0 16 0 0 0
EGAN00001561476 22 0 0 22 0 0 0
EGAN00001561503 27 0 0 27 0 0 0
EGAN00001561508 23 0 0 23 0 0 0
EGAN00001561510 28 0 0 28 0 0 0
EGAN00001561542 17 0 0 17 0 0 0
EGAN00001561554 17 0 0 17 0 0 0
EGAN00001569013 24 0 0 24 0 0 0
EGAN00001572904 16 0 0 16 0 0 0
EGAN00001572939 21 0 0 21 0 0 0
EGAN00001575966 14 0 0 14 0 0 0
EGAN00001575982 16 0 0 16 0 0 0
EGAN00001576013 16 0 0 16 0 0 0
EGAN00001576017 19 0 0 19 0 0 0
EGAN00001576033 25 0 0 25 0 0 0
EGAN00001576040 25 0 0 25 0 0 0
EGAN00001576047 17 0 0 17 0 0 0
EGAN00001576056 18 0 0 18 0 0 0
EGAN00001576064 25 0 0 25 0 0 0
EGAN00001576068 22 0 0 22 0 0 0
EGAN00001576070 38 0 0 38 0 0 0
EGAN00001576074 29 0 0 29 0 0 0
EGAN00001576094 22 0 0 22 0 0 0
EGAN00001576100 27 0 0 27 0 0 0
EGAN00001576104 24 0 0 24 0 0 0
EGAN00001576114 24 0 1 23 0 0 0
EGAN00001576126 25 0 0 25 0 0 0
EGAN00001576168 28 0 0 28 0 0 0
EGAN00001576188 29 0 0 29 0 0 0
EGAN00001576205 17 0 0 17 0 0 0
EGAN00001576216 17 0 0 17 0 0 0
EGAN00001576226 18 0 0 18 0 0 0
EGAN00001576240 29 0 0 29 0 0 0
EGAN00001576245 23 0 0 23 0 0 0
EGAN00001576247 14 0 0 14 0 0 0
EGAN00001576249 29 0 0 29 0 0 0
EGAN00001576253 20 0 0 19 1 0 0
EGAN00001576258 25 0 0 25 0 0 0
EGAN00001576264 19 0 0 19 0 0 0
EGAN00001576272 18 0 0 18 0 0 0
EGAN00001576273 18 0 0 18 0 0 0
EGAN00001576277 20 0 0 20 0 0 0
EGAN00001576296 18 0 0 18 0 0 0
EGAN00001576314 22 0 0 22 0 0 0
EGAN00001576321 17 0 0 17 0 0 0
EGAN00001576324 13 0 0 13 0 0 0
EGAN00001576334 18 0 0 18 0 0 0
EGAN00001576367 14 0 0 13 1 0 0
EGAN00001576379 18 0 0 18 0 0 0
EGAN00001576393 22 0 0 22 0 0 0
EGAN00001576415 18 0 0 18 0 0 0
EGAN00001576428 29 0 0 29 0 0 0
EGAN00001576431 27 0 0 27 0 0 0
EGAN00001576439 24 0 0 24 0 0 0
EGAN00001576442 15 0 0 15 0 0 0
EGAN00001576452 21 0 0 21 0 0 0
EGAN00001576459 20 0 0 20 0 0 0
EGAN00001576482 21 0 0 21 0 0 0
EGAN00001576490 20 0 0 20 0 0 0
EGAN00001576502 34 0 0 34 0 0 0
EGAN00001576514 23 0 0 23 0 0 0
EGAN00001576515 16 0 0 16 0 0 0
EGAN00001576553 26 0 0 26 0 0 0
EGAN00001576555 24 0 0 24 0 0 0
EGAN00001576558 19 0 0 19 0 0 0
EGAN00001576566 34 0 0 34 0 0 0
EGAN00001576575 24 0 0 24 0 0 0
EGAN00001576611 16 0 0 16 0 0 0
EGAN00001576639 13 0 0 13 0 0 0
EGAN00001576651 19 0 0 19 0 0 0
EGAN00001576682 18 0 0 18 0 0 0
EGAN00001576692 16 0 0 16 0 0 0
EGAN00001576705 15 0 0 15 0 0 0
EGAN00001576718 9 0 0 9 0 0 0
EGAN00001579169 16 0 0 16 0 0 0
EGAN00001579171 16 0 0 16 0 0 0
EGAN00001583153 25 0 0 25 0 0 0
EGAN00001583162 17 0 0 17 0 0 0
EGAN00001583163 27 0 0 27 0 0 0
EGAN00001583178 16 0 0 16 0 0 0
EGAN00001583180 19 0 0 19 0 0 0
EGAN00001583181 21 0 0 21 0 0 0
EGAN00001583193 15 0 0 15 0 0 0
EGAN00001583197 19 0 0 19 0 0 0
EGAN00001583205 23 0 0 23 0 0 0
EGAN00001583212 20 0 0 20 0 0 0
EGAN00001583219 24 0 1 23 0 0 0
EGAN00001583224 21 0 0 21 0 0 0
EGAN00001583226 21 0 0 21 0 0 0
EGAN00001583243 25 0 0 25 0 0 0
EGAN00001583244 36 0 0 34 1 1 0
EGAN00001583254 18 0 0 18 0 0 0
EGAN00001583261 25 0 0 25 0 0 0
EGAN00001583263 13 0 0 13 0 0 0
EGAN00001583265 25 0 0 25 0 0 0
EGAN00001583284 19 0 0 19 0 0 0
EGAN00001583286 15 0 0 15 0 0 0
EGAN00001583301 16 0 0 16 0 0 0
EGAN00001583306 25 0 1 24 0 0 0
EGAN00001583343 15 0 0 15 0 0 0
EGAN00001583345 24 0 0 24 0 0 0
EGAN00001583356 20 0 0 20 0 0 0
EGAN00001583369 20 0 0 20 0 0 0
EGAN00001583385 8 0 0 8 0 0 0
EGAN00001583389 12 0 0 12 0 0 0
EGAN00001583391 16 0 0 16 0 0 0
EGAN00001583392 20 0 0 20 0 0 0
EGAN00001583412 15 0 0 15 0 0 0
EGAN00001583457 21 0 0 21 0 0 0
EGAN00001583470 22 0 0 22 0 0 0
EGAN00001583494 25 0 0 25 0 0 0
EGAN00001583512 22 0 1 21 0 0 0
EGAN00001583541 26 0 0 26 0 0 0
EGAN00001583549 18 0 0 18 0 0 0
EGAN00001583560 13 0 0 13 0 0 0
EGAN00001583568 18 0 0 18 0 0 0
EGAN00001583572 28 0 0 28 0 0 0
EGAN00001583582 16 0 0 16 0 0 0
EGAN00001583601 37 0 1 36 0 0 0
EGAN00001583605 13 0 0 13 0 0 0
EGAN00001583609 23 0 0 23 0 0 0
EGAN00001583611 20 0 0 20 0 0 0
EGAN00001583640 26 0 0 25 1 0 0
EGAN00001583651 21 0 0 21 0 0 0
EGAN00001583686 22 0 0 22 0 0 0
EGAN00001583692 23 0 0 23 0 0 0
EGAN00001583724 17 0 0 17 0 0 0
EGAN00001583742 13 0 0 13 0 0 0
EGAN00001583765 28 0 0 28 0 0 0
EGAN00001583766 25 0 0 25 0 0 0
EGAN00001583772 19 0 0 19 0 0 0
EGAN00001583814 19 0 0 19 0 0 0
EGAN00001583825 24 0 0 24 0 0 0
EGAN00001583828 17 0 0 17 0 0 0
EGAN00001583831 17 0 0 16 1 0 0
EGAN00001583841 24 0 0 24 0 0 0
EGAN00001583853 20 0 0 20 0 0 0
EGAN00001583858 24 0 0 24 0 0 0
EGAN00001583868 22 0 0 22 0 0 0
EGAN00001583899 18 0 0 18 0 0 0
EGAN00001583921 20 0 0 20 0 0 0
EGAN00001583924 27 0 0 27 0 0 0
EGAN00001583925 14 0 0 14 0 0 0
EGAN00001583933 25 0 0 25 0 0 0
EGAN00001584036 25 0 0 24 0 1 0
EGAN00001584047 18 0 0 18 0 0 0
EGAN00001584049 23 0 0 23 0 0 0
EGAN00001584057 20 0 0 20 0 0 0
EGAN00001584062 19 0 0 19 0 0 0
EGAN00001584081 16 0 0 16 0 0 0
EGAN00001584088 23 0 0 23 0 0 0
EGAN00001584090 23 0 0 23 0 0 0
EGAN00001584093 22 0 0 22 0 0 0
EGAN00001584094 23 0 0 23 0 0 0
EGAN00001584105 18 0 0 18 0 0 0
EGAN00001584106 16 0 0 16 0 0 0
EGAN00001584115 14 0 0 14 0 0 0
EGAN00001584121 18 0 0 18 0 0 0
EGAN00001584137 26 0 0 26 0 0 0
EGAN00001584139 18 0 0 18 0 0 0
EGAN00001584140 11 0 0 11 0 0 0
EGAN00001584144 15 0 0 15 0 0 0
EGAN00001584198 20 0 0 20 0 0 0
EGAN00001584205 26 0 0 26 0 0 0
EGAN00001584210 18 0 0 18 0 0 0
EGAN00001584212 24 0 0 24 0 0 0
EGAN00001584219 21 0 0 21 0 0 0
EGAN00001584226 18 0 1 17 0 0 0
EGAN00001584245 22 0 0 22 0 0 0
EGAN00001584254 25 0 0 25 0 0 0
EGAN00001584279 18 0 0 18 0 0 0
EGAN00001584280 18 0 0 18 0 0 0
EGAN00001584292 29 0 0 29 0 0 0
EGAN00001584299 21 0 0 21 0 0 0
EGAN00001584334 29 0 0 29 0 0 0
EGAN00001584348 19 0 0 18 0 1 0
EGAN00001584355 25 0 0 25 0 0 0
EGAN00001584367 28 0 0 28 0 0 0
EGAN00001584368 25 0 0 25 0 0 0
EGAN00001584369 21 0 0 21 0 0 0
EGAN00001584374 20 0 0 20 0 0 0
EGAN00001584384 21 0 0 21 0 0 0
EGAN00001584389 20 0 0 20 0 0 0
EGAN00001584393 13 0 0 13 0 0 0
EGAN00001584404 15 0 0 15 0 0 0
EGAN00001584410 21 0 0 21 0 0 0
EGAN00001584419 16 0 0 16 0 0 0
EGAN00001584421 30 0 0 30 0 0 0
EGAN00001584426 19 0 0 19 0 0 0
EGAN00001584447 18 0 0 18 0 0 0
EGAN00001584469 22 0 0 22 0 0 0
EGAN00001584470 16 0 0 16 0 0 0
EGAN00001584475 18 0 0 18 0 0 0
EGAN00001584497 18 0 0 18 0 0 0
EGAN00001584525 21 0 0 21 0 0 0
EGAN00001584530 14 0 0 14 0 0 0
EGAN00001584531 25 0 0 25 0 0 0
EGAN00001584562 20 0 0 20 0 0 0
EGAN00001584578 16 0 0 16 0 0 0
EGAN00001584585 20 0 0 20 0 0 0
EGAN00001584587 22 0 0 22 0 0 0
EGAN00001584590 16 0 0 16 0 0 0
EGAN00001584594 28 0 0 28 0 0 0
EGAN00001584621 9 0 0 9 0 0 0
EGAN00001584662 19 0 0 19 0 0 0
EGAN00001584670 18 0 0 18 0 0 0
EGAN00001584681 18 0 0 18 0 0 0
EGAN00001584682 18 0 0 18 0 0 0
EGAN00001584686 23 0 0 23 0 0 0
EGAN00001584695 17 0 0 17 0 0 0
EGAN00001584701 18 0 0 18 0 0 0
EGAN00001584748 27 0 0 27 0 0 0
EGAN00001584752 12 0 0 12 0 0 0
EGAN00001584770 21 0 0 21 0 0 0
EGAN00001584776 12 0 0 12 0 0 0
EGAN00001584789 18 0 0 18 0 0 0
EGAN00001584799 26 0 0 26 0 0 0
EGAN00001584807 25 0 0 25 0 0 0
EGAN00001584818 15 0 0 15 0 0 0
EGAN00001584827 14 0 0 14 0 0 0
EGAN00001584831 15 0 0 15 0 0 0
EGAN00001584844 24 0 0 24 0 0 0
EGAN00001584856 22 0 0 21 1 0 0
EGAN00001584876 13 0 0 13 0 0 0
EGAN00001584878 16 0 0 16 0 0 0
EGAN00001584887 23 0 0 23 0 0 0
EGAN00001584890 12 0 0 12 0 0 0
EGAN00001584902 34 0 0 34 0 0 0
EGAN00001584908 14 0 0 14 0 0 0
EGAN00001584924 14 0 0 14 0 0 0
EGAN00001584927 26 0 0 26 0 0 0
EGAN00001584940 21 0 0 21 0 0 0
EGAN00001584952 23 0 0 23 0 0 0
EGAN00001584966 20 0 0 20 0 0 0
EGAN00001584970 20 0 0 20 0 0 0
EGAN00001584972 14 0 0 14 0 0 0
EGAN00001585037 21 0 0 21 0 0 0
EGAN00001585049 21 0 0 21 0 0 0
EGAN00001585062 25 0 0 25 0 0 0
EGAN00001585083 17 0 0 17 0 0 0
EGAN00001585105 30 0 0 30 0 0 0
EGAN00001585131 15 0 0 15 0 0 0
EGAN00001585136 23 0 0 23 0 0 0
EGAN00001585163 19 0 0 19 0 0 0
EGAN00001585167 23 0 1 22 0 0 0
EGAN00001585175 19 0 0 19 0 0 0
EGAN00001585178 25 0 0 25 0 0 0
EGAN00001585191 18 0 0 18 0 0 0
EGAN00001585193 15 0 0 15 0 0 0
EGAN00001585195 16 0 0 16 0 0 0
EGAN00001585197 18 0 0 18 0 0 0
EGAN00001585198 28 0 0 28 0 0 0
EGAN00001585202 18 0 0 17 1 0 0
EGAN00001585228 19 0 0 19 0 0 0
EGAN00001585231 27 0 0 27 0 0 0
EGAN00001585239 26 0 0 26 0 0 0
EGAN00001585244 25 0 0 25 0 0 0
EGAN00001585262 25 0 0 25 0 0 0
EGAN00001585265 29 0 0 29 0 0 0
EGAN00001585280 27 0 0 27 0 0 0
EGAN00001585318 11 0 0 11 0 0 0
EGAN00001585319 24 0 0 24 0 0 0
EGAN00001585322 20 0 0 20 0 0 0
EGAN00001585328 29 0 0 29 0 0 0
EGAN00001585331 22 0 0 22 0 0 0
EGAN00001585337 25 0 0 25 0 0 0
EGAN00001585349 22 0 0 22 0 0 0
EGAN00001585350 20 0 0 20 0 0 0
EGAN00001585368 20 0 0 20 0 0 0
EGAN00001585387 23 0 0 23 0 0 0
EGAN00001585388 25 0 0 25 0 0 0
EGAN00001585391 21 0 0 21 0 0 0
EGAN00001585393 24 0 0 24 0 0 0
EGAN00001585404 17 0 0 17 0 0 0
EGAN00001585423 14 0 0 14 0 0 0
EGAN00001585439 21 0 0 21 0 0 0
EGAN00001585440 10 0 0 10 0 0 0
EGAN00001585449 24 0 0 24 0 0 0
EGAN00001585462 21 0 0 21 0 0 0
EGAN00001585473 20 0 0 20 0 0 0
EGAN00001585477 10 0 0 10 0 0 0
EGAN00001585491 18 0 0 18 0 0 0
EGAN00001585505 13 0 0 13 0 0 0
EGAN00001585506 19 0 0 19 0 0 0
EGAN00001585507 20 0 0 20 0 0 0
EGAN00001585518 18 0 0 18 0 0 0
EGAN00001585529 27 0 0 27 0 0 0
EGAN00001585530 20 0 0 20 0 0 0
EGAN00001585536 23 0 0 23 0 0 0
EGAN00001585557 16 0 0 16 0 0 0
EGAN00001585560 13 0 0 13 0 0 0
EGAN00001585569 13 0 0 13 0 0 0
EGAN00001585604 18 0 0 18 0 0 0
EGAN00001585621 17 0 0 17 0 0 0
EGAN00001585625 22 0 0 22 0 0 0
EGAN00001585628 26 0 0 26 0 0 0
EGAN00001585629 23 0 0 23 0 0 0
EGAN00001585639 27 0 0 27 0 0 0
EGAN00001585649 33 0 0 33 0 0 0
EGAN00001585650 22 0 0 22 0 0 0
EGAN00001585657 18 0 0 18 0 0 0
EGAN00001585676 16 0 0 16 0 0 0
EGAN00001585681 26 0 0 26 0 0 0
EGAN00001585693 18 0 0 18 0 0 0
EGAN00001585705 18 0 0 18 0 0 0
EGAN00001585726 16 0 0 16 0 0 0
EGAN00001585735 30 0 0 30 0 0 0
EGAN00001585751 15 0 0 15 0 0 0
EGAN00001585755 23 0 0 23 0 0 0
EGAN00001585773 16 0 0 16 0 0 0
EGAN00001585802 24 0 0 24 0 0 0
EGAN00001585821 17 0 0 17 0 0 0
EGAN00001585822 21 0 0 21 0 0 0
EGAN00001585840 19 0 0 19 0 0 0
EGAN00001585842 23 0 0 23 0 0 0
EGAN00001585849 18 0 0 18 0 0 0
EGAN00001585852 19 0 0 19 0 0 0
EGAN00001585857 27 0 0 27 0 0 0
EGAN00001585870 19 0 0 19 0 0 0
EGAN00001585871 21 0 0 21 0 0 0
EGAN00001585884 18 0 0 18 0 0 0
EGAN00001585910 30 0 0 30 0 0 0
EGAN00001585946 19 0 0 19 0 0 0
EGAN00001585953 20 0 0 20 0 0 0
EGAN00001585980 20 0 0 20 0 0 0
EGAN00001585989 16 0 0 16 0 0 0
EGAN00001586004 19 0 0 19 0 0 0
EGAN00001586011 23 0 0 23 0 0 0
EGAN00001586036 18 0 0 17 1 0 0
EGAN00001586045 18 0 0 18 0 0 0
EGAN00001586049 16 0 0 16 0 0 0
EGAN00001586050 22 0 0 22 0 0 0
EGAN00001586055 22 0 0 22 0 0 0
EGAN00001586060 22 0 0 22 0 0 0
EGAN00001586066 13 0 0 13 0 0 0
EGAN00001586069 24 0 0 24 0 0 0
EGAN00001586081 26 0 0 26 0 0 0
EGAN00001586083 23 0 0 23 0 0 0
EGAN00001586104 16 0 0 16 0 0 0
EGAN00001586112 15 0 0 15 0 0 0
EGAN00001586117 20 0 0 20 0 0 0
EGAN00001586125 19 0 0 19 0 0 0
EGAN00001586148 21 0 0 21 0 0 0
EGAN00001586165 26 0 0 26 0 0 0
EGAN00001586175 17 0 0 17 0 0 0
EGAN00001586181 21 0 0 21 0 0 0
EGAN00001586191 23 0 0 23 0 0 0
EGAN00001586205 18 0 1 17 0 0 0
EGAN00001586206 23 0 1 22 0 0 0
EGAN00001599246 15 0 0 15 0 0 0
EGAN00001599251 21 0 0 21 0 0 0
EGAN00001599261 17 0 0 17 0 0 0
EGAN00001599262 21 0 1 20 0 0 0
EGAN00001599270 25 0 0 25 0 0 0
EGAN00001599275 19 0 0 19 0 0 0
EGAN00001599281 7 0 0 7 0 0 0
EGAN00001599290 18 0 0 18 0 0 0
EGAN00001599298 8 0 0 8 0 0 0
EGAN00001599353 21 0 0 21 0 0 0
EGAN00001599360 29 0 0 29 0 0 0
EGAN00001599375 31 0 0 31 0 0 0
EGAN00001599391 24 0 0 24 0 0 0
EGAN00001599393 28 0 0 28 0 0 0
EGAN00001599404 21 0 0 21 0 0 0
EGAN00001599406 28 0 0 28 0 0 0
EGAN00001599407 22 0 0 22 0 0 0
EGAN00001599410 22 0 0 22 0 0 0
EGAN00001599411 22 0 0 22 0 0 0
EGAN00001599421 21 0 0 21 0 0 0
EGAN00001599432 22 0 0 22 0 0 0
EGAN00001599445 24 0 1 23 0 0 0
EGAN00001599448 17 0 0 17 0 0 0
EGAN00001599449 18 0 1 17 0 0 0
EGAN00001599452 22 0 0 22 0 0 0
EGAN00001599455 16 0 0 16 0 0 0
EGAN00001599456 24 0 0 23 0 1 0
EGAN00001599457 11 0 0 11 0 0 0
EGAN00001599461 17 0 0 17 0 0 0
EGAN00001599480 16 0 0 16 0 0 0
EGAN00001599501 28 0 0 28 0 0 0
EGAN00001599506 22 0 0 22 0 0 0
EGAN00001599542 15 0 0 15 0 0 0
EGAN00001599555 27 0 0 26 0 1 0
EGAN00001599567 24 0 0 24 0 0 0
EGAN00001599576 21 0 0 21 0 0 0
EGAN00001599593 17 0 0 17 0 0 0
EGAN00001599599 20 0 0 20 0 0 0
EGAN00001599625 19 0 1 18 0 0 0
EGAN00001599637 5 0 0 5 0 0 0
EGAN00001599655 29 0 0 29 0 0 0
EGAN00001599686 19 0 0 19 0 0 0
EGAN00001599694 28 0 0 28 0 0 0
EGAN00001599696 26 0 0 25 0 0 1
EGAN00001599700 24 0 0 24 0 0 0
EGAN00001599703 21 0 0 21 0 0 0
EGAN00001599711 23 0 0 23 0 0 0
EGAN00001599722 9 0 0 9 0 0 0
EGAN00001599749 20 0 0 20 0 0 0
EGAN00001599760 21 0 0 21 0 0 0
EGAN00001599774 16 0 0 16 0 0 0
EGAN00001599777 19 0 0 18 0 1 0
EGAN00001599780 19 0 0 19 0 0 0
EGAN00001599802 18 0 1 17 0 0 0
EGAN00001599817 17 0 0 17 0 0 0
EGAN00001599825 18 0 0 18 0 0 0
EGAN00001599870 17 0 0 17 0 0 0
EGAN00001599876 15 0 0 15 0 0 0
EGAN00001599887 17 0 0 17 0 0 0
EGAN00001599896 23 0 0 23 0 0 0
EGAN00001599904 22 0 0 22 0 0 0
EGAN00001599915 16 0 0 16 0 0 0
EGAN00001599917 20 0 0 20 0 0 0
EGAN00001599932 15 0 0 15 0 0 0
EGAN00001671033 14 0 0 14 0 0 0
EGAN00001671807 14 0 0 14 0 0 0
EGAN00001671828 23 0 0 23 0 0 0
EGAN00001671840 13 0 0 13 0 0 0
EGAN00001671857 22 0 0 22 0 0 0
EGAN00001671875 11 0 0 10 1 0 0
EGAN00001671876 20 0 0 20 0 0 0
EGAN00001671878 20 0 0 20 0 0 0
EGAN00001671882 19 0 0 19 0 0 0
EGAN00001671919 23 0 0 23 0 0 0
EGAN00001671924 17 0 0 17 0 0 0
EGAN00001671928 26 0 0 26 0 0 0
EGAN00001671936 18 0 0 18 0 0 0
EGAN00001671948 12 0 0 12 0 0 0
EGAN00001671983 14 0 0 14 0 0 0
EGAN00001671999 10 0 0 10 0 0 0
EGAN00001672009 26 0 0 26 0 0 0
EGAN00001672013 20 0 1 19 0 0 0
EGAN00001672017 21 0 0 21 0 0 0
EGAN00001672025 19 0 0 19 0 0 0
EGAN00001672026 20 0 0 20 0 0 0
EGAN00001672054 38 0 0 38 0 0 0
EGAN00001672062 23 0 0 23 0 0 0
EGAN00001672074 11 0 0 11 0 0 0
EGAN00001672084 22 0 0 22 0 0 0
EGAN00001672093 25 0 0 25 0 0 0
EGAN00001672100 16 0 0 16 0 0 0
EGAN00001672104 21 0 0 21 0 0 0
EGAN00001672114 23 0 0 23 0 0 0
EGAN00001672116 18 0 0 18 0 0 0
EGAN00001672124 19 0 0 19 0 0 0
EGAN00001672126 19 0 0 19 0 0 0
EGAN00001672134 22 0 0 22 0 0 0
EGAN00001672147 24 0 0 24 0 0 0
EGAN00001672148 24 0 0 24 0 0 0
EGAN00001672152 15 0 0 15 0 0 0
EGAN00001672156 19 0 0 19 0 0 0
EGAN00001672161 17 0 0 17 0 0 0
EGAN00001672165 14 0 0 14 0 0 0
EGAN00001672169 21 0 0 21 0 0 0
EGAN00001672173 15 0 0 15 0 0 0
EGAN00001672178 14 0 0 14 0 0 0
EGAN00001672183 21 0 0 21 0 0 0
EGAN00001672190 13 0 0 13 0 0 0
EGAN00001672197 33 0 0 33 0 0 0
EGAN00001672210 20 0 0 20 0 0 0
EGAN00001672232 24 0 0 24 0 0 0
EGAN00001672243 17 0 0 17 0 0 0
EGAN00001672284 30 0 0 30 0 0 0
EGAN00001672288 23 0 0 23 0 0 0
EGAN00001672308 18 0 0 18 0 0 0
EGAN00001672316 11 0 0 11 0 0 0
EGAN00001672322 19 0 0 19 0 0 0
EGAN00001672330 22 0 0 22 0 0 0
EGAN00001672333 24 0 0 24 0 0 0
EGAN00001672334 19 0 0 19 0 0 0
EGAN00001672345 17 0 0 17 0 0 0
EGAN00001672354 21 0 0 21 0 0 0
EGAN00001672363 15 0 0 15 0 0 0
EGAN00001672376 17 0 0 17 0 0 0
EGAN00001672378 22 0 0 22 0 0 0
EGAN00001672383 12 0 0 12 0 0 0
EGAN00001672411 21 0 0 21 0 0 0
EGAN00001672428 14 0 0 14 0 0 0
EGAN00001672439 19 0 0 19 0 0 0
EGAN00001672452 20 0 0 20 0 0 0
EGAN00001672457 21 0 0 21 0 0 0
EGAN00001672462 15 0 0 15 0 0 0
EGAN00001672511 20 0 0 20 0 0 0
EGAN00001672536 10 0 0 10 0 0 0
EGAN00001672538 23 0 0 23 0 0 0
EGAN00001672542 29 0 0 29 0 0 0
EGAN00001672553 27 0 0 27 0 0 0
EGAN00001672554 16 0 0 16 0 0 0
EGAN00001672565 17 0 0 17 0 0 0
EGAN00001672572 12 0 0 12 0 0 0
EGAN00001672578 23 0 1 22 0 0 0
EGAN00001672580 18 0 0 18 0 0 0
EGAN00001672585 20 0 0 20 0 0 0
EGAN00001672593 18 0 0 18 0 0 0
EGAN00001672597 18 0 0 18 0 0 0
EGAN00001672601 21 0 0 21 0 0 0
EGAN00001672631 20 0 0 20 0 0 0
EGAN00001672646 27 0 0 27 0 0 0
EGAN00001672651 10 0 0 10 0 0 0
EGAN00001672675 14 0 0 14 0 0 0
EGAN00001672687 11 0 0 11 0 0 0
EGAN00001672714 31 0 0 31 0 0 0
EGAN00001672719 18 0 0 18 0 0 0
EGAN00001672736 21 0 0 21 0 0 0
EGAN00001672744 20 0 0 20 0 0 0
EGAN00001672745 10 0 0 10 0 0 0
EGAN00001672751 14 0 0 14 0 0 0
EGAN00001672763 21 0 0 21 0 0 0
EGAN00001672783 18 0 0 18 0 0 0
EGAN00001672790 23 0 0 23 0 0 0
EGAN00001672794 15 0 0 15 0 0 0
EGAN00001672797 18 0 0 18 0 0 0
EGAN00001672813 35 0 0 35 0 0 0
EGAN00001672820 25 0 0 25 0 0 0
EGAN00001672833 25 0 0 25 0 0 0
EGAN00001672839 22 0 0 22 0 0 0
EGAN00001672848 21 0 0 21 0 0 0
EGAN00001672870 13 0 0 13 0 0 0
EGAN00001672873 34 0 1 33 0 0 0
EGAN00001672877 21 0 0 20 1 0 0
EGAN00001672886 25 0 0 25 0 0 0
EGAN00001672896 25 0 0 25 0 0 0
EGAN00001672914 21 0 0 21 0 0 0
EGAN00001672923 16 0 0 16 0 0 0
EGAN00001672926 22 0 0 22 0 0 0
EGAN00001672930 16 0 0 16 0 0 0
EGAN00001672933 20 0 0 20 0 0 0
EGAN00001672940 27 0 0 27 0 0 0
EGAN00001672947 20 0 0 20 0 0 0
EGAN00001672969 17 0 0 17 0 0 0
EGAN00001672988 18 0 0 18 0 0 0
EGAN00001673014 18 0 0 18 0 0 0
EGAN00001673075 30 0 0 29 0 1 0
EGAN00001673103 14 0 0 14 0 0 0
EGAN00001673106 26 0 0 26 0 0 0
EGAN00001673115 15 0 0 15 0 0 0
EGAN00001673116 15 0 0 15 0 0 0
EGAN00001673128 18 0 0 18 0 0 0
EGAN00001673142 29 0 0 29 0 0 0
EGAN00001673167 28 0 0 28 0 0 0
EGAN00001673209 18 0 0 17 0 0 1
EGAN00001673245 28 0 0 28 0 0 0
EGAN00001673252 22 0 0 22 0 0 0
EGAN00001673257 19 0 0 19 0 0 0
EGAN00001673263 19 0 0 19 0 0 0
EGAN00001673285 17 0 0 17 0 0 0
EGAN00001673292 19 0 0 19 0 0 0
EGAN00001673302 14 0 0 14 0 0 0
EGAN00001673321 19 0 0 19 0 0 0
EGAN00001673329 31 0 0 30 0 1 0
EGAN00001673335 21 0 0 21 0 0 0
EGAN00001673347 17 0 0 17 0 0 0
EGAN00001673371 16 0 0 16 0 0 0
EGAN00001673418 17 0 0 17 0 0 0
EGAN00001673422 21 0 0 21 0 0 0
EGAN00001673446 18 0 0 18 0 0 0
EGAN00001673458 16 0 0 16 0 0 0
EGAN00001673521 19 0 0 19 0 0 0
EGAN00001673523 17 0 0 17 0 0 0
EGAN00001673532 16 0 0 16 0 0 0
EGAN00001673562 22 0 0 22 0 0 0
EGAN00001673578 12 0 0 12 0 0 0
EGAN00001673580 17 0 0 17 0 0 0
EGAN00001673583 24 0 0 24 0 0 0
EGAN00001673597 17 0 0 17 0 0 0
EGAN00001673607 24 0 0 24 0 0 0
EGAN00001673611 23 0 0 23 0 0 0
EGAN00001673632 26 0 0 26 0 0 0
EGAN00001673637 19 0 0 19 0 0 0
EGAN00001673670 14 0 0 14 0 0 0
EGAN00001673677 19 0 0 19 0 0 0
EGAN00001673693 20 0 0 20 0 0 0
EGAN00001673700 28 0 0 28 0 0 0
EGAN00001673727 20 0 0 20 0 0 0
EGAN00001673751 21 0 0 21 0 0 0
EGAN00001673782 23 0 0 22 1 0 0
EGAN00001673804 27 0 0 27 0 0 0
EGAN00001673810 22 0 0 22 0 0 0
EGAN00001730343 10 0 0 10 0 0 0
EGAN00001730397 19 0 0 19 0 0 0
EGAN00001730410 19 0 0 19 0 0 0
EGAN00001730434 17 0 0 17 0 0 0
EGAN00001730447 17 0 0 17 0 0 0
EGAN00001730450 17 0 0 17 0 0 0
EGAN00001730455 14 0 0 14 0 0 0
EGAN00001730460 28 0 0 28 0 0 0
EGAN00001730488 24 0 0 24 0 0 0
EGAN00001730502 16 0 0 16 0 0 0
EGAN00001730503 20 0 0 20 0 0 0
EGAN00001730521 19 0 0 19 0 0 0
EGAN00001730523 16 0 0 16 0 0 0
EGAN00001730529 15 0 0 15 0 0 0
EGAN00001740624 17 0 0 17 0 0 0
EGAN00001740630 18 0 0 18 0 0 0
EGAN00001740633 17 0 0 17 0 0 0
EGAN00001740634 26 0 0 26 0 0 0
EGAN00001740641 17 0 0 17 0 0 0
EGAN00001740654 19 0 0 19 0 0 0
EGAN00001740657 12 0 0 12 0 0 0
EGAN00001740658 23 0 0 23 0 0 0
EGAN00001740673 8 0 0 8 0 0 0
EGAN00001740680 17 0 0 17 0 0 0
EGAN00001740686 17 0 0 17 0 0 0
EGAN00001740691 20 0 0 20 0 0 0
EGAN00001740692 20 0 0 20 0 0 0
EGAN00001740695 16 0 0 16 0 0 0
EGAN00001740700 20 0 0 20 0 0 0
EGAN00001740704 13 0 0 13 0 0 0
EGAN00001740742 21 0 0 21 0 0 0
EGAN00001740752 21 0 0 21 0 0 0
EGAN00001740772 18 0 0 18 0 0 0
EGAN00001740774 18 0 0 18 0 0 0
EGAN00001740796 13 0 0 13 0 0 0
EGAN00001740797 13 0 0 13 0 0 0
EGAN00001740802 15 0 0 15 0 0 0
EGAN00001740806 14 0 0 14 0 0 0
EGAN00001740827 13 0 0 13 0 0 0
EGAN00001740848 15 0 0 15 0 0 0
EGAN00001740858 24 0 0 24 0 0 0
EGAN00001740884 16 0 0 16 0 0 0
EGAN00001740885 17 0 0 17 0 0 0
EGAN00001740904 16 0 0 16 0 0 0
EGAN00001740906 18 0 0 18 0 0 0
EGAN00001740907 11 0 0 11 0 0 0
EGAN00001740918 17 0 0 17 0 0 0
EGAN00001740921 14 0 0 14 0 0 0
EGAN00001740927 15 0 0 15 0 0 0
EGAN00001740932 15 0 0 15 0 0 0
EGAN00001740944 21 0 0 21 0 0 0
EGAN00001740955 15 0 0 15 0 0 0
EGAN00001740957 13 0 0 13 0 0 0
EGAN00001740967 16 0 0 16 0 0 0
EGAN00001740970 11 0 0 11 0 0 0
EGAN00001740973 17 0 0 17 0 0 0
EGAN00001740978 26 0 0 26 0 0 0
EGAN00001740988 16 0 0 16 0 0 0
EGAN00001741035 18 0 0 18 0 0 0
EGAN00001741056 26 0 0 25 0 1 0
EGAN00001741057 20 0 0 20 0 0 0
EGAN00001741066 17 0 0 17 0 0 0
EGAN00001741073 20 0 0 20 0 0 0
EGAN00001741075 19 0 0 19 0 0 0
EGAN00001741087 13 0 0 13 0 0 0
EGAN00001741090 18 0 0 18 0 0 0
EGAN00001741093 26 0 0 26 0 0 0
EGAN00001741099 19 0 0 19 0 0 0
EGAN00001741107 22 0 0 22 0 0 0
EGAN00001741120 17 0 0 17 0 0 0
EGAN00001741122 11 0 0 11 0 0 0
EGAN00001741140 17 0 0 17 0 0 0
EGAN00001741150 12 0 0 12 0 0 0
EGAN00001741154 24 0 0 24 0 0 0
EGAN00001797988 26 0 0 26 0 0 0
EGAN00001797994 21 0 0 21 0 0 0
EGAN00001797996 11 0 0 11 0 0 0
EGAN00001798007 19 0 0 19 0 0 0
EGAN00001798008 19 0 0 19 0 0 0
EGAN00001798021 21 0 0 21 0 0 0
EGAN00001798030 20 0 0 20 0 0 0
EGAN00001798074 20 0 0 20 0 0 0
EGAN00001798091 21 0 0 21 0 0 0
EGAN00001798092 19 0 0 19 0 0 0
EGAN00001798104 17 0 0 17 0 0 0
EGAN00001798154 22 0 0 22 0 0 0
EGAN00001798162 16 0 0 16 0 0 0
EGAN00001798177 14 0 0 14 0 0 0
EGAN00001798191 23 0 0 23 0 0 0
EGAN00001798203 23 0 0 23 0 0 0
EGAN00001798255 20 0 0 20 0 0 0
EGAN00001798262 14 0 0 14 0 0 0
EGAN00001798269 28 0 0 28 0 0 0
EGAN00001798282 20 0 0 20 0 0 0
EGAN00001798285 18 0 0 18 0 0 0
EGAN00001798300 19 0 0 19 0 0 0
EGAN00001798317 18 0 0 18 0 0 0
EGAN00001798327 31 0 0 31 0 0 0
EGAN00001798330 23 0 0 23 0 0 0
EGAN00001798339 23 0 0 23 0 0 0
EGAN00001798342 13 0 0 13 0 0 0
EGAN00001798347 19 0 0 19 0 0 0
EGAN00001798348 15 0 0 14 1 0 0
EGAN00001798351 13 0 0 13 0 0 0
EGAN00001798359 24 0 0 24 0 0 0
EGAN00001798360 20 0 0 20 0 0 0
EGAN00001798367 23 0 0 23 0 0 0
EGAN00001798381 12 0 0 12 0 0 0
EGAN00001798382 20 0 1 19 0 0 0
EGAN00001798397 23 0 0 22 0 1 0
EGAN00001798404 16 0 0 16 0 0 0
EGAN00001798412 21 0 0 21 0 0 0
EGAN00001798435 10 0 0 10 0 0 0
EGAN00001798443 15 0 0 15 0 0 0
EGAN00001798445 13 0 0 13 0 0 0
EGAN00001798453 25 0 0 25 0 0 0
EGAN00001798480 29 0 0 29 0 0 0
EGAN00001798482 20 0 0 20 0 0 0
EGAN00001798483 19 0 1 18 0 0 0
EGAN00001798484 12 0 0 12 0 0 0
EGAN00001798492 14 0 0 14 0 0 0
EGAN00001798495 14 0 0 14 0 0 0
EGAN00001798498 15 0 0 15 0 0 0
EGAN00001798506 21 0 0 21 0 0 0
EGAN00001798511 24 0 0 24 0 0 0
EGAN00001798521 13 0 0 13 0 0 0
EGAN00001798534 19 0 0 18 1 0 0
EGAN00001798550 11 0 0 11 0 0 0
EGAN00001798551 14 0 0 14 0 0 0
EGAN00001798564 21 0 0 21 0 0 0
EGAN00001798565 24 0 0 24 0 0 0
EGAN00001798570 28 0 0 28 0 0 0
EGAN00001798574 20 0 0 20 0 0 0
EGAN00001798607 15 0 0 15 0 0 0
EGAN00001798625 17 0 0 17 0 0 0
EGAN00001798626 20 0 0 20 0 0 0
EGAN00001798632 21 0 0 21 0 0 0
EGAN00001798647 23 0 0 22 0 1 0
EGAN00001798653 19 0 0 19 0 0 0
EGAN00001798666 23 0 0 23 0 0 0
EGAN00001798669 20 0 0 20 0 0 0
EGAN00001798695 17 0 0 17 0 0 0
EGAN00001798708 30 0 0 30 0 0 0
EGAN00001830726 13 0 0 13 0 0 0
EGAN00001830730 21 0 0 21 0 0 0
EGAN00001830735 25 0 0 24 1 0 0
EGAN00001830736 15 0 0 15 0 0 0
EGAN00001830748 18 0 0 18 0 0 0
EGAN00001830757 20 0 0 20 0 0 0
EGAN00001830766 18 0 0 18 0 0 0
EGAN00001830784 20 0 0 20 0 0 0
EGAN00001830804 6 0 0 6 0 0 0
EGAN00001830806 9 0 0 9 0 0 0
EGAN00001830813 14 0 0 14 0 0 0
EGAN00001830822 16 0 0 16 0 0 0
EGAN00001830825 11 0 0 11 0 0 0
EGAN00001830830 16 0 0 16 0 0 0
EGAN00001830831 20 0 0 20 0 0 0
EGAN00001830836 15 0 0 15 0 0 0
EGAN00001830837 14 0 0 14 0 0 0
EGAN00001830839 21 0 0 21 0 0 0
EGAN00001830844 15 0 0 15 0 0 0
EGAN00001830849 19 0 0 19 0 0 0
EGAN00001830870 22 0 0 22 0 0 0
EGAN00001830878 18 0 0 18 0 0 0
EGAN00001830880 14 0 0 14 0 0 0
EGAN00001830882 21 0 0 21 0 0 0
EGAN00001830889 19 0 0 19 0 0 0
EGAN00001830896 22 0 0 22 0 0 0
EGAN00001830921 18 0 0 18 0 0 0
EGAN00001830930 22 0 0 22 0 0 0
EGAN00001830942 20 0 0 20 0 0 0
EGAN00001830943 21 0 0 21 0 0 0
EGAN00001830956 19 0 0 19 0 0 0
EGAN00001830959 25 0 0 25 0 0 0
