Sample Depth = A C G T N
EGAN00001008152 21 0 0 0 21 0 0
EGAN00001008240 22 0 0 0 22 0 0
EGAN00001008480 19 0 0 0 19 0 0
EGAN00001021279 10 0 0 0 10 0 0
EGAN00001021287 22 0 0 0 22 0 0
EGAN00001021349 27 0 0 0 27 0 0
EGAN00001021460 47 0 0 1 46 0 0
EGAN00001021482 17 0 1 0 16 0 0
EGAN00001021497 18 0 0 0 18 0 0
EGAN00001021529 23 0 0 0 23 0 0
EGAN00001021566 28 0 0 0 28 0 0
EGAN00001021591 31 0 0 0 31 0 0
EGAN00001021602 14 0 0 0 14 0 0
EGAN00001021616 20 0 0 0 20 0 0
EGAN00001021618 27 0 0 0 27 0 0
EGAN00001021722 26 0 0 1 25 0 0
EGAN00001021724 25 0 0 0 25 0 0
EGAN00001021747 20 0 0 0 20 0 0
EGAN00001021767 26 0 0 0 26 0 0
EGAN00001021773 31 0 0 0 31 0 0
EGAN00001021774 19 0 0 0 19 0 0
EGAN00001021779 14 0 0 0 14 0 0
EGAN00001021807 11 0 0 0 11 0 0
EGAN00001021818 28 0 0 0 27 1 0
EGAN00001021838 18 0 0 0 18 0 0
EGAN00001021842 15 0 0 0 15 0 0
EGAN00001021852 14 0 0 0 14 0 0
EGAN00001021861 18 0 0 0 18 0 0
EGAN00001021877 12 0 0 0 12 0 0
EGAN00001021992 10 0 0 0 10 0 0
EGAN00001021995 21 0 0 0 21 0 0
EGAN00001022009 26 0 0 0 26 0 0
EGAN00001022024 16 0 0 0 16 0 0
EGAN00001022028 16 0 0 0 16 0 0
EGAN00001022070 18 0 0 0 18 0 0
EGAN00001022071 27 0 0 0 26 1 0
EGAN00001022073 16 0 0 0 16 0 0
EGAN00001022269 15 0 0 1 14 0 0
EGAN00001022287 23 0 0 0 23 0 0
EGAN00001022694 32 0 0 0 32 0 0
EGAN00001022728 23 0 0 1 22 0 0
EGAN00001022747 8 0 0 0 8 0 0
EGAN00001022776 23 0 0 0 23 0 0
EGAN00001022786 13 0 0 0 13 0 0
EGAN00001022788 15 0 0 0 15 0 0
EGAN00001022798 12 0 0 0 12 0 0
EGAN00001022907 6 0 0 0 6 0 0
EGAN00001022925 22 0 0 0 22 0 0
EGAN00001022928 5 0 0 0 5 0 0
EGAN00001022933 21 0 0 0 20 1 0
EGAN00001022944 13 0 0 0 13 0 0
EGAN00001022965 16 0 0 0 16 0 0
EGAN00001022970 7 0 0 0 7 0 0
EGAN00001022976 18 0 0 0 18 0 0
EGAN00001022977 8 0 0 0 8 0 0
EGAN00001022985 20 0 0 0 20 0 0
EGAN00001022994 12 0 0 0 12 0 0
EGAN00001022999 25 0 0 0 25 0 0
EGAN00001023013 25 0 0 0 25 0 0
EGAN00001023048 16 0 0 0 15 1 0
EGAN00001023052 21 0 0 0 21 0 0
EGAN00001023062 8 0 0 0 8 0 0
EGAN00001023065 23 0 0 0 23 0 0
EGAN00001023090 20 0 0 0 20 0 0
EGAN00001023109 10 0 0 0 10 0 0
EGAN00001023113 15 0 0 0 15 0 0
EGAN00001023144 25 0 0 0 25 0 0
EGAN00001023149 18 0 0 0 18 0 0
EGAN00001023165 17 0 0 0 17 0 0
EGAN00001023440 22 0 1 0 21 0 0
EGAN00001023443 13 0 0 0 13 0 0
EGAN00001023451 11 0 0 0 11 0 0
EGAN00001023536 7 0 0 0 7 0 0
EGAN00001024052 11 0 0 0 11 0 0
EGAN00001024169 26 0 0 0 26 0 0
EGAN00001024175 27 0 0 0 27 0 0
EGAN00001024242 21 0 0 0 21 0 0
EGAN00001024268 24 0 0 0 24 0 0
EGAN00001024339 15 0 0 1 14 0 0
EGAN00001025821 20 0 0 0 20 0 0
EGAN00001025877 22 0 0 0 22 0 0
EGAN00001026203 33 0 0 0 33 0 0
EGAN00001026429 21 0 0 0 21 0 0
EGAN00001026576 15 0 0 0 15 0 0
EGAN00001026589 23 0 0 0 23 0 0
EGAN00001026598 16 0 0 0 16 0 0
EGAN00001026629 22 0 0 0 22 0 0
EGAN00001026694 29 0 0 1 28 0 0
EGAN00001026814 19 0 0 0 19 0 0
EGAN00001027202 17 0 0 0 17 0 0
EGAN00001027204 25 0 0 0 25 0 0
EGAN00001027205 11 0 0 1 10 0 0
EGAN00001027212 34 0 1 0 33 0 0
EGAN00001027340 23 0 0 0 23 0 0
EGAN00001027395 24 0 0 0 24 0 0
EGAN00001027418 11 0 0 0 11 0 0
EGAN00001027453 29 0 0 0 29 0 0
EGAN00001027462 16 0 0 0 16 0 0
EGAN00001027463 19 0 0 1 18 0 0
EGAN00001027475 15 0 0 0 15 0 0
EGAN00001027505 16 0 0 0 16 0 0
EGAN00001027540 19 0 0 0 19 0 0
EGAN00001073920 17 0 0 0 17 0 0
EGAN00001073921 11 0 0 0 11 0 0
EGAN00001073922 18 0 0 0 18 0 0
EGAN00001074781 21 0 0 0 21 0 0
EGAN00001074834 15 0 0 0 15 0 0
EGAN00001074854 21 0 0 0 21 0 0
EGAN00001074864 25 0 0 0 25 0 0
EGAN00001074869 34 0 0 0 34 0 0
EGAN00001074873 17 0 0 0 17 0 0
EGAN00001074875 21 0 0 0 21 0 0
EGAN00001079317 26 0 0 0 26 0 0
EGAN00001079328 16 0 0 0 16 0 0
EGAN00001079401 20 0 0 0 20 0 0
EGAN00001079414 18 0 0 0 18 0 0
EGAN00001079479 24 0 0 0 24 0 0
EGAN00001079481 25 0 0 0 25 0 0
EGAN00001079505 28 0 0 0 28 0 0
EGAN00001079506 22 0 0 0 22 0 0
EGAN00001079561 26 0 0 0 26 0 0
EGAN00001079572 18 0 0 0 18 0 0
EGAN00001079662 29 0 0 0 29 0 0
EGAN00001079666 18 0 0 0 18 0 0
EGAN00001079696 20 0 0 0 20 0 0
EGAN00001079780 17 0 0 0 17 0 0
EGAN00001080216 20 0 0 0 20 0 0
EGAN00001080226 21 0 0 0 21 0 0
EGAN00001240157 15 0 0 0 15 0 0
EGAN00001240272 15 0 0 0 15 0 0
EGAN00001240612 20 0 0 0 20 0 0
EGAN00001240628 22 0 0 0 22 0 0
EGAN00001240764 26 0 0 0 26 0 0
EGAN00001240779 22 0 0 0 22 0 0
EGAN00001240905 19 0 0 0 19 0 0
EGAN00001241156 10 0 0 0 9 1 0
EGAN00001241214 17 0 0 0 17 0 0
EGAN00001241247 26 0 0 0 26 0 0
EGAN00001241334 11 0 0 0 11 0 0
EGAN00001241394 26 0 0 0 26 0 0
EGAN00001241506 18 0 0 0 18 0 0
EGAN00001241817 25 0 0 0 25 0 0
EGAN00001241861 29 0 0 0 29 0 0
EGAN00001241906 21 0 0 0 21 0 0
EGAN00001241963 24 0 0 0 24 0 0
EGAN00001241982 13 0 0 0 13 0 0
EGAN00001242082 31 0 0 0 31 0 0
EGAN00001242253 18 0 0 0 18 0 0
EGAN00001242280 12 0 0 0 12 0 0
EGAN00001242309 29 0 0 0 29 0 0
EGAN00001242516 28 0 0 0 27 1 0
EGAN00001242562 16 0 0 0 16 0 0
EGAN00001242628 22 0 0 0 22 0 0
EGAN00001242652 14 0 0 0 14 0 0
EGAN00001242720 8 0 0 0 8 0 0
EGAN00001242723 20 0 0 0 20 0 0
EGAN00001242952 17 0 0 0 17 0 0
EGAN00001243036 20 0 0 0 20 0 0
EGAN00001243053 30 0 0 0 30 0 0
EGAN00001243054 41 0 0 0 41 0 0
EGAN00001243109 18 0 0 0 18 0 0
EGAN00001243140 13 0 0 0 13 0 0
EGAN00001243144 23 0 0 0 23 0 0
EGAN00001243226 16 0 0 0 16 0 0
EGAN00001243294 22 0 0 0 22 0 0
EGAN00001243323 22 0 0 0 22 0 0
EGAN00001243343 15 0 0 0 15 0 0
EGAN00001243402 18 0 0 0 18 0 0
EGAN00001243503 14 0 0 0 14 0 0
EGAN00001243681 17 0 0 0 17 0 0
EGAN00001243731 25 0 0 0 25 0 0
EGAN00001243755 18 0 0 0 18 0 0
EGAN00001243780 13 0 0 0 13 0 0
EGAN00001243786 17 0 0 0 17 0 0
EGAN00001243946 19 0 0 0 19 0 0
EGAN00001244068 30 0 0 0 30 0 0
EGAN00001244108 20 0 0 0 20 0 0
EGAN00001244157 20 0 0 0 20 0 0
EGAN00001244308 13 0 0 0 13 0 0
EGAN00001244475 14 0 0 0 14 0 0
EGAN00001244572 22 0 0 0 22 0 0
EGAN00001244592 18 0 0 0 18 0 0
EGAN00001244659 15 0 0 0 15 0 0
EGAN00001244730 24 0 0 0 24 0 0
EGAN00001244763 17 0 0 0 17 0 0
EGAN00001244776 16 0 0 0 16 0 0
EGAN00001245103 16 0 0 0 16 0 0
EGAN00001245122 22 0 0 0 22 0 0
EGAN00001245134 27 0 0 0 27 0 0
EGAN00001245179 28 0 0 0 28 0 0
EGAN00001245323 22 0 0 0 22 0 0
EGAN00001245434 29 0 0 0 29 0 0
EGAN00001245840 23 0 0 0 23 0 0
EGAN00001246009 26 0 0 0 26 0 0
EGAN00001246021 19 0 0 0 19 0 0
EGAN00001246023 24 0 0 0 24 0 0
EGAN00001246063 26 0 0 1 25 0 0
EGAN00001246077 25 0 0 0 25 0 0
EGAN00001246246 15 0 0 0 15 0 0
EGAN00001246783 15 0 0 0 15 0 0
EGAN00001247049 27 0 0 0 27 0 0
EGAN00001247152 21 0 0 0 21 0 0
EGAN00001247246 16 0 0 0 16 0 0
EGAN00001247313 22 0 0 0 22 0 0
EGAN00001247500 19 0 0 0 19 0 0
EGAN00001247568 13 0 0 0 13 0 0
EGAN00001247658 25 0 0 0 25 0 0
EGAN00001247674 29 0 0 0 29 0 0
EGAN00001247681 19 0 0 0 19 0 0
EGAN00001267728 15 0 0 0 15 0 0
EGAN00001267991 21 0 0 0 21 0 0
EGAN00001277294 23 0 0 0 23 0 0
EGAN00001277295 25 0 0 0 25 0 0
EGAN00001385049 23 0 0 0 23 0 0
EGAN00001385050 11 0 0 0 11 0 0
EGAN00001385053 17 0 0 0 17 0 0
EGAN00001385060 24 0 0 0 24 0 0
EGAN00001385062 19 0 0 0 19 0 0
EGAN00001385083 18 0 0 0 18 0 0
EGAN00001385135 15 0 0 0 15 0 0
EGAN00001385146 33 0 0 0 33 0 0
EGAN00001385155 24 0 0 0 24 0 0
EGAN00001385160 31 0 0 0 31 0 0
EGAN00001385169 21 0 0 0 21 0 0
EGAN00001385173 14 0 0 0 14 0 0
EGAN00001385177 29 0 0 0 29 0 0
EGAN00001385180 14 0 0 0 14 0 0
EGAN00001385182 18 0 0 0 18 0 0
EGAN00001385184 18 0 0 0 18 0 0
EGAN00001385193 14 0 0 0 14 0 0
EGAN00001385212 18 0 0 0 18 0 0
EGAN00001385222 17 0 0 0 17 0 0
EGAN00001385223 22 0 0 0 21 1 0
EGAN00001385232 12 0 0 0 12 0 0
EGAN00001385237 28 0 0 0 28 0 0
EGAN00001385246 17 0 0 0 17 0 0
EGAN00001385268 18 0 0 0 18 0 0
EGAN00001385280 17 0 0 0 17 0 0
EGAN00001385284 18 0 0 0 18 0 0
EGAN00001385305 18 0 0 0 18 0 0
EGAN00001385313 14 0 0 0 14 0 0
EGAN00001385352 17 0 0 0 17 0 0
EGAN00001385361 17 0 0 0 17 0 0
EGAN00001385393 16 0 0 0 16 0 0
EGAN00001385395 21 0 0 0 21 0 0
EGAN00001385442 15 0 0 0 15 0 0
EGAN00001385443 16 0 0 0 16 0 0
EGAN00001385444 14 0 0 0 14 0 0
EGAN00001385447 21 0 0 0 21 0 0
EGAN00001385448 22 0 0 1 21 0 0
EGAN00001385449 19 0 0 0 19 0 0
EGAN00001385467 21 0 0 0 21 0 0
EGAN00001385469 13 0 0 0 13 0 0
EGAN00001385479 20 0 0 0 20 0 0
EGAN00001385496 11 0 0 0 11 0 0
EGAN00001385516 20 0 0 0 20 0 0
EGAN00001385522 23 0 0 0 23 0 0
EGAN00001385535 13 0 0 0 13 0 0
EGAN00001385539 16 0 0 0 16 0 0
EGAN00001385550 22 0 0 0 22 0 0
EGAN00001385578 16 0 0 0 16 0 0
EGAN00001385611 19 0 0 0 19 0 0
EGAN00001385616 20 0 0 0 20 0 0
EGAN00001385617 25 0 0 1 24 0 0
EGAN00001385627 22 0 0 0 22 0 0
EGAN00001385651 28 0 0 0 28 0 0
EGAN00001385655 20 0 0 0 20 0 0
EGAN00001385657 23 0 0 0 23 0 0
EGAN00001385673 26 0 0 1 25 0 0
EGAN00001385678 15 0 0 0 15 0 0
EGAN00001385688 27 0 0 0 27 0 0
EGAN00001385695 17 0 0 0 17 0 0
EGAN00001385699 14 0 0 0 14 0 0
EGAN00001385709 15 0 0 0 15 0 0
EGAN00001385738 23 0 0 0 23 0 0
EGAN00001385744 20 0 0 0 20 0 0
EGAN00001385746 24 0 0 0 24 0 0
EGAN00001385749 10 0 0 0 10 0 0
EGAN00001385752 17 0 0 0 17 0 0
EGAN00001385756 7 0 0 0 7 0 0
EGAN00001385760 16 0 0 0 16 0 0
EGAN00001385768 24 0 0 0 24 0 0
EGAN00001403187 8 0 0 0 8 0 0
EGAN00001403699 13 0 0 0 13 0 0
EGAN00001403701 17 0 0 0 17 0 0
EGAN00001403713 24 0 0 0 24 0 0
EGAN00001403722 18 0 0 0 18 0 0
EGAN00001403725 17 0 0 0 17 0 0
EGAN00001403739 18 0 0 0 18 0 0
EGAN00001403743 19 0 0 0 19 0 0
EGAN00001403756 15 0 0 0 15 0 0
EGAN00001403757 12 0 0 0 12 0 0
EGAN00001403763 12 0 0 0 12 0 0
EGAN00001403785 26 0 0 0 26 0 0
EGAN00001403786 18 0 0 0 18 0 0
EGAN00001403795 16 0 0 0 16 0 0
EGAN00001403805 15 0 0 0 15 0 0
EGAN00001403812 21 0 0 0 21 0 0
EGAN00001403819 26 0 0 0 26 0 0
EGAN00001403823 17 0 0 0 17 0 0
EGAN00001403825 22 0 0 0 22 0 0
EGAN00001403838 26 0 0 0 26 0 0
EGAN00001403845 17 0 0 0 17 0 0
EGAN00001403870 16 0 0 0 16 0 0
EGAN00001403873 12 0 0 0 12 0 0
EGAN00001403874 25 0 0 0 25 0 0
EGAN00001403892 22 0 0 0 22 0 0
EGAN00001403903 23 0 0 0 23 0 0
EGAN00001403909 19 0 0 0 19 0 0
EGAN00001403920 20 0 0 0 20 0 0
EGAN00001403930 14 0 0 0 14 0 0
EGAN00001403933 22 0 0 0 22 0 0
EGAN00001403939 21 0 0 0 21 0 0
EGAN00001403943 23 0 0 0 23 0 0
EGAN00001403953 14 0 0 0 14 0 0
EGAN00001403963 21 0 0 0 21 0 0
EGAN00001403980 19 0 0 0 19 0 0
EGAN00001403981 20 0 0 0 20 0 0
EGAN00001403994 12 0 0 0 12 0 0
EGAN00001404034 19 0 0 0 19 0 0
EGAN00001404044 13 0 0 0 13 0 0
EGAN00001404050 15 0 0 0 15 0 0
EGAN00001404075 16 0 0 0 16 0 0
EGAN00001404090 17 0 0 0 17 0 0
EGAN00001404108 25 0 0 0 25 0 0
EGAN00001404119 17 0 0 0 17 0 0
EGAN00001404147 19 0 0 0 19 0 0
EGAN00001404151 12 0 0 0 12 0 0
EGAN00001404154 15 0 0 0 15 0 0
EGAN00001404484 15 0 0 0 15 0 0
EGAN00001439009 23 0 0 0 23 0 0
EGAN00001439015 15 0 0 0 15 0 0
EGAN00001439114 12 0 0 0 12 0 0
EGAN00001439126 21 0 0 0 21 0 0
EGAN00001439127 9 0 0 0 9 0 0
EGAN00001439130 21 0 0 0 21 0 0
EGAN00001439141 20 0 0 0 20 0 0
EGAN00001439154 26 0 0 0 26 0 0
EGAN00001439168 19 0 0 1 18 0 0
EGAN00001439176 18 0 0 0 18 0 0
EGAN00001439191 27 0 0 0 27 0 0
EGAN00001439204 20 0 0 0 20 0 0
EGAN00001439205 15 0 0 0 14 1 0
EGAN00001439214 18 0 0 0 18 0 0
EGAN00001439216 18 0 0 0 18 0 0
EGAN00001439223 8 0 0 0 8 0 0
EGAN00001439229 21 0 0 0 21 0 0
EGAN00001439230 15 0 0 0 15 0 0
EGAN00001439797 27 0 0 0 27 0 0
EGAN00001440377 19 0 0 0 19 0 0
EGAN00001440389 22 0 0 0 22 0 0
EGAN00001440396 15 0 0 0 15 0 0
EGAN00001440398 8 0 0 0 8 0 0
EGAN00001440407 24 0 0 0 24 0 0
EGAN00001440429 23 0 0 0 23 0 0
EGAN00001440468 27 0 0 0 27 0 0
EGAN00001440476 16 0 0 0 16 0 0
EGAN00001440495 20 0 0 0 20 0 0
EGAN00001440500 24 0 0 0 24 0 0
EGAN00001440514 21 0 0 0 21 0 0
EGAN00001440523 7 0 0 0 7 0 0
EGAN00001440524 25 0 0 0 25 0 0
EGAN00001440539 24 0 0 0 24 0 0
EGAN00001440542 17 0 0 0 17 0 0
EGAN00001440566 15 0 0 0 15 0 0
EGAN00001440641 36 0 0 0 36 0 0
EGAN00001440710 17 0 0 0 17 0 0
EGAN00001440723 19 0 0 0 19 0 0
EGAN00001442167 20 0 0 0 20 0 0
EGAN00001442174 23 0 0 0 23 0 0
EGAN00001442203 17 0 0 0 17 0 0
EGAN00001442204 22 0 0 0 22 0 0
EGAN00001442210 14 0 0 0 14 0 0
EGAN00001442231 15 0 0 0 15 0 0
EGAN00001442238 15 0 0 0 15 0 0
EGAN00001442436 13 0 0 0 13 0 0
EGAN00001442449 23 0 0 0 23 0 0
EGAN00001442458 21 0 0 0 21 0 0
EGAN00001442474 11 0 0 0 11 0 0
EGAN00001442489 14 0 0 0 14 0 0
EGAN00001443772 11 0 0 0 11 0 0
EGAN00001444312 21 0 0 0 21 0 0
EGAN00001444317 21 0 0 0 21 0 0
EGAN00001444318 27 0 0 0 27 0 0
EGAN00001444415 9 0 0 0 9 0 0
EGAN00001444475 18 0 0 0 18 0 0
EGAN00001444482 19 0 0 0 18 1 0
EGAN00001444841 16 0 0 0 16 0 0
EGAN00001444984 11 0 0 1 10 0 0
EGAN00001445004 17 0 0 0 17 0 0
EGAN00001445013 18 0 0 0 18 0 0
EGAN00001445033 34 0 0 0 34 0 0
EGAN00001445043 20 0 0 0 20 0 0
EGAN00001445071 31 0 0 0 31 0 0
EGAN00001445077 13 0 0 0 13 0 0
EGAN00001445079 23 0 0 0 23 0 0
EGAN00001445081 12 0 0 0 12 0 0
EGAN00001445085 19 0 0 1 18 0 0
EGAN00001445454 18 0 0 0 18 0 0
EGAN00001445456 17 0 0 0 17 0 0
EGAN00001445463 26 0 0 0 26 0 0
EGAN00001445494 21 0 0 0 21 0 0
EGAN00001445507 10 0 0 0 10 0 0
EGAN00001445512 12 0 0 0 12 0 0
EGAN00001445521 12 0 0 0 12 0 0
EGAN00001445525 21 0 0 0 21 0 0
EGAN00001446662 19 0 0 0 19 0 0
EGAN00001446688 14 0 0 0 14 0 0
EGAN00001446689 24 0 0 1 23 0 0
EGAN00001446697 10 0 0 0 10 0 0
EGAN00001486675 29 0 0 0 29 0 0
EGAN00001486681 21 0 0 0 21 0 0
EGAN00001486687 13 0 0 0 13 0 0
EGAN00001559552 22 0 0 0 22 0 0
EGAN00001559573 6 0 0 0 6 0 0
EGAN00001559631 17 0 0 2 15 0 0
EGAN00001559637 8 0 0 0 8 0 0
EGAN00001559644 8 0 0 0 8 0 0
EGAN00001559648 11 0 0 0 11 0 0
EGAN00001559656 14 0 0 0 14 0 0
EGAN00001559663 25 0 0 0 25 0 0
EGAN00001559670 18 0 0 0 18 0 0
EGAN00001559678 11 0 0 0 11 0 0
EGAN00001559693 11 0 0 0 11 0 0
EGAN00001559701 5 0 0 0 5 0 0
EGAN00001559716 14 0 0 1 13 0 0
EGAN00001559739 26 0 0 0 26 0 0
EGAN00001559761 15 0 0 0 15 0 0
EGAN00001559766 21 0 0 0 21 0 0
EGAN00001559774 17 0 0 0 17 0 0
EGAN00001559782 17 0 0 0 17 0 0
EGAN00001559799 14 0 0 0 14 0 0
EGAN00001559808 15 0 0 0 15 0 0
EGAN00001559814 14 0 0 0 14 0 0
EGAN00001559826 15 0 0 0 15 0 0
EGAN00001559843 16 0 0 0 16 0 0
EGAN00001559849 10 0 0 0 10 0 0
EGAN00001559881 15 0 0 0 14 1 0
EGAN00001559902 17 0 0 0 17 0 0
EGAN00001559926 24 0 0 0 24 0 0
EGAN00001559933 19 0 0 0 19 0 0
EGAN00001559939 19 0 0 0 19 0 0
EGAN00001559962 6 0 0 0 6 0 0
EGAN00001559967 16 0 0 0 16 0 0
EGAN00001559995 14 0 0 0 14 0 0
EGAN00001560016 15 0 0 0 15 0 0
EGAN00001560034 20 0 0 0 20 0 0
EGAN00001560035 26 0 0 0 26 0 0
EGAN00001560050 23 0 0 0 23 0 0
EGAN00001560052 23 0 0 0 23 0 0
EGAN00001560068 10 0 0 0 10 0 0
EGAN00001560084 22 0 0 0 22 0 0
EGAN00001560085 28 0 0 0 28 0 0
EGAN00001560090 19 0 0 0 19 0 0
EGAN00001560096 29 0 0 0 29 0 0
EGAN00001560098 23 0 0 0 23 0 0
EGAN00001560124 23 0 0 0 23 0 0
EGAN00001560145 24 0 0 0 24 0 0
EGAN00001560153 21 0 0 0 21 0 0
EGAN00001560162 14 0 0 1 13 0 0
EGAN00001560183 25 0 0 0 25 0 0
EGAN00001560192 26 0 0 0 26 0 0
EGAN00001560207 21 0 0 0 21 0 0
EGAN00001560214 21 0 0 0 21 0 0
EGAN00001560218 23 0 0 0 23 0 0
EGAN00001560231 25 0 0 0 25 0 0
EGAN00001560243 23 0 0 0 23 0 0
EGAN00001560269 24 0 0 0 24 0 0
EGAN00001560308 22 0 0 0 22 0 0
EGAN00001560313 15 0 0 0 15 0 0
EGAN00001560314 11 0 0 0 11 0 0
EGAN00001560320 9 0 0 0 9 0 0
EGAN00001560322 10 0 0 0 10 0 0
EGAN00001560332 11 0 0 0 11 0 0
EGAN00001560346 18 0 0 0 18 0 0
EGAN00001560356 24 0 0 0 24 0 0
EGAN00001560362 16 0 0 0 16 0 0
EGAN00001560370 15 0 0 0 15 0 0
EGAN00001560386 22 0 0 0 22 0 0
EGAN00001560396 18 0 0 0 18 0 0
EGAN00001560410 17 0 0 0 17 0 0
EGAN00001560418 13 0 0 0 13 0 0
EGAN00001560424 15 0 0 0 15 0 0
EGAN00001560448 17 0 0 1 16 0 0
EGAN00001560453 21 0 0 0 21 0 0
EGAN00001560464 23 0 0 0 23 0 0
EGAN00001560478 19 0 0 0 19 0 0
EGAN00001560485 17 0 0 0 17 0 0
EGAN00001560513 18 0 0 0 18 0 0
EGAN00001560515 17 0 0 0 17 0 0
EGAN00001560516 7 0 0 0 7 0 0
EGAN00001560524 15 0 0 0 15 0 0
EGAN00001560527 21 0 0 0 21 0 0
EGAN00001560540 11 0 0 0 11 0 0
EGAN00001560547 25 0 0 0 25 0 0
EGAN00001560549 20 0 0 0 20 0 0
EGAN00001560559 19 0 0 0 19 0 0
EGAN00001560583 20 0 0 0 20 0 0
EGAN00001560592 11 0 0 0 11 0 0
EGAN00001560595 16 0 0 0 16 0 0
EGAN00001560606 12 0 0 0 12 0 0
EGAN00001560609 23 0 0 0 23 0 0
EGAN00001560616 15 0 0 0 15 0 0
EGAN00001560633 15 0 0 0 15 0 0
EGAN00001560665 20 0 0 0 20 0 0
EGAN00001560675 14 0 0 0 14 0 0
EGAN00001560686 12 0 0 0 12 0 0
EGAN00001560693 13 0 0 0 13 0 0
EGAN00001560695 13 0 0 0 13 0 0
EGAN00001560708 16 0 0 0 16 0 0
EGAN00001560710 19 0 0 0 19 0 0
EGAN00001560737 26 0 0 0 26 0 0
EGAN00001560738 17 0 0 0 17 0 0
EGAN00001560739 20 0 0 0 20 0 0
EGAN00001560761 18 0 0 1 17 0 0
EGAN00001560769 32 0 0 0 32 0 0
EGAN00001560786 17 0 0 0 17 0 0
EGAN00001560788 25 0 0 0 25 0 0
EGAN00001560813 15 0 0 0 15 0 0
EGAN00001560820 20 0 0 1 19 0 0
EGAN00001560821 17 0 0 1 16 0 0
EGAN00001560824 21 0 0 0 21 0 0
EGAN00001560853 16 0 2 0 14 0 0
EGAN00001560869 16 0 0 0 16 0 0
EGAN00001560889 20 0 0 0 20 0 0
EGAN00001560906 17 0 0 0 16 1 0
EGAN00001560912 11 0 0 0 11 0 0
EGAN00001560929 21 0 0 0 21 0 0
EGAN00001560938 23 0 0 0 23 0 0
EGAN00001560951 21 0 0 0 21 0 0
EGAN00001560966 9 0 0 0 9 0 0
EGAN00001560974 23 0 0 0 23 0 0
EGAN00001560985 25 0 0 0 25 0 0
EGAN00001560994 23 0 0 0 23 0 0
EGAN00001560995 20 0 0 0 20 0 0
EGAN00001561020 21 0 0 0 21 0 0
EGAN00001561055 8 0 0 0 8 0 0
EGAN00001561079 20 0 0 0 20 0 0
EGAN00001561085 13 0 0 0 13 0 0
EGAN00001561103 11 0 0 0 11 0 0
EGAN00001561148 19 0 0 0 19 0 0
EGAN00001561154 18 0 0 0 18 0 0
EGAN00001561172 24 0 0 0 24 0 0
EGAN00001561199 20 0 0 0 20 0 0
EGAN00001561200 29 0 0 0 29 0 0
EGAN00001561201 23 0 0 0 23 0 0
EGAN00001561206 23 0 0 0 23 0 0
EGAN00001561221 21 0 0 0 21 0 0
EGAN00001561231 15 0 0 0 15 0 0
EGAN00001561234 15 0 0 0 15 0 0
EGAN00001561251 23 0 0 0 23 0 0
EGAN00001561252 15 0 0 0 15 0 0
EGAN00001561280 18 0 0 0 18 0 0
EGAN00001561296 14 0 0 0 14 0 0
EGAN00001561299 18 0 0 0 18 0 0
EGAN00001561303 11 0 0 0 11 0 0
EGAN00001561312 15 0 0 0 15 0 0
EGAN00001561373 12 0 0 0 12 0 0
EGAN00001561380 7 0 0 0 7 0 0
EGAN00001561393 14 0 0 0 14 0 0
EGAN00001561406 22 0 0 0 22 0 0
EGAN00001561412 24 0 0 0 24 0 0
EGAN00001561414 14 0 0 0 14 0 0
EGAN00001561425 20 0 0 0 20 0 0
EGAN00001561431 19 0 0 0 19 0 0
EGAN00001561442 17 0 0 0 17 0 0
EGAN00001561448 15 0 0 0 15 0 0
EGAN00001561453 20 0 0 0 20 0 0
EGAN00001561456 9 0 0 0 9 0 0
EGAN00001561458 8 0 0 0 8 0 0
EGAN00001561467 8 0 0 0 8 0 0
EGAN00001561476 22 0 0 0 22 0 0
EGAN00001561503 23 0 0 0 23 0 0
EGAN00001561508 16 0 0 0 16 0 0
EGAN00001561510 21 0 0 0 21 0 0
EGAN00001561542 13 0 0 0 13 0 0
EGAN00001561554 16 0 0 0 16 0 0
EGAN00001569013 18 0 0 0 18 0 0
EGAN00001572904 18 0 0 0 18 0 0
EGAN00001572939 7 0 0 0 7 0 0
EGAN00001575966 21 0 0 0 21 0 0
EGAN00001575982 15 0 0 0 15 0 0
EGAN00001576013 17 0 0 0 17 0 0
EGAN00001576017 19 0 0 0 19 0 0
EGAN00001576033 23 0 0 0 23 0 0
EGAN00001576040 23 0 0 0 23 0 0
EGAN00001576047 19 0 0 0 19 0 0
EGAN00001576056 20 0 0 0 18 2 0
EGAN00001576064 22 0 0 0 22 0 0
EGAN00001576068 16 0 0 0 16 0 0
EGAN00001576070 28 0 0 1 27 0 0
EGAN00001576074 26 0 0 0 26 0 0
EGAN00001576094 20 0 0 0 20 0 0
EGAN00001576100 20 0 0 0 20 0 0
EGAN00001576104 20 0 0 0 20 0 0
EGAN00001576114 22 0 0 0 22 0 0
EGAN00001576126 15 0 0 0 15 0 0
EGAN00001576168 17 0 0 0 17 0 0
EGAN00001576188 21 0 0 0 21 0 0
EGAN00001576205 25 0 0 0 25 0 0
EGAN00001576216 19 0 0 0 19 0 0
EGAN00001576226 20 0 0 0 19 1 0
EGAN00001576240 21 0 0 0 21 0 0
EGAN00001576245 19 0 0 1 18 0 0
EGAN00001576247 18 0 0 0 18 0 0
EGAN00001576249 30 0 0 0 30 0 0
EGAN00001576253 18 0 0 0 18 0 0
EGAN00001576258 24 0 0 0 24 0 0
EGAN00001576264 18 0 0 0 18 0 0
EGAN00001576272 13 0 0 0 13 0 0
EGAN00001576273 19 0 0 0 19 0 0
EGAN00001576277 9 0 0 0 9 0 0
EGAN00001576296 17 0 0 0 17 0 0
EGAN00001576314 20 0 0 0 20 0 0
EGAN00001576321 25 0 0 0 25 0 0
EGAN00001576324 20 0 0 0 20 0 0
EGAN00001576334 15 0 0 0 15 0 0
EGAN00001576367 27 0 0 0 27 0 0
EGAN00001576379 12 0 0 0 12 0 0
EGAN00001576393 18 0 0 0 18 0 0
EGAN00001576415 18 0 0 0 18 0 0
EGAN00001576428 24 0 0 0 24 0 0
EGAN00001576431 16 0 0 0 16 0 0
EGAN00001576439 21 0 0 0 21 0 0
EGAN00001576442 13 0 0 0 13 0 0
EGAN00001576452 22 0 0 0 22 0 0
EGAN00001576459 13 0 0 0 13 0 0
EGAN00001576482 19 0 0 0 19 0 0
EGAN00001576490 25 0 0 0 25 0 0
EGAN00001576502 26 0 0 0 26 0 0
EGAN00001576514 21 0 0 0 21 0 0
EGAN00001576515 8 0 0 0 8 0 0
EGAN00001576553 29 0 0 0 29 0 0
EGAN00001576555 25 0 0 0 25 0 0
EGAN00001576558 17 0 0 0 17 0 0
EGAN00001576566 31 0 0 0 31 0 0
EGAN00001576575 19 0 0 0 19 0 0
EGAN00001576611 19 0 0 0 19 0 0
EGAN00001576639 12 0 0 0 12 0 0
EGAN00001576651 26 0 0 0 26 0 0
EGAN00001576682 18 0 0 0 18 0 0
EGAN00001576692 23 0 0 0 23 0 0
EGAN00001576705 12 0 0 0 12 0 0
EGAN00001576718 26 0 0 0 26 0 0
EGAN00001579169 21 0 0 0 21 0 0
EGAN00001579171 11 0 0 0 11 0 0
EGAN00001583153 42 0 0 0 42 0 0
EGAN00001583162 19 0 0 0 19 0 0
EGAN00001583163 20 0 0 0 20 0 0
EGAN00001583178 33 0 0 0 33 0 0
EGAN00001583180 20 0 0 0 20 0 0
EGAN00001583181 24 0 0 0 24 0 0
EGAN00001583193 23 0 0 0 23 0 0
EGAN00001583197 24 0 1 0 23 0 0
EGAN00001583205 17 0 0 0 17 0 0
EGAN00001583212 34 0 0 0 34 0 0
EGAN00001583219 35 0 0 0 35 0 0
EGAN00001583224 22 0 0 1 21 0 0
EGAN00001583226 20 0 0 0 20 0 0
EGAN00001583243 22 0 0 0 22 0 0
EGAN00001583244 11 0 0 1 10 0 0
EGAN00001583254 24 0 0 0 24 0 0
EGAN00001583261 22 0 0 0 22 0 0
EGAN00001583263 19 0 0 0 19 0 0
EGAN00001583265 19 0 0 0 19 0 0
EGAN00001583284 24 0 0 0 24 0 0
EGAN00001583286 26 0 0 0 26 0 0
EGAN00001583301 21 0 0 0 21 0 0
EGAN00001583306 17 0 0 0 17 0 0
EGAN00001583343 16 0 0 0 16 0 0
EGAN00001583345 27 0 0 0 27 0 0
EGAN00001583356 27 0 0 0 27 0 0
EGAN00001583369 23 0 0 0 23 0 0
EGAN00001583385 16 0 0 0 16 0 0
EGAN00001583389 19 0 0 0 19 0 0
EGAN00001583391 16 0 0 0 16 0 0
EGAN00001583392 23 0 0 0 23 0 0
EGAN00001583412 18 0 0 0 18 0 0
EGAN00001583457 18 0 0 0 18 0 0
EGAN00001583470 17 0 0 0 17 0 0
EGAN00001583494 11 0 0 0 11 0 0
EGAN00001583512 11 0 0 0 11 0 0
EGAN00001583541 19 0 0 0 19 0 0
EGAN00001583549 13 0 0 0 13 0 0
EGAN00001583560 15 0 0 0 15 0 0
EGAN00001583568 14 0 0 0 14 0 0
EGAN00001583572 19 0 0 0 19 0 0
EGAN00001583582 20 0 0 0 20 0 0
EGAN00001583601 35 0 0 0 34 1 0
EGAN00001583605 16 0 0 0 16 0 0
EGAN00001583609 18 0 0 0 18 0 0
EGAN00001583611 13 0 1 0 12 0 0
EGAN00001583640 19 0 0 0 19 0 0
EGAN00001583651 28 0 0 0 28 0 0
EGAN00001583686 14 0 0 0 14 0 0
EGAN00001583692 14 0 0 0 14 0 0
EGAN00001583724 16 0 0 0 16 0 0
EGAN00001583742 19 0 0 0 19 0 0
EGAN00001583765 26 0 0 0 26 0 0
EGAN00001583766 29 0 0 0 28 1 0
EGAN00001583772 20 0 0 0 20 0 0
EGAN00001583814 21 0 0 0 21 0 0
EGAN00001583825 25 0 0 0 25 0 0
EGAN00001583828 18 0 0 0 18 0 0
EGAN00001583831 27 0 0 0 27 0 0
EGAN00001583841 22 0 0 0 22 0 0
EGAN00001583853 17 0 0 0 17 0 0
EGAN00001583858 24 0 0 0 24 0 0
EGAN00001583868 19 0 0 1 18 0 0
EGAN00001583899 20 0 0 0 20 0 0
EGAN00001583921 15 0 0 0 15 0 0
EGAN00001583924 22 0 0 0 22 0 0
EGAN00001583925 18 0 0 0 18 0 0
EGAN00001583933 19 0 0 0 18 1 0
EGAN00001584036 18 0 0 0 18 0 0
EGAN00001584047 18 0 0 0 18 0 0
EGAN00001584049 19 0 0 0 19 0 0
EGAN00001584057 21 0 0 0 21 0 0
EGAN00001584062 22 0 0 0 22 0 0
EGAN00001584081 11 0 0 0 11 0 0
EGAN00001584088 20 0 0 0 20 0 0
EGAN00001584090 9 0 0 0 9 0 0
EGAN00001584093 21 0 0 0 21 0 0
EGAN00001584094 25 0 0 0 25 0 0
EGAN00001584105 12 0 0 0 12 0 0
EGAN00001584106 28 0 0 0 28 0 0
EGAN00001584115 24 0 0 0 24 0 0
EGAN00001584121 25 0 0 0 25 0 0
EGAN00001584137 25 0 0 0 25 0 0
EGAN00001584139 28 0 0 1 27 0 0
EGAN00001584140 20 0 0 0 20 0 0
EGAN00001584144 19 0 0 0 19 0 0
EGAN00001584198 16 0 0 0 16 0 0
EGAN00001584205 18 0 0 0 18 0 0
EGAN00001584210 20 0 0 0 20 0 0
EGAN00001584212 19 0 0 0 19 0 0
EGAN00001584219 28 0 0 0 28 0 0
EGAN00001584226 26 0 0 0 26 0 0
EGAN00001584245 21 0 0 0 21 0 0
EGAN00001584254 18 0 0 0 18 0 0
EGAN00001584279 20 0 0 0 20 0 0
EGAN00001584280 22 0 0 0 22 0 0
EGAN00001584292 19 0 0 0 19 0 0
EGAN00001584299 20 0 0 0 20 0 0
EGAN00001584334 15 0 0 0 15 0 0
EGAN00001584348 13 0 0 0 13 0 0
EGAN00001584355 18 0 0 0 18 0 0
EGAN00001584367 18 0 0 0 18 0 0
EGAN00001584368 17 0 0 0 17 0 0
EGAN00001584369 21 0 0 0 21 0 0
EGAN00001584374 25 0 0 1 24 0 0
EGAN00001584384 19 0 0 0 19 0 0
EGAN00001584389 31 0 0 0 31 0 0
EGAN00001584393 19 0 0 0 19 0 0
EGAN00001584404 19 0 0 0 19 0 0
EGAN00001584410 27 0 0 0 27 0 0
EGAN00001584419 13 0 0 0 13 0 0
EGAN00001584421 19 0 0 0 19 0 0
EGAN00001584426 16 0 0 0 16 0 0
EGAN00001584447 18 0 0 0 18 0 0
EGAN00001584469 33 0 0 0 33 0 0
EGAN00001584470 21 0 0 0 21 0 0
EGAN00001584475 26 0 0 0 26 0 0
EGAN00001584497 22 0 0 1 21 0 0
EGAN00001584525 20 0 0 0 20 0 0
EGAN00001584530 29 0 0 0 29 0 0
EGAN00001584531 18 0 0 0 17 1 0
EGAN00001584562 17 0 0 0 17 0 0
EGAN00001584578 23 0 0 0 23 0 0
EGAN00001584585 14 0 0 0 14 0 0
EGAN00001584587 20 0 0 0 20 0 0
EGAN00001584590 19 0 0 0 19 0 0
EGAN00001584594 25 0 0 0 25 0 0
EGAN00001584621 14 0 0 0 14 0 0
EGAN00001584662 20 0 0 0 20 0 0
EGAN00001584670 20 0 0 0 20 0 0
EGAN00001584681 23 0 0 0 23 0 0
EGAN00001584682 26 0 0 0 26 0 0
EGAN00001584686 20 0 0 0 19 1 0
EGAN00001584695 12 0 0 0 12 0 0
EGAN00001584701 17 0 0 0 17 0 0
EGAN00001584748 26 0 0 0 26 0 0
EGAN00001584752 23 0 0 0 23 0 0
EGAN00001584770 14 0 0 0 14 0 0
EGAN00001584776 21 0 0 0 21 0 0
EGAN00001584789 16 0 0 0 16 0 0
EGAN00001584799 14 0 0 1 12 1 0
EGAN00001584807 32 0 0 0 32 0 0
EGAN00001584818 19 0 0 0 19 0 0
EGAN00001584827 22 0 0 0 21 0 1
EGAN00001584831 15 0 0 0 15 0 0
EGAN00001584844 22 0 0 0 22 0 0
EGAN00001584856 18 0 0 0 18 0 0
EGAN00001584876 13 0 0 0 13 0 0
EGAN00001584878 27 0 0 0 27 0 0
EGAN00001584887 14 0 0 0 14 0 0
EGAN00001584890 17 0 0 0 17 0 0
EGAN00001584902 20 0 0 0 20 0 0
EGAN00001584908 10 0 0 0 10 0 0
EGAN00001584924 27 0 0 0 27 0 0
EGAN00001584927 14 0 1 0 13 0 0
EGAN00001584940 12 0 0 0 12 0 0
EGAN00001584952 14 0 0 0 14 0 0
EGAN00001584966 14 0 0 0 14 0 0
EGAN00001584970 14 0 0 0 14 0 0
EGAN00001584972 16 0 0 0 16 0 0
EGAN00001585037 17 0 0 0 17 0 0
EGAN00001585049 14 0 0 0 14 0 0
EGAN00001585062 18 0 0 0 18 0 0
EGAN00001585083 19 0 0 0 19 0 0
EGAN00001585105 27 0 0 0 27 0 0
EGAN00001585131 25 0 0 0 24 1 0
EGAN00001585136 14 0 0 0 14 0 0
EGAN00001585163 22 0 0 0 22 0 0
EGAN00001585167 19 0 0 0 19 0 0
EGAN00001585175 19 0 0 0 19 0 0
EGAN00001585178 19 0 0 0 19 0 0
EGAN00001585191 15 0 0 0 15 0 0
EGAN00001585193 22 0 0 0 22 0 0
EGAN00001585195 19 0 0 0 19 0 0
EGAN00001585197 25 0 0 0 25 0 0
EGAN00001585198 14 0 0 0 14 0 0
EGAN00001585202 17 0 0 0 17 0 0
EGAN00001585228 20 0 0 0 20 0 0
EGAN00001585231 28 0 0 0 28 0 0
EGAN00001585239 19 0 0 1 18 0 0
EGAN00001585244 14 0 0 0 14 0 0
EGAN00001585262 32 0 0 0 32 0 0
EGAN00001585265 28 0 0 1 27 0 0
EGAN00001585280 17 0 0 0 17 0 0
EGAN00001585318 14 0 0 0 13 1 0
EGAN00001585319 32 0 0 0 32 0 0
EGAN00001585322 25 0 0 0 25 0 0
EGAN00001585328 17 0 0 0 17 0 0
EGAN00001585331 24 0 0 0 24 0 0
EGAN00001585337 21 0 0 0 21 0 0
EGAN00001585349 24 0 0 0 24 0 0
EGAN00001585350 29 0 0 0 29 0 0
EGAN00001585368 17 0 0 0 17 0 0
EGAN00001585387 19 0 0 0 19 0 0
EGAN00001585388 27 0 0 0 27 0 0
EGAN00001585391 29 0 0 0 29 0 0
EGAN00001585393 15 0 0 0 15 0 0
EGAN00001585404 18 0 0 0 18 0 0
EGAN00001585423 30 0 0 0 30 0 0
EGAN00001585439 10 0 0 0 10 0 0
EGAN00001585440 20 0 0 0 20 0 0
EGAN00001585449 20 0 0 0 20 0 0
EGAN00001585462 26 0 0 0 26 0 0
EGAN00001585473 16 0 0 0 16 0 0
EGAN00001585477 23 0 0 0 23 0 0
EGAN00001585491 17 0 0 0 16 1 0
EGAN00001585505 21 0 0 1 20 0 0
EGAN00001585506 12 0 0 0 12 0 0
EGAN00001585507 21 0 0 0 21 0 0
EGAN00001585518 17 0 0 0 17 0 0
EGAN00001585529 20 0 0 0 20 0 0
EGAN00001585530 27 0 0 0 27 0 0
EGAN00001585536 17 0 0 0 17 0 0
EGAN00001585557 15 0 0 0 15 0 0
EGAN00001585560 15 0 0 0 15 0 0
EGAN00001585569 23 0 0 1 22 0 0
EGAN00001585604 19 0 0 0 19 0 0
EGAN00001585621 19 0 0 0 19 0 0
EGAN00001585625 17 0 0 0 17 0 0
EGAN00001585628 11 0 0 0 11 0 0
EGAN00001585629 13 0 0 0 13 0 0
EGAN00001585639 16 0 0 0 16 0 0
EGAN00001585649 28 0 0 0 28 0 0
EGAN00001585650 29 0 0 0 29 0 0
EGAN00001585657 18 0 0 0 18 0 0
EGAN00001585676 16 0 0 0 16 0 0
EGAN00001585681 11 0 0 0 11 0 0
EGAN00001585693 15 0 0 0 15 0 0
EGAN00001585705 20 0 0 0 20 0 0
EGAN00001585726 22 0 0 0 22 0 0
EGAN00001585735 20 0 0 0 20 0 0
EGAN00001585751 13 0 0 0 13 0 0
EGAN00001585755 21 0 0 0 21 0 0
EGAN00001585773 20 0 0 0 20 0 0
EGAN00001585802 9 0 0 0 9 0 0
EGAN00001585821 17 0 0 0 17 0 0
EGAN00001585822 21 0 0 0 21 0 0
EGAN00001585840 14 0 0 0 14 0 0
EGAN00001585842 27 0 0 0 27 0 0
EGAN00001585849 33 0 0 0 33 0 0
EGAN00001585852 15 0 0 0 15 0 0
EGAN00001585857 14 0 0 0 14 0 0
EGAN00001585870 21 0 0 0 21 0 0
EGAN00001585871 14 0 0 0 14 0 0
EGAN00001585884 13 0 0 0 13 0 0
EGAN00001585910 22 0 0 0 22 0 0
EGAN00001585946 18 0 0 0 18 0 0
EGAN00001585953 18 0 0 0 18 0 0
EGAN00001585980 19 0 0 0 19 0 0
EGAN00001585989 24 0 0 0 24 0 0
EGAN00001586004 21 0 0 0 21 0 0
EGAN00001586011 24 0 0 0 24 0 0
EGAN00001586036 14 0 0 0 14 0 0
EGAN00001586045 12 0 0 0 12 0 0
EGAN00001586049 20 0 0 0 20 0 0
EGAN00001586050 21 0 0 0 21 0 0
EGAN00001586055 20 0 0 0 20 0 0
EGAN00001586060 20 0 0 0 20 0 0
EGAN00001586066 18 0 0 0 18 0 0
EGAN00001586069 14 0 0 0 14 0 0
EGAN00001586081 16 0 0 0 16 0 0
EGAN00001586083 18 0 0 0 18 0 0
EGAN00001586104 16 0 0 0 16 0 0
EGAN00001586112 17 0 0 0 17 0 0
EGAN00001586117 12 0 1 0 11 0 0
EGAN00001586125 14 0 0 0 14 0 0
EGAN00001586148 13 0 0 0 13 0 0
EGAN00001586165 17 0 0 0 17 0 0
EGAN00001586175 24 0 0 0 24 0 0
EGAN00001586181 13 0 0 0 13 0 0
EGAN00001586191 19 0 0 0 19 0 0
EGAN00001586205 15 0 0 0 15 0 0
EGAN00001586206 17 0 0 0 17 0 0
EGAN00001599246 14 0 0 0 14 0 0
EGAN00001599251 14 0 0 0 14 0 0
EGAN00001599261 25 0 0 0 25 0 0
EGAN00001599262 11 0 0 0 11 0 0
EGAN00001599270 14 0 0 0 14 0 0
EGAN00001599275 21 0 0 0 21 0 0
EGAN00001599281 17 0 0 0 17 0 0
EGAN00001599290 24 0 0 0 24 0 0
EGAN00001599298 13 0 0 0 13 0 0
EGAN00001599353 25 0 0 0 25 0 0
EGAN00001599360 20 0 0 0 20 0 0
EGAN00001599375 25 0 0 0 25 0 0
EGAN00001599391 23 0 0 0 23 0 0
EGAN00001599393 15 0 0 0 15 0 0
EGAN00001599404 23 0 0 1 22 0 0
EGAN00001599406 18 0 0 0 18 0 0
EGAN00001599407 19 0 1 0 18 0 0
EGAN00001599410 16 0 0 0 16 0 0
EGAN00001599411 15 0 0 0 15 0 0
EGAN00001599421 11 0 0 0 11 0 0
EGAN00001599432 27 0 0 0 27 0 0
EGAN00001599445 19 0 0 0 19 0 0
EGAN00001599448 22 0 0 0 22 0 0
EGAN00001599449 24 0 0 0 24 0 0
EGAN00001599452 23 0 0 0 23 0 0
EGAN00001599455 13 0 0 0 13 0 0
EGAN00001599456 19 0 0 0 19 0 0
EGAN00001599457 20 0 0 0 20 0 0
EGAN00001599461 15 0 0 0 15 0 0
EGAN00001599480 13 0 0 0 13 0 0
EGAN00001599501 26 0 0 0 26 0 0
EGAN00001599506 16 0 0 0 16 0 0
EGAN00001599542 11 0 0 0 11 0 0
EGAN00001599555 19 0 0 0 19 0 0
EGAN00001599567 12 0 0 0 12 0 0
EGAN00001599576 17 0 0 0 17 0 0
EGAN00001599593 17 0 0 0 17 0 0
EGAN00001599599 20 0 0 0 20 0 0
EGAN00001599625 25 0 0 0 25 0 0
EGAN00001599637 128 0 0 0 128 0 0
EGAN00001599655 52 0 0 0 52 0 0
EGAN00001599686 16 0 0 0 16 0 0
EGAN00001599694 19 0 0 1 18 0 0
EGAN00001599696 22 0 0 0 22 0 0
EGAN00001599700 23 0 0 0 23 0 0
EGAN00001599703 17 0 0 0 17 0 0
EGAN00001599711 17 0 0 0 17 0 0
EGAN00001599722 11 0 0 0 11 0 0
EGAN00001599749 19 0 0 0 19 0 0
EGAN00001599760 20 0 0 0 20 0 0
EGAN00001599774 19 0 0 0 19 0 0
EGAN00001599777 20 0 0 0 20 0 0
EGAN00001599780 20 0 0 0 20 0 0
EGAN00001599802 19 0 0 0 19 0 0
EGAN00001599817 11 0 0 0 11 0 0
EGAN00001599825 18 0 1 0 17 0 0
EGAN00001599870 15 0 0 0 15 0 0
EGAN00001599876 12 0 0 1 11 0 0
EGAN00001599887 16 0 0 0 16 0 0
EGAN00001599896 15 0 0 0 15 0 0
EGAN00001599904 10 0 0 0 10 0 0
EGAN00001599915 13 0 0 0 13 0 0
EGAN00001599917 15 0 0 0 15 0 0
EGAN00001599932 31 0 0 0 31 0 0
EGAN00001671033 14 0 0 0 14 0 0
EGAN00001671807 26 0 0 0 26 0 0
EGAN00001671828 25 0 0 0 25 0 0
EGAN00001671840 26 0 0 0 26 0 0
EGAN00001671857 18 0 0 0 18 0 0
EGAN00001671875 22 0 0 0 22 0 0
EGAN00001671876 22 0 0 0 22 0 0
EGAN00001671878 29 0 0 0 29 0 0
EGAN00001671882 18 0 0 0 18 0 0
EGAN00001671919 18 0 0 0 18 0 0
EGAN00001671924 24 0 0 0 24 0 0
EGAN00001671928 43 0 0 1 42 0 0
EGAN00001671936 22 0 0 0 22 0 0
EGAN00001671948 12 0 0 0 12 0 0
EGAN00001671983 17 0 0 0 17 0 0
EGAN00001671999 28 0 0 0 28 0 0
EGAN00001672009 25 0 0 0 25 0 0
EGAN00001672013 21 0 0 0 21 0 0
EGAN00001672017 9 0 0 0 9 0 0
EGAN00001672025 20 0 0 0 20 0 0
EGAN00001672026 19 0 0 0 19 0 0
EGAN00001672054 36 0 0 0 36 0 0
EGAN00001672062 30 0 0 0 30 0 0
EGAN00001672074 21 0 0 0 21 0 0
EGAN00001672084 20 0 0 0 20 0 0
EGAN00001672093 30 0 0 0 30 0 0
EGAN00001672100 16 0 0 0 16 0 0
EGAN00001672104 24 0 0 0 23 1 0
EGAN00001672114 28 0 0 0 28 0 0
EGAN00001672116 19 0 0 0 19 0 0
EGAN00001672124 24 0 0 0 24 0 0
EGAN00001672126 18 0 0 0 18 0 0
EGAN00001672134 30 0 1 0 29 0 0
EGAN00001672147 24 0 0 0 24 0 0
EGAN00001672148 24 0 0 0 24 0 0
EGAN00001672152 22 0 0 0 22 0 0
EGAN00001672156 19 0 0 0 19 0 0
EGAN00001672161 13 0 0 0 13 0 0
EGAN00001672165 15 0 0 0 15 0 0
EGAN00001672169 22 0 0 0 22 0 0
EGAN00001672173 14 0 0 0 14 0 0
EGAN00001672178 21 0 0 0 21 0 0
EGAN00001672183 19 0 0 0 19 0 0
EGAN00001672190 19 0 0 0 19 0 0
EGAN00001672197 20 0 0 0 20 0 0
EGAN00001672210 22 0 0 0 22 0 0
EGAN00001672232 30 0 0 0 30 0 0
EGAN00001672243 19 0 0 0 19 0 0
EGAN00001672284 14 0 0 0 14 0 0
EGAN00001672288 15 0 0 0 15 0 0
EGAN00001672308 24 0 0 0 24 0 0
EGAN00001672316 24 0 0 0 24 0 0
EGAN00001672322 22 0 0 0 22 0 0
EGAN00001672330 19 0 0 1 18 0 0
EGAN00001672333 21 0 0 0 21 0 0
EGAN00001672334 17 0 0 0 17 0 0
EGAN00001672345 27 0 0 0 27 0 0
EGAN00001672354 26 0 0 0 26 0 0
EGAN00001672363 19 0 0 0 19 0 0
EGAN00001672376 30 0 0 0 30 0 0
EGAN00001672378 23 0 0 0 23 0 0
EGAN00001672383 63 0 0 0 63 0 0
EGAN00001672411 42 0 0 0 42 0 0
EGAN00001672428 18 0 0 0 18 0 0
EGAN00001672439 11 0 0 0 11 0 0
EGAN00001672452 17 0 0 0 17 0 0
EGAN00001672457 23 0 0 0 23 0 0
EGAN00001672462 29 0 0 0 29 0 0
EGAN00001672511 17 0 0 0 17 0 0
EGAN00001672536 16 0 0 0 16 0 0
EGAN00001672538 28 0 0 0 28 0 0
EGAN00001672542 21 0 0 0 21 0 0
EGAN00001672553 20 0 0 0 20 0 0
EGAN00001672554 21 0 0 0 21 0 0
EGAN00001672565 16 0 0 0 16 0 0
EGAN00001672572 10 0 0 0 10 0 0
EGAN00001672578 18 0 0 0 18 0 0
EGAN00001672580 17 0 0 0 17 0 0
EGAN00001672585 20 0 0 0 20 0 0
EGAN00001672593 23 0 0 0 23 0 0
EGAN00001672597 23 0 0 0 23 0 0
EGAN00001672601 21 0 0 0 21 0 0
EGAN00001672631 27 0 0 0 27 0 0
EGAN00001672646 24 0 0 0 24 0 0
EGAN00001672651 27 0 0 0 27 0 0
EGAN00001672675 24 0 0 0 24 0 0
EGAN00001672687 17 0 0 0 17 0 0
EGAN00001672714 30 0 0 0 30 0 0
EGAN00001672719 28 0 0 0 28 0 0
EGAN00001672736 21 0 0 0 21 0 0
EGAN00001672744 26 0 0 0 26 0 0
EGAN00001672745 21 0 0 0 21 0 0
EGAN00001672751 19 0 0 0 19 0 0
EGAN00001672763 18 0 0 0 18 0 0
EGAN00001672783 27 0 0 0 27 0 0
EGAN00001672790 27 0 0 0 27 0 0
EGAN00001672794 33 0 0 0 33 0 0
EGAN00001672797 19 0 0 0 19 0 0
EGAN00001672813 24 0 0 0 24 0 0
EGAN00001672820 24 0 0 0 24 0 0
EGAN00001672833 28 0 0 0 28 0 0
EGAN00001672839 33 0 0 0 33 0 0
EGAN00001672848 15 0 0 0 15 0 0
EGAN00001672870 39 0 0 0 39 0 0
EGAN00001672873 19 0 0 0 19 0 0
EGAN00001672877 25 0 0 0 25 0 0
EGAN00001672886 29 0 0 0 29 0 0
EGAN00001672896 18 0 0 0 18 0 0
EGAN00001672914 24 0 0 1 23 0 0
EGAN00001672923 22 0 0 0 22 0 0
EGAN00001672926 16 0 0 0 16 0 0
EGAN00001672930 23 0 0 0 23 0 0
EGAN00001672933 26 0 0 0 26 0 0
EGAN00001672940 26 0 0 0 26 0 0
EGAN00001672947 27 0 0 0 27 0 0
EGAN00001672969 21 0 0 0 21 0 0
EGAN00001672988 16 0 0 0 16 0 0
EGAN00001673014 26 0 0 0 26 0 0
EGAN00001673075 23 0 0 0 23 0 0
EGAN00001673103 37 0 0 0 37 0 0
EGAN00001673106 30 0 0 0 30 0 0
EGAN00001673115 16 0 0 0 16 0 0
EGAN00001673116 15 0 0 0 15 0 0
EGAN00001673128 20 0 0 0 20 0 0
EGAN00001673142 32 0 0 0 32 0 0
EGAN00001673167 17 0 0 0 17 0 0
EGAN00001673209 26 0 0 0 26 0 0
EGAN00001673245 19 0 0 0 19 0 0
EGAN00001673252 27 0 0 0 27 0 0
EGAN00001673257 21 0 0 0 21 0 0
EGAN00001673263 22 0 0 0 22 0 0
EGAN00001673285 19 0 0 0 19 0 0
EGAN00001673292 17 0 0 0 17 0 0
EGAN00001673302 16 0 0 0 16 0 0
EGAN00001673321 27 0 0 0 27 0 0
EGAN00001673329 34 0 0 0 34 0 0
EGAN00001673335 16 0 0 0 16 0 0
EGAN00001673347 13 0 0 0 13 0 0
EGAN00001673371 23 0 0 0 23 0 0
EGAN00001673418 21 0 0 0 21 0 0
EGAN00001673422 22 0 0 0 22 0 0
EGAN00001673446 21 0 0 0 21 0 0
EGAN00001673458 25 0 0 0 25 0 0
EGAN00001673521 20 0 0 0 20 0 0
EGAN00001673523 22 0 0 0 22 0 0
EGAN00001673532 19 0 0 0 19 0 0
EGAN00001673562 17 0 0 0 17 0 0
EGAN00001673578 18 0 0 0 18 0 0
EGAN00001673580 30 0 0 0 30 0 0
EGAN00001673583 28 0 0 0 28 0 0
EGAN00001673597 12 0 0 0 12 0 0
EGAN00001673607 22 0 0 0 22 0 0
EGAN00001673611 30 0 0 1 29 0 0
EGAN00001673632 24 0 0 0 24 0 0
EGAN00001673637 15 0 0 0 15 0 0
EGAN00001673670 21 0 0 0 21 0 0
EGAN00001673677 15 0 0 0 15 0 0
EGAN00001673693 14 0 0 0 14 0 0
EGAN00001673700 26 0 0 0 25 1 0
EGAN00001673727 22 0 0 0 22 0 0
EGAN00001673751 12 0 0 0 12 0 0
EGAN00001673782 25 0 0 0 25 0 0
EGAN00001673804 25 0 0 0 25 0 0
EGAN00001673810 32 0 0 0 32 0 0
EGAN00001730343 16 0 0 0 16 0 0
EGAN00001730397 20 0 1 0 19 0 0
EGAN00001730410 26 0 0 0 26 0 0
EGAN00001730434 18 0 0 0 18 0 0
EGAN00001730447 21 0 0 0 21 0 0
EGAN00001730450 26 0 0 0 26 0 0
EGAN00001730455 16 0 0 0 16 0 0
EGAN00001730460 30 0 0 0 30 0 0
EGAN00001730488 13 0 0 0 13 0 0
EGAN00001730502 33 0 0 0 33 0 0
EGAN00001730503 24 0 0 0 24 0 0
EGAN00001730521 23 0 0 0 23 0 0
EGAN00001730523 24 0 0 0 24 0 0
EGAN00001730529 20 0 0 0 20 0 0
EGAN00001740624 23 0 0 0 23 0 0
EGAN00001740630 9 0 0 0 9 0 0
EGAN00001740633 18 0 0 0 18 0 0
EGAN00001740634 22 0 0 0 22 0 0
EGAN00001740641 30 0 0 0 29 1 0
EGAN00001740654 25 0 0 0 25 0 0
EGAN00001740657 12 0 0 0 12 0 0
EGAN00001740658 16 0 0 0 16 0 0
EGAN00001740673 16 0 0 0 16 0 0
EGAN00001740680 18 0 0 0 18 0 0
EGAN00001740686 14 0 0 0 14 0 0
EGAN00001740691 18 0 0 0 18 0 0
EGAN00001740692 15 0 0 0 15 0 0
EGAN00001740695 9 0 0 0 9 0 0
EGAN00001740700 12 0 0 0 12 0 0
EGAN00001740704 12 0 0 0 12 0 0
EGAN00001740742 9 0 0 0 9 0 0
EGAN00001740752 21 0 0 0 21 0 0
EGAN00001740772 18 0 0 0 18 0 0
EGAN00001740774 23 0 0 0 23 0 0
EGAN00001740796 14 0 0 0 14 0 0
EGAN00001740797 12 0 0 0 12 0 0
EGAN00001740802 16 0 0 0 16 0 0
EGAN00001740806 25 0 0 0 25 0 0
EGAN00001740827 13 0 0 0 13 0 0
EGAN00001740848 13 0 0 0 13 0 0
EGAN00001740858 18 0 0 0 18 0 0
EGAN00001740884 28 0 0 0 28 0 0
EGAN00001740885 16 0 0 0 16 0 0
EGAN00001740904 18 0 0 0 18 0 0
EGAN00001740906 10 0 0 0 10 0 0
EGAN00001740907 21 0 0 0 21 0 0
EGAN00001740918 15 0 0 0 15 0 0
EGAN00001740921 13 0 0 0 13 0 0
EGAN00001740927 17 0 0 0 17 0 0
EGAN00001740932 12 0 0 0 12 0 0
EGAN00001740944 29 0 0 0 29 0 0
EGAN00001740955 15 0 0 0 15 0 0
EGAN00001740957 28 0 0 0 28 0 0
EGAN00001740967 21 0 0 0 21 0 0
EGAN00001740970 17 0 0 0 17 0 0
EGAN00001740973 15 0 0 0 15 0 0
EGAN00001740978 12 0 0 0 12 0 0
EGAN00001740988 25 0 0 0 25 0 0
EGAN00001741035 12 0 0 0 12 0 0
EGAN00001741056 22 0 0 0 22 0 0
EGAN00001741057 21 0 0 0 21 0 0
EGAN00001741066 17 0 0 0 17 0 0
EGAN00001741073 16 0 0 0 16 0 0
EGAN00001741075 23 0 0 0 23 0 0
EGAN00001741087 22 0 0 0 22 0 0
EGAN00001741090 13 0 0 0 13 0 0
EGAN00001741093 26 0 0 0 26 0 0
EGAN00001741099 15 0 0 0 15 0 0
EGAN00001741107 27 0 0 0 27 0 0
EGAN00001741120 26 0 0 0 26 0 0
EGAN00001741122 24 0 0 0 24 0 0
EGAN00001741140 16 0 0 0 16 0 0
EGAN00001741150 22 0 0 0 22 0 0
EGAN00001741154 29 0 0 0 29 0 0
EGAN00001797988 22 0 0 0 22 0 0
EGAN00001797994 24 0 0 0 24 0 0
EGAN00001797996 14 0 0 0 14 0 0
EGAN00001798007 37 0 0 1 36 0 0
EGAN00001798008 38 0 0 0 38 0 0
EGAN00001798021 12 0 0 0 12 0 0
EGAN00001798030 24 0 0 0 24 0 0
EGAN00001798074 19 0 0 0 19 0 0
EGAN00001798091 26 0 0 0 26 0 0
EGAN00001798092 12 0 0 0 12 0 0
EGAN00001798104 15 0 0 0 15 0 0
EGAN00001798154 15 0 0 0 15 0 0
EGAN00001798162 24 0 0 0 24 0 0
EGAN00001798177 21 0 0 0 21 0 0
EGAN00001798191 26 0 0 0 26 0 0
EGAN00001798203 12 0 0 0 12 0 0
EGAN00001798255 28 0 0 0 27 1 0
EGAN00001798262 18 0 0 0 18 0 0
EGAN00001798269 24 0 0 0 24 0 0
EGAN00001798282 19 0 0 0 19 0 0
EGAN00001798285 31 0 0 0 31 0 0
EGAN00001798300 29 0 0 0 29 0 0
EGAN00001798317 23 0 0 0 23 0 0
EGAN00001798327 19 0 0 0 19 0 0
EGAN00001798330 14 0 0 0 14 0 0
EGAN00001798339 18 0 0 0 18 0 0
EGAN00001798342 15 0 0 0 15 0 0
EGAN00001798347 17 0 0 0 17 0 0
EGAN00001798348 14 0 0 0 14 0 0
EGAN00001798351 12 0 0 0 12 0 0
EGAN00001798359 7 0 0 0 7 0 0
EGAN00001798360 19 0 0 0 19 0 0
EGAN00001798367 23 0 0 1 22 0 0
EGAN00001798381 26 0 0 0 26 0 0
EGAN00001798382 14 0 0 0 14 0 0
EGAN00001798397 26 0 0 0 26 0 0
EGAN00001798404 25 0 0 0 25 0 0
EGAN00001798412 36 0 0 0 36 0 0
EGAN00001798435 6 0 0 0 6 0 0
EGAN00001798443 21 0 0 0 21 0 0
EGAN00001798445 27 0 0 0 27 0 0
EGAN00001798453 22 0 0 0 22 0 0
EGAN00001798480 32 0 0 0 32 0 0
EGAN00001798482 17 0 0 0 17 0 0
EGAN00001798483 13 0 0 0 13 0 0
EGAN00001798484 11 0 0 0 11 0 0
EGAN00001798492 13 0 0 0 13 0 0
EGAN00001798495 18 0 0 0 18 0 0
EGAN00001798498 19 0 0 0 19 0 0
EGAN00001798506 16 0 0 0 16 0 0
EGAN00001798511 10 0 0 0 10 0 0
EGAN00001798521 16 0 0 0 15 0 1
EGAN00001798534 22 0 0 1 21 0 0
EGAN00001798550 20 0 0 0 20 0 0
EGAN00001798551 21 0 0 0 21 0 0
EGAN00001798564 19 0 0 0 19 0 0
EGAN00001798565 35 0 0 0 35 0 0
EGAN00001798570 17 0 0 1 16 0 0
EGAN00001798574 20 0 0 0 20 0 0
EGAN00001798607 24 0 0 0 24 0 0
EGAN00001798625 26 0 0 0 25 1 0
EGAN00001798626 25 0 0 0 25 0 0
EGAN00001798632 18 0 0 0 18 0 0
EGAN00001798647 16 0 0 0 16 0 0
EGAN00001798653 23 0 0 0 23 0 0
EGAN00001798666 25 0 0 0 25 0 0
EGAN00001798669 34 0 0 0 34 0 0
EGAN00001798695 30 0 0 0 30 0 0
EGAN00001798708 30 0 0 0 30 0 0
EGAN00001830726 22 0 0 0 22 0 0
EGAN00001830730 8 0 0 0 8 0 0
EGAN00001830735 20 0 0 0 20 0 0
EGAN00001830736 16 0 0 0 16 0 0
EGAN00001830748 16 0 0 0 16 0 0
EGAN00001830757 19 0 0 0 19 0 0
EGAN00001830766 15 0 0 0 15 0 0
EGAN00001830784 18 0 0 0 18 0 0
EGAN00001830804 14 0 0 1 13 0 0
EGAN00001830806 21 0 0 0 21 0 0
EGAN00001830813 20 0 0 0 20 0 0
EGAN00001830822 13 0 0 0 13 0 0
EGAN00001830825 17 0 0 0 17 0 0
EGAN00001830830 10 0 0 0 10 0 0
EGAN00001830831 14 0 0 0 14 0 0
EGAN00001830836 14 0 0 0 14 0 0
EGAN00001830837 15 0 0 0 15 0 0
EGAN00001830839 20 0 0 0 20 0 0
EGAN00001830844 12 0 0 0 12 0 0
EGAN00001830849 18 0 0 0 18 0 0
EGAN00001830870 17 0 0 1 16 0 0
EGAN00001830878 31 0 0 0 31 0 0
EGAN00001830880 12 0 0 0 12 0 0
EGAN00001830882 18 0 0 0 18 0 0
EGAN00001830889 8 0 0 0 8 0 0
EGAN00001830896 21 0 0 0 21 0 0
EGAN00001830921 11 0 0 0 11 0 0
EGAN00001830930 18 0 0 0 18 0 0
EGAN00001830942 20 0 0 0 20 0 0
EGAN00001830943 22 0 0 0 22 0 0
EGAN00001830956 21 0 0 0 21 0 0
EGAN00001830959 25 0 0 0 25 0 0
