Sample Depth = A C G T N
EGAN00001008152 21 0 0 21 0 0 0
EGAN00001008240 26 0 0 26 0 0 0
EGAN00001008480 34 0 0 34 0 0 0
EGAN00001021279 14 0 0 14 0 0 0
EGAN00001021287 28 0 0 28 0 0 0
EGAN00001021349 15 0 0 15 0 0 0
EGAN00001021460 44 0 0 44 0 0 0
EGAN00001021482 23 0 0 23 0 0 0
EGAN00001021497 15 0 0 15 0 0 0
EGAN00001021529 18 0 0 18 0 0 0
EGAN00001021566 10 0 0 10 0 0 0
EGAN00001021591 26 0 0 25 1 0 0
EGAN00001021602 15 0 0 15 0 0 0
EGAN00001021616 20 0 0 19 1 0 0
EGAN00001021618 31 0 0 31 0 0 0
EGAN00001021722 17 0 0 17 0 0 0
EGAN00001021724 25 0 0 25 0 0 0
EGAN00001021747 14 0 0 14 0 0 0
EGAN00001021767 18 0 0 18 0 0 0
EGAN00001021773 25 0 0 25 0 0 0
EGAN00001021774 23 0 0 23 0 0 0
EGAN00001021779 12 0 0 11 0 1 0
EGAN00001021807 12 0 0 12 0 0 0
EGAN00001021818 17 0 0 17 0 0 0
EGAN00001021838 16 0 0 16 0 0 0
EGAN00001021842 13 0 0 13 0 0 0
EGAN00001021852 13 0 0 13 0 0 0
EGAN00001021861 20 0 0 20 0 0 0
EGAN00001021877 15 0 0 15 0 0 0
EGAN00001021992 19 0 0 19 0 0 0
EGAN00001021995 20 0 0 20 0 0 0
EGAN00001022009 30 0 1 29 0 0 0
EGAN00001022024 12 0 0 12 0 0 0
EGAN00001022028 28 0 1 27 0 0 0
EGAN00001022070 19 0 0 19 0 0 0
EGAN00001022071 17 0 0 17 0 0 0
EGAN00001022073 17 0 0 17 0 0 0
EGAN00001022269 26 0 0 26 0 0 0
EGAN00001022287 18 0 0 18 0 0 0
EGAN00001022694 17 0 0 17 0 0 0
EGAN00001022728 20 0 0 20 0 0 0
EGAN00001022747 17 0 0 17 0 0 0
EGAN00001022776 14 0 0 14 0 0 0
EGAN00001022786 17 0 0 17 0 0 0
EGAN00001022788 21 0 0 21 0 0 0
EGAN00001022798 18 0 0 18 0 0 0
EGAN00001022907 6 0 0 6 0 0 0
EGAN00001022925 16 0 0 16 0 0 0
EGAN00001022928 11 0 0 11 0 0 0
EGAN00001022933 13 0 0 13 0 0 0
EGAN00001022944 12 0 0 12 0 0 0
EGAN00001022965 17 0 0 17 0 0 0
EGAN00001022970 5 0 0 5 0 0 0
EGAN00001022976 17 0 0 17 0 0 0
EGAN00001022977 14 0 0 14 0 0 0
EGAN00001022985 21 0 0 21 0 0 0
EGAN00001022994 18 0 0 18 0 0 0
EGAN00001022999 17 0 0 17 0 0 0
EGAN00001023013 11 0 0 11 0 0 0
EGAN00001023048 18 0 0 18 0 0 0
EGAN00001023052 15 0 0 15 0 0 0
EGAN00001023062 12 0 0 12 0 0 0
EGAN00001023065 23 0 0 23 0 0 0
EGAN00001023090 14 0 0 14 0 0 0
EGAN00001023109 19 0 0 19 0 0 0
EGAN00001023113 8 0 0 8 0 0 0
EGAN00001023144 16 0 0 16 0 0 0
EGAN00001023149 13 0 0 13 0 0 0
EGAN00001023165 10 0 0 10 0 0 0
EGAN00001023440 20 0 1 19 0 0 0
EGAN00001023443 13 0 0 12 1 0 0
EGAN00001023451 13 0 0 13 0 0 0
EGAN00001023536 20 0 0 20 0 0 0
EGAN00001024052 17 0 0 17 0 0 0
EGAN00001024169 15 0 0 15 0 0 0
EGAN00001024175 24 0 0 24 0 0 0
EGAN00001024242 24 0 0 24 0 0 0
EGAN00001024268 27 0 0 27 0 0 0
EGAN00001024339 19 0 0 19 0 0 0
EGAN00001025821 17 0 0 17 0 0 0
EGAN00001025877 25 0 0 25 0 0 0
EGAN00001026203 23 0 0 23 0 0 0
EGAN00001026429 26 0 0 26 0 0 0
EGAN00001026576 24 0 0 23 1 0 0
EGAN00001026589 18 0 0 17 1 0 0
EGAN00001026598 20 0 0 20 0 0 0
EGAN00001026629 26 0 0 26 0 0 0
EGAN00001026694 16 0 0 16 0 0 0
EGAN00001026814 14 0 1 13 0 0 0
EGAN00001027202 22 0 0 22 0 0 0
EGAN00001027204 16 0 0 16 0 0 0
EGAN00001027205 16 0 0 16 0 0 0
EGAN00001027212 25 0 0 25 0 0 0
EGAN00001027340 31 0 0 31 0 0 0
EGAN00001027395 19 0 0 19 0 0 0
EGAN00001027418 17 0 0 17 0 0 0
EGAN00001027453 25 0 0 25 0 0 0
EGAN00001027462 17 0 0 17 0 0 0
EGAN00001027463 22 0 0 22 0 0 0
EGAN00001027475 24 0 0 24 0 0 0
EGAN00001027505 18 0 0 18 0 0 0
EGAN00001027540 9 0 0 9 0 0 0
EGAN00001073920 11 0 0 11 0 0 0
EGAN00001073921 11 0 0 11 0 0 0
EGAN00001073922 16 0 0 16 0 0 0
EGAN00001074781 17 0 0 17 0 0 0
EGAN00001074834 25 0 0 25 0 0 0
EGAN00001074854 18 0 0 18 0 0 0
EGAN00001074864 23 0 0 22 1 0 0
EGAN00001074869 26 0 0 26 0 0 0
EGAN00001074873 17 0 0 17 0 0 0
EGAN00001074875 14 0 0 14 0 0 0
EGAN00001079317 12 0 0 12 0 0 0
EGAN00001079328 20 0 0 20 0 0 0
EGAN00001079401 23 0 0 23 0 0 0
EGAN00001079414 20 0 0 20 0 0 0
EGAN00001079479 18 0 0 18 0 0 0
EGAN00001079481 30 0 0 30 0 0 0
EGAN00001079505 19 0 0 19 0 0 0
EGAN00001079506 22 0 0 22 0 0 0
EGAN00001079561 15 0 0 15 0 0 0
EGAN00001079572 18 0 0 18 0 0 0
EGAN00001079662 21 0 0 21 0 0 0
EGAN00001079666 24 0 0 24 0 0 0
EGAN00001079696 20 0 1 19 0 0 0
EGAN00001079780 10 0 0 10 0 0 0
EGAN00001080216 16 0 0 16 0 0 0
EGAN00001080226 21 0 0 21 0 0 0
EGAN00001240157 17 0 0 17 0 0 0
EGAN00001240272 11 0 0 11 0 0 0
EGAN00001240612 16 0 0 16 0 0 0
EGAN00001240628 18 0 0 18 0 0 0
EGAN00001240764 32 0 0 32 0 0 0
EGAN00001240779 21 0 0 21 0 0 0
EGAN00001240905 18 0 0 18 0 0 0
EGAN00001241156 20 0 0 20 0 0 0
EGAN00001241214 26 0 0 26 0 0 0
EGAN00001241247 22 0 0 22 0 0 0
EGAN00001241334 17 0 0 17 0 0 0
EGAN00001241394 28 0 0 28 0 0 0
EGAN00001241506 18 0 0 18 0 0 0
EGAN00001241817 26 0 0 26 0 0 0
EGAN00001241861 24 0 0 24 0 0 0
EGAN00001241906 22 0 0 22 0 0 0
EGAN00001241963 26 0 0 26 0 0 0
EGAN00001241982 17 0 0 17 0 0 0
EGAN00001242082 19 0 0 19 0 0 0
EGAN00001242253 14 0 0 14 0 0 0
EGAN00001242280 21 0 0 21 0 0 0
EGAN00001242309 15 0 0 15 0 0 0
EGAN00001242516 26 0 0 26 0 0 0
EGAN00001242562 15 0 0 15 0 0 0
EGAN00001242628 19 0 0 19 0 0 0
EGAN00001242652 14 0 0 14 0 0 0
EGAN00001242720 22 0 0 22 0 0 0
EGAN00001242723 15 0 0 15 0 0 0
EGAN00001242952 14 0 0 14 0 0 0
EGAN00001243036 13 0 0 13 0 0 0
EGAN00001243053 26 0 0 26 0 0 0
EGAN00001243054 31 0 0 31 0 0 0
EGAN00001243109 25 0 0 25 0 0 0
EGAN00001243140 21 0 0 21 0 0 0
EGAN00001243144 16 0 0 16 0 0 0
EGAN00001243226 19 0 0 19 0 0 0
EGAN00001243294 21 0 0 21 0 0 0
EGAN00001243323 24 0 0 24 0 0 0
EGAN00001243343 21 0 0 21 0 0 0
EGAN00001243402 16 0 0 16 0 0 0
EGAN00001243503 12 0 0 12 0 0 0
EGAN00001243681 14 0 0 14 0 0 0
EGAN00001243731 27 0 0 26 0 1 0
EGAN00001243755 32 0 0 32 0 0 0
EGAN00001243780 15 0 0 15 0 0 0
EGAN00001243786 16 0 0 16 0 0 0
EGAN00001243946 30 0 0 30 0 0 0
EGAN00001244068 17 0 0 17 0 0 0
EGAN00001244108 18 0 0 18 0 0 0
EGAN00001244157 24 0 0 24 0 0 0
EGAN00001244308 18 0 0 18 0 0 0
EGAN00001244475 22 0 0 22 0 0 0
EGAN00001244572 23 0 0 23 0 0 0
EGAN00001244592 20 0 0 20 0 0 0
EGAN00001244659 20 0 0 20 0 0 0
EGAN00001244730 25 0 0 25 0 0 0
EGAN00001244763 19 0 0 19 0 0 0
EGAN00001244776 16 0 0 16 0 0 0
EGAN00001245103 13 0 0 13 0 0 0
EGAN00001245122 25 0 0 25 0 0 0
EGAN00001245134 19 0 0 19 0 0 0
EGAN00001245179 14 0 0 14 0 0 0
EGAN00001245323 19 0 0 19 0 0 0
EGAN00001245434 16 0 0 16 0 0 0
EGAN00001245840 21 0 0 21 0 0 0
EGAN00001246009 25 0 0 25 0 0 0
EGAN00001246021 18 0 0 18 0 0 0
EGAN00001246023 20 0 0 20 0 0 0
EGAN00001246063 20 0 0 20 0 0 0
EGAN00001246077 29 0 0 29 0 0 0
EGAN00001246246 18 0 0 18 0 0 0
EGAN00001246783 10 0 0 10 0 0 0
EGAN00001247049 19 0 0 19 0 0 0
EGAN00001247152 8 0 0 8 0 0 0
EGAN00001247246 20 0 0 20 0 0 0
EGAN00001247313 19 0 0 19 0 0 0
EGAN00001247500 20 0 0 20 0 0 0
EGAN00001247568 11 0 0 11 0 0 0
EGAN00001247658 21 0 0 21 0 0 0
EGAN00001247674 20 0 0 20 0 0 0
EGAN00001247681 22 0 0 22 0 0 0
EGAN00001267728 21 0 0 21 0 0 0
EGAN00001267991 15 0 0 15 0 0 0
EGAN00001277294 23 0 0 23 0 0 0
EGAN00001277295 22 0 0 22 0 0 0
EGAN00001385049 23 0 0 22 1 0 0
EGAN00001385050 22 0 0 22 0 0 0
EGAN00001385053 13 0 0 13 0 0 0
EGAN00001385060 20 0 0 20 0 0 0
EGAN00001385062 15 0 0 15 0 0 0
EGAN00001385083 14 0 0 14 0 0 0
EGAN00001385135 19 0 0 19 0 0 0
EGAN00001385146 28 0 0 28 0 0 0
EGAN00001385155 19 0 0 19 0 0 0
EGAN00001385160 23 0 0 23 0 0 0
EGAN00001385169 28 0 0 28 0 0 0
EGAN00001385173 16 0 0 16 0 0 0
EGAN00001385177 22 0 0 22 0 0 0
EGAN00001385180 14 0 0 14 0 0 0
EGAN00001385182 27 0 0 27 0 0 0
EGAN00001385184 21 0 0 21 0 0 0
EGAN00001385193 19 0 0 19 0 0 0
EGAN00001385212 14 0 0 14 0 0 0
EGAN00001385222 11 0 0 11 0 0 0
EGAN00001385223 16 0 1 15 0 0 0
EGAN00001385232 28 0 0 28 0 0 0
EGAN00001385237 19 0 0 19 0 0 0
EGAN00001385246 21 0 0 21 0 0 0
EGAN00001385268 21 0 0 21 0 0 0
EGAN00001385280 17 0 0 17 0 0 0
EGAN00001385284 17 0 0 17 0 0 0
EGAN00001385305 23 0 0 23 0 0 0
EGAN00001385313 19 0 0 19 0 0 0
EGAN00001385352 26 0 0 26 0 0 0
EGAN00001385361 19 0 0 19 0 0 0
EGAN00001385393 15 0 0 15 0 0 0
EGAN00001385395 14 0 0 14 0 0 0
EGAN00001385442 24 0 0 24 0 0 0
EGAN00001385443 27 0 0 27 0 0 0
EGAN00001385444 20 0 0 20 0 0 0
EGAN00001385447 11 0 0 11 0 0 0
EGAN00001385448 20 0 0 20 0 0 0
EGAN00001385449 26 0 0 26 0 0 0
EGAN00001385467 13 0 0 13 0 0 0
EGAN00001385469 22 0 0 22 0 0 0
EGAN00001385479 15 0 0 15 0 0 0
EGAN00001385496 12 0 0 12 0 0 0
EGAN00001385516 16 0 0 16 0 0 0
EGAN00001385522 28 0 0 28 0 0 0
EGAN00001385535 23 0 0 23 0 0 0
EGAN00001385539 14 0 0 14 0 0 0
EGAN00001385550 15 0 0 15 0 0 0
EGAN00001385578 19 0 0 19 0 0 0
EGAN00001385611 18 0 0 18 0 0 0
EGAN00001385616 15 0 0 14 1 0 0
EGAN00001385617 17 0 0 17 0 0 0
EGAN00001385627 24 0 0 24 0 0 0
EGAN00001385651 27 0 0 27 0 0 0
EGAN00001385655 14 0 0 14 0 0 0
EGAN00001385657 26 0 0 25 1 0 0
EGAN00001385673 19 0 0 19 0 0 0
EGAN00001385678 22 0 0 22 0 0 0
EGAN00001385688 14 0 0 14 0 0 0
EGAN00001385695 24 0 0 24 0 0 0
EGAN00001385699 19 0 0 19 0 0 0
EGAN00001385709 17 0 0 17 0 0 0
EGAN00001385738 14 0 0 14 0 0 0
EGAN00001385744 17 0 0 17 0 0 0
EGAN00001385746 29 0 0 29 0 0 0
EGAN00001385749 14 0 0 14 0 0 0
EGAN00001385752 16 0 0 16 0 0 0
EGAN00001385756 13 0 0 13 0 0 0
EGAN00001385760 16 0 0 16 0 0 0
EGAN00001385768 35 0 0 35 0 0 0
EGAN00001403187 22 0 0 22 0 0 0
EGAN00001403699 22 0 0 22 0 0 0
EGAN00001403701 15 0 0 15 0 0 0
EGAN00001403713 11 0 0 11 0 0 0
EGAN00001403722 7 0 0 7 0 0 0
EGAN00001403725 19 0 1 18 0 0 0
EGAN00001403739 25 0 0 25 0 0 0
EGAN00001403743 23 0 0 23 0 0 0
EGAN00001403756 12 0 0 12 0 0 0
EGAN00001403757 12 0 0 12 0 0 0
EGAN00001403763 9 0 0 9 0 0 0
EGAN00001403785 19 0 0 18 1 0 0
EGAN00001403786 12 0 0 11 1 0 0
EGAN00001403795 20 0 0 20 0 0 0
EGAN00001403805 18 0 0 18 0 0 0
EGAN00001403812 13 0 0 13 0 0 0
EGAN00001403819 16 0 0 16 0 0 0
EGAN00001403823 18 0 0 18 0 0 0
EGAN00001403825 18 0 0 17 1 0 0
EGAN00001403838 18 0 0 18 0 0 0
EGAN00001403845 18 0 0 18 0 0 0
EGAN00001403870 17 0 0 17 0 0 0
EGAN00001403873 8 0 0 8 0 0 0
EGAN00001403874 22 0 0 22 0 0 0
EGAN00001403892 17 0 0 17 0 0 0
EGAN00001403903 13 0 0 13 0 0 0
EGAN00001403909 23 0 0 23 0 0 0
EGAN00001403920 17 0 0 17 0 0 0
EGAN00001403930 16 0 0 16 0 0 0
EGAN00001403933 21 0 0 21 0 0 0
EGAN00001403939 13 0 0 13 0 0 0
EGAN00001403943 16 0 0 16 0 0 0
EGAN00001403953 26 0 0 26 0 0 0
EGAN00001403963 29 0 0 29 0 0 0
EGAN00001403980 11 0 0 11 0 0 0
EGAN00001403981 14 0 0 14 0 0 0
EGAN00001403994 21 0 0 21 0 0 0
EGAN00001404034 13 0 0 13 0 0 0
EGAN00001404044 10 0 0 10 0 0 0
EGAN00001404050 28 0 0 28 0 0 0
EGAN00001404075 20 0 0 20 0 0 0
EGAN00001404090 17 0 0 16 1 0 0
EGAN00001404108 22 0 0 22 0 0 0
EGAN00001404119 12 0 0 12 0 0 0
EGAN00001404147 19 0 0 19 0 0 0
EGAN00001404151 14 0 0 14 0 0 0
EGAN00001404154 12 0 0 12 0 0 0
EGAN00001404484 19 0 0 19 0 0 0
EGAN00001439009 18 0 0 18 0 0 0
EGAN00001439015 19 0 0 19 0 0 0
EGAN00001439114 10 0 0 10 0 0 0
EGAN00001439126 14 0 0 14 0 0 0
EGAN00001439127 15 0 0 15 0 0 0
EGAN00001439130 15 0 0 14 1 0 0
EGAN00001439141 24 0 0 24 0 0 0
EGAN00001439154 20 0 0 20 0 0 0
EGAN00001439168 15 0 0 15 0 0 0
EGAN00001439176 14 0 0 14 0 0 0
EGAN00001439191 20 0 0 20 0 0 0
EGAN00001439204 25 0 0 25 0 0 0
EGAN00001439205 25 0 0 25 0 0 0
EGAN00001439214 16 0 0 16 0 0 0
EGAN00001439216 15 0 0 15 0 0 0
EGAN00001439223 28 0 0 28 0 0 0
EGAN00001439229 11 0 0 11 0 0 0
EGAN00001439230 13 0 0 13 0 0 0
EGAN00001439797 19 0 0 19 0 0 0
EGAN00001440377 17 0 0 17 0 0 0
EGAN00001440389 26 0 0 26 0 0 0
EGAN00001440396 23 0 1 22 0 0 0
EGAN00001440398 5 0 0 5 0 0 0
EGAN00001440407 19 0 0 19 0 0 0
EGAN00001440429 17 0 0 17 0 0 0
EGAN00001440468 20 0 0 20 0 0 0
EGAN00001440476 13 0 0 13 0 0 0
EGAN00001440495 17 0 0 17 0 0 0
EGAN00001440500 17 0 0 17 0 0 0
EGAN00001440514 15 0 0 15 0 0 0
EGAN00001440523 5 0 0 5 0 0 0
EGAN00001440524 26 0 0 26 0 0 0
EGAN00001440539 27 0 0 27 0 0 0
EGAN00001440542 20 0 0 20 0 0 0
EGAN00001440566 26 0 0 26 0 0 0
EGAN00001440641 21 0 0 21 0 0 0
EGAN00001440710 17 0 0 17 0 0 0
EGAN00001440723 21 0 0 21 0 0 0
EGAN00001442167 18 0 0 18 0 0 0
EGAN00001442174 21 0 0 21 0 0 0
EGAN00001442203 11 0 0 10 1 0 0
EGAN00001442204 21 0 0 21 0 0 0
EGAN00001442210 18 0 0 18 0 0 0
EGAN00001442231 16 0 0 16 0 0 0
EGAN00001442238 11 0 0 11 0 0 0
EGAN00001442436 11 0 0 11 0 0 0
EGAN00001442449 23 0 0 23 0 0 0
EGAN00001442458 20 0 0 20 0 0 0
EGAN00001442474 15 0 0 15 0 0 0
EGAN00001442489 15 0 0 15 0 0 0
EGAN00001443772 21 0 0 21 0 0 0
EGAN00001444312 34 0 0 34 0 0 0
EGAN00001444317 20 0 0 20 0 0 0
EGAN00001444318 16 0 0 16 0 0 0
EGAN00001444415 22 0 0 22 0 0 0
EGAN00001444475 18 0 0 18 0 0 0
EGAN00001444482 14 0 0 14 0 0 0
EGAN00001444841 21 0 0 21 0 0 0
EGAN00001444984 18 0 0 18 0 0 0
EGAN00001445004 28 0 0 28 0 0 0
EGAN00001445013 21 0 0 21 0 0 0
EGAN00001445033 23 0 0 23 0 0 0
EGAN00001445043 8 0 0 8 0 0 0
EGAN00001445071 27 0 0 27 0 0 0
EGAN00001445077 15 0 0 15 0 0 0
EGAN00001445079 15 0 1 14 0 0 0
EGAN00001445081 23 0 0 23 0 0 0
EGAN00001445085 19 0 0 19 0 0 0
EGAN00001445454 17 0 0 17 0 0 0
EGAN00001445456 25 0 0 25 0 0 0
EGAN00001445463 18 0 0 18 0 0 0
EGAN00001445494 18 0 0 18 0 0 0
EGAN00001445507 19 0 0 19 0 0 0
EGAN00001445512 11 0 0 11 0 0 0
EGAN00001445521 16 0 0 16 0 0 0
EGAN00001445525 10 0 0 10 0 0 0
EGAN00001446662 11 0 0 11 0 0 0
EGAN00001446688 20 0 0 20 0 0 0
EGAN00001446689 9 0 0 8 0 1 0
EGAN00001446697 15 0 0 15 0 0 0
EGAN00001486675 24 0 0 24 0 0 0
EGAN00001486681 19 0 0 19 0 0 0
EGAN00001486687 24 0 0 24 0 0 0
EGAN00001559552 14 0 0 14 0 0 0
EGAN00001559573 15 0 0 15 0 0 0
EGAN00001559631 12 0 0 12 0 0 0
EGAN00001559637 13 0 0 12 0 1 0
EGAN00001559644 14 0 0 14 0 0 0
EGAN00001559648 13 0 0 13 0 0 0
EGAN00001559656 21 0 0 21 0 0 0
EGAN00001559663 21 0 0 21 0 0 0
EGAN00001559670 20 0 0 20 0 0 0
EGAN00001559678 17 0 0 17 0 0 0
EGAN00001559693 16 0 0 16 0 0 0
EGAN00001559701 18 0 0 18 0 0 0
EGAN00001559716 9 0 0 9 0 0 0
EGAN00001559739 23 0 0 23 0 0 0
EGAN00001559761 15 0 0 15 0 0 0
EGAN00001559766 15 0 0 15 0 0 0
EGAN00001559774 12 0 0 12 0 0 0
EGAN00001559782 23 0 0 23 0 0 0
EGAN00001559799 24 0 0 24 0 0 0
EGAN00001559808 25 0 0 25 0 0 0
EGAN00001559814 21 0 0 20 1 0 0
EGAN00001559826 18 0 0 18 0 0 0
EGAN00001559843 15 0 0 15 0 0 0
EGAN00001559849 21 0 1 20 0 0 0
EGAN00001559881 18 0 0 18 0 0 0
EGAN00001559902 20 0 0 20 0 0 0
EGAN00001559926 18 0 0 18 0 0 0
EGAN00001559933 19 0 0 19 0 0 0
EGAN00001559939 16 0 0 16 0 0 0
EGAN00001559962 19 0 0 19 0 0 0
EGAN00001559967 24 0 0 24 0 0 0
EGAN00001559995 19 0 0 19 0 0 0
EGAN00001560016 18 0 0 18 0 0 0
EGAN00001560034 14 0 0 14 0 0 0
EGAN00001560035 27 0 0 27 0 0 0
EGAN00001560050 14 0 0 14 0 0 0
EGAN00001560052 16 0 0 16 0 0 0
EGAN00001560068 19 0 0 19 0 0 0
EGAN00001560084 17 0 0 17 0 0 0
EGAN00001560085 13 0 0 13 0 0 0
EGAN00001560090 21 0 0 21 0 0 0
EGAN00001560096 24 0 0 24 0 0 0
EGAN00001560098 17 0 0 17 0 0 0
EGAN00001560124 21 0 0 21 0 0 0
EGAN00001560145 19 0 0 19 0 0 0
EGAN00001560153 15 0 0 15 0 0 0
EGAN00001560162 22 0 0 22 0 0 0
EGAN00001560183 16 0 0 16 0 0 0
EGAN00001560192 25 0 0 25 0 0 0
EGAN00001560207 20 0 0 20 0 0 0
EGAN00001560214 13 0 0 13 0 0 0
EGAN00001560218 12 0 0 12 0 0 0
EGAN00001560231 17 0 0 17 0 0 0
EGAN00001560243 11 0 0 11 0 0 0
EGAN00001560269 7 0 0 6 1 0 0
EGAN00001560308 21 0 0 21 0 0 0
EGAN00001560313 14 0 0 14 0 0 0
EGAN00001560314 9 0 0 9 0 0 0
EGAN00001560320 9 0 0 9 0 0 0
EGAN00001560322 10 0 0 10 0 0 0
EGAN00001560332 18 0 0 18 0 0 0
EGAN00001560346 18 0 0 18 0 0 0
EGAN00001560356 15 0 0 15 0 0 0
EGAN00001560362 23 0 0 23 0 0 0
EGAN00001560370 13 0 0 13 0 0 0
EGAN00001560386 17 0 0 17 0 0 0
EGAN00001560396 16 0 0 15 1 0 0
EGAN00001560410 15 0 0 15 0 0 0
EGAN00001560418 13 0 0 13 0 0 0
EGAN00001560424 15 0 0 15 0 0 0
EGAN00001560448 25 0 0 25 0 0 0
EGAN00001560453 15 0 0 15 0 0 0
EGAN00001560464 15 0 0 15 0 0 0
EGAN00001560478 21 0 0 21 0 0 0
EGAN00001560485 20 0 0 20 0 0 0
EGAN00001560513 20 0 0 20 0 0 0
EGAN00001560515 19 0 0 19 0 0 0
EGAN00001560516 15 0 0 15 0 0 0
EGAN00001560524 20 0 0 20 0 0 0
EGAN00001560527 9 0 0 9 0 0 0
EGAN00001560540 20 0 0 20 0 0 0
EGAN00001560547 20 0 0 20 0 0 0
EGAN00001560549 12 0 0 12 0 0 0
EGAN00001560559 21 0 0 21 0 0 0
EGAN00001560583 15 0 0 15 0 0 0
EGAN00001560592 18 0 0 18 0 0 0
EGAN00001560595 19 0 0 19 0 0 0
EGAN00001560606 8 0 0 8 0 0 0
EGAN00001560609 11 0 0 11 0 0 0
EGAN00001560616 21 0 0 21 0 0 0
EGAN00001560633 10 0 0 10 0 0 0
EGAN00001560665 12 0 0 12 0 0 0
EGAN00001560675 20 0 0 20 0 0 0
EGAN00001560686 15 0 0 14 1 0 0
EGAN00001560693 10 0 0 10 0 0 0
EGAN00001560695 14 0 0 14 0 0 0
EGAN00001560708 16 0 0 16 0 0 0
EGAN00001560710 10 0 0 10 0 0 0
EGAN00001560737 17 0 0 17 0 0 0
EGAN00001560738 14 0 0 14 0 0 0
EGAN00001560739 6 0 0 6 0 0 0
EGAN00001560761 16 0 0 16 0 0 0
EGAN00001560769 22 0 0 22 0 0 0
EGAN00001560786 22 0 0 22 0 0 0
EGAN00001560788 23 0 0 23 0 0 0
EGAN00001560813 16 0 0 15 1 0 0
EGAN00001560820 19 0 0 19 0 0 0
EGAN00001560821 24 0 0 23 1 0 0
EGAN00001560824 17 0 0 17 0 0 0
EGAN00001560853 14 0 0 14 0 0 0
EGAN00001560869 14 0 0 14 0 0 0
EGAN00001560889 20 0 0 20 0 0 0
EGAN00001560906 14 0 0 14 0 0 0
EGAN00001560912 18 0 0 18 0 0 0
EGAN00001560929 14 0 0 14 0 0 0
EGAN00001560938 11 0 0 11 0 0 0
EGAN00001560951 16 0 0 16 0 0 0
EGAN00001560966 7 0 0 7 0 0 0
EGAN00001560974 18 0 0 17 1 0 0
EGAN00001560985 18 0 0 18 0 0 0
EGAN00001560994 13 0 0 13 0 0 0
EGAN00001560995 26 0 0 26 0 0 0
EGAN00001561020 19 0 0 19 0 0 0
EGAN00001561055 22 0 0 21 1 0 0
EGAN00001561079 22 0 0 21 0 1 0
EGAN00001561085 19 0 1 18 0 0 0
EGAN00001561103 25 0 0 25 0 0 0
EGAN00001561148 22 0 0 22 0 0 0
EGAN00001561154 16 0 0 16 0 0 0
EGAN00001561172 16 0 0 16 0 0 0
EGAN00001561199 9 0 0 9 0 0 0
EGAN00001561200 32 0 0 32 0 0 0
EGAN00001561201 18 0 0 17 1 0 0
EGAN00001561206 20 0 0 20 0 0 0
EGAN00001561221 11 0 0 11 0 0 0
EGAN00001561231 26 0 0 26 0 0 0
EGAN00001561234 17 0 0 17 0 0 0
EGAN00001561251 21 0 0 21 0 0 0
EGAN00001561252 13 0 0 13 0 0 0
EGAN00001561280 10 0 0 10 0 0 0
EGAN00001561296 8 0 0 8 0 0 0
EGAN00001561299 10 0 0 10 0 0 0
EGAN00001561303 15 0 0 15 0 0 0
EGAN00001561312 13 0 0 13 0 0 0
EGAN00001561373 13 0 0 13 0 0 0
EGAN00001561380 21 0 0 21 0 0 0
EGAN00001561393 23 0 0 23 0 0 0
EGAN00001561406 27 0 0 27 0 0 0
EGAN00001561412 20 0 0 20 0 0 0
EGAN00001561414 15 0 0 15 0 0 0
EGAN00001561425 17 0 0 17 0 0 0
EGAN00001561431 22 0 0 22 0 0 0
EGAN00001561442 16 0 0 16 0 0 0
EGAN00001561448 15 0 0 15 0 0 0
EGAN00001561453 17 0 0 17 0 0 0
EGAN00001561456 20 0 0 20 0 0 0
EGAN00001561458 14 0 0 14 0 0 0
EGAN00001561467 11 0 0 11 0 0 0
EGAN00001561476 13 0 0 13 0 0 0
EGAN00001561503 14 0 0 14 0 0 0
EGAN00001561508 11 0 0 11 0 0 0
EGAN00001561510 21 0 1 20 0 0 0
EGAN00001561542 18 0 0 18 0 0 0
EGAN00001561554 16 0 0 16 0 0 0
EGAN00001569013 14 0 0 14 0 0 0
EGAN00001572904 14 0 0 14 0 0 0
EGAN00001572939 13 0 0 13 0 0 0
EGAN00001575966 25 0 0 25 0 0 0
EGAN00001575982 23 0 0 23 0 0 0
EGAN00001576013 21 0 0 21 0 0 0
EGAN00001576017 20 0 0 19 1 0 0
EGAN00001576033 21 0 0 21 0 0 0
EGAN00001576040 37 0 0 37 0 0 0
EGAN00001576047 15 0 0 15 0 0 0
EGAN00001576056 17 0 0 17 0 0 0
EGAN00001576064 20 0 0 20 0 0 0
EGAN00001576068 23 0 0 23 0 0 0
EGAN00001576070 33 0 0 33 0 0 0
EGAN00001576074 26 0 0 26 0 0 0
EGAN00001576094 22 0 0 22 0 0 0
EGAN00001576100 18 0 0 18 0 0 0
EGAN00001576104 15 0 0 15 0 0 0
EGAN00001576114 23 0 0 23 0 0 0
EGAN00001576126 21 0 0 21 0 0 0
EGAN00001576168 22 0 0 22 0 0 0
EGAN00001576188 17 0 0 17 0 0 0
EGAN00001576205 20 0 0 20 0 0 0
EGAN00001576216 9 0 0 9 0 0 0
EGAN00001576226 22 0 0 22 0 0 0
EGAN00001576240 12 0 0 12 0 0 0
EGAN00001576245 18 0 0 18 0 0 0
EGAN00001576247 23 0 0 23 0 0 0
EGAN00001576249 25 0 0 25 0 0 0
EGAN00001576253 20 0 0 20 0 0 0
EGAN00001576258 15 0 0 15 0 0 0
EGAN00001576264 16 0 0 16 0 0 0
EGAN00001576272 21 0 0 21 0 0 0
EGAN00001576273 20 0 0 20 0 0 0
EGAN00001576277 16 0 0 16 0 0 0
EGAN00001576296 18 0 0 18 0 0 0
EGAN00001576314 13 0 0 13 0 0 0
EGAN00001576321 26 0 0 26 0 0 0
EGAN00001576324 15 0 0 15 0 0 0
EGAN00001576334 25 0 1 24 0 0 0
EGAN00001576367 15 0 0 15 0 0 0
EGAN00001576379 16 0 0 16 0 0 0
EGAN00001576393 21 0 0 21 0 0 0
EGAN00001576415 22 0 0 22 0 0 0
EGAN00001576428 19 0 0 19 0 0 0
EGAN00001576431 14 0 0 14 0 0 0
EGAN00001576439 14 0 0 14 0 0 0
EGAN00001576442 21 0 0 21 0 0 0
EGAN00001576452 23 0 0 23 0 0 0
EGAN00001576459 12 0 0 12 0 0 0
EGAN00001576482 21 0 0 21 0 0 0
EGAN00001576490 22 0 0 22 0 0 0
EGAN00001576502 39 0 0 39 0 0 0
EGAN00001576514 14 0 0 14 0 0 0
EGAN00001576515 13 0 0 13 0 0 0
EGAN00001576553 17 0 0 17 0 0 0
EGAN00001576555 24 0 0 24 0 0 0
EGAN00001576558 18 0 0 18 0 0 0
EGAN00001576566 29 0 0 29 0 0 0
EGAN00001576575 28 0 0 28 0 0 0
EGAN00001576611 15 0 0 15 0 0 0
EGAN00001576639 10 0 0 10 0 0 0
EGAN00001576651 33 0 0 33 0 0 0
EGAN00001576682 22 0 1 21 0 0 0
EGAN00001576692 24 0 0 24 0 0 0
EGAN00001576705 15 0 0 15 0 0 0
EGAN00001576718 13 0 0 13 0 0 0
EGAN00001579169 21 0 0 21 0 0 0
EGAN00001579171 22 0 0 22 0 0 0
EGAN00001583153 26 0 0 26 0 0 0
EGAN00001583162 27 0 0 27 0 0 0
EGAN00001583163 27 0 0 27 0 0 0
EGAN00001583178 16 0 0 16 0 0 0
EGAN00001583180 23 0 0 23 0 0 0
EGAN00001583181 18 0 0 18 0 0 0
EGAN00001583193 21 0 0 21 0 0 0
EGAN00001583197 16 0 0 16 0 0 0
EGAN00001583205 16 0 0 16 0 0 0
EGAN00001583212 25 0 0 25 0 0 0
EGAN00001583219 23 0 0 23 0 0 0
EGAN00001583224 15 0 0 15 0 0 0
EGAN00001583226 15 0 0 15 0 0 0
EGAN00001583243 16 0 0 16 0 0 0
EGAN00001583244 30 0 0 30 0 0 0
EGAN00001583254 25 0 0 24 0 1 0
EGAN00001583261 18 0 0 18 0 0 0
EGAN00001583263 12 0 0 12 0 0 0
EGAN00001583265 14 0 0 14 0 0 0
EGAN00001583284 23 0 0 22 1 0 0
EGAN00001583286 19 0 0 19 0 0 0
EGAN00001583301 28 0 0 28 0 0 0
EGAN00001583306 23 0 0 23 0 0 0
EGAN00001583343 15 0 0 15 0 0 0
EGAN00001583345 26 0 0 26 0 0 0
EGAN00001583356 20 0 0 20 0 0 0
EGAN00001583369 8 0 0 8 0 0 0
EGAN00001583385 15 0 0 15 0 0 0
EGAN00001583389 21 0 0 21 0 0 0
EGAN00001583391 11 0 0 11 0 0 0
EGAN00001583392 17 0 0 17 0 0 0
EGAN00001583412 19 0 0 19 0 0 0
EGAN00001583457 20 0 0 20 0 0 0
EGAN00001583470 23 0 0 23 0 0 0
EGAN00001583494 19 0 0 19 0 0 0
EGAN00001583512 19 0 0 19 0 0 0
EGAN00001583541 22 0 0 22 0 0 0
EGAN00001583549 15 0 0 15 0 0 0
EGAN00001583560 20 0 0 20 0 0 0
EGAN00001583568 24 0 0 24 0 0 0
EGAN00001583572 26 0 0 26 0 0 0
EGAN00001583582 21 0 0 21 0 0 0
EGAN00001583601 24 0 0 24 0 0 0
EGAN00001583605 14 0 0 14 0 0 0
EGAN00001583609 16 0 0 16 0 0 0
EGAN00001583611 18 0 0 17 0 1 0
EGAN00001583640 21 0 0 21 0 0 0
EGAN00001583651 19 0 0 19 0 0 0
EGAN00001583686 21 0 0 21 0 0 0
EGAN00001583692 24 0 0 24 0 0 0
EGAN00001583724 27 0 0 27 0 0 0
EGAN00001583742 13 0 0 13 0 0 0
EGAN00001583765 25 0 0 25 0 0 0
EGAN00001583766 19 0 0 19 0 0 0
EGAN00001583772 15 0 0 15 0 0 0
EGAN00001583814 12 0 0 12 0 0 0
EGAN00001583825 17 0 0 17 0 0 0
EGAN00001583828 20 0 0 20 0 0 0
EGAN00001583831 22 0 0 21 1 0 0
EGAN00001583841 32 0 0 32 0 0 0
EGAN00001583853 20 0 0 20 0 0 0
EGAN00001583858 25 0 0 25 0 0 0
EGAN00001583868 9 0 0 9 0 0 0
EGAN00001583899 26 0 0 26 0 0 0
EGAN00001583921 19 0 0 19 0 0 0
EGAN00001583924 23 0 0 22 0 1 0
EGAN00001583925 18 0 0 18 0 0 0
EGAN00001583933 18 0 0 18 0 0 0
EGAN00001584036 15 0 0 15 0 0 0
EGAN00001584047 22 0 0 22 0 0 0
EGAN00001584049 15 0 0 15 0 0 0
EGAN00001584057 22 0 0 22 0 0 0
EGAN00001584062 30 0 0 30 0 0 0
EGAN00001584081 13 0 0 13 0 0 0
EGAN00001584088 16 0 0 16 0 0 0
EGAN00001584090 15 0 0 15 0 0 0
EGAN00001584093 20 0 0 20 0 0 0
EGAN00001584094 20 0 0 20 0 0 0
EGAN00001584105 25 0 0 25 0 0 0
EGAN00001584106 12 0 0 12 0 0 0
EGAN00001584115 15 0 0 15 0 0 0
EGAN00001584121 16 0 0 16 0 0 0
EGAN00001584137 22 0 0 22 0 0 0
EGAN00001584139 12 0 0 12 0 0 0
EGAN00001584140 19 0 0 19 0 0 0
EGAN00001584144 18 0 0 18 0 0 0
EGAN00001584198 28 0 0 28 0 0 0
EGAN00001584205 23 0 0 23 0 0 0
EGAN00001584210 23 0 0 23 0 0 0
EGAN00001584212 18 0 0 18 0 0 0
EGAN00001584219 20 0 0 20 0 0 0
EGAN00001584226 15 0 0 15 0 0 0
EGAN00001584245 19 0 0 19 0 0 0
EGAN00001584254 26 0 0 26 0 0 0
EGAN00001584279 19 0 0 19 0 0 0
EGAN00001584280 21 0 0 21 0 0 0
EGAN00001584292 18 0 0 18 0 0 0
EGAN00001584299 18 0 0 18 0 0 0
EGAN00001584334 19 0 0 19 0 0 0
EGAN00001584348 20 0 0 20 0 0 0
EGAN00001584355 17 0 0 17 0 0 0
EGAN00001584367 23 0 0 23 0 0 0
EGAN00001584368 24 0 0 24 0 0 0
EGAN00001584369 32 0 0 32 0 0 0
EGAN00001584374 18 0 0 18 0 0 0
EGAN00001584384 14 0 0 14 0 0 0
EGAN00001584389 17 0 0 17 0 0 0
EGAN00001584393 14 0 0 14 0 0 0
EGAN00001584404 28 0 0 28 0 0 0
EGAN00001584410 19 0 0 18 1 0 0
EGAN00001584419 16 0 0 16 0 0 0
EGAN00001584421 16 0 0 16 0 0 0
EGAN00001584426 13 0 0 13 0 0 0
EGAN00001584447 17 0 0 17 0 0 0
EGAN00001584469 24 0 0 24 0 0 0
EGAN00001584470 19 0 0 18 1 0 0
EGAN00001584475 17 0 1 16 0 0 0
EGAN00001584497 22 0 0 22 0 0 0
EGAN00001584525 21 0 0 21 0 0 0
EGAN00001584530 22 0 0 22 0 0 0
EGAN00001584531 17 0 0 17 0 0 0
EGAN00001584562 24 0 0 24 0 0 0
EGAN00001584578 21 0 1 20 0 0 0
EGAN00001584585 17 0 0 17 0 0 0
EGAN00001584587 13 0 0 13 0 0 0
EGAN00001584590 13 0 0 13 0 0 0
EGAN00001584594 18 0 0 18 0 0 0
EGAN00001584621 16 0 0 16 0 0 0
EGAN00001584662 18 0 0 18 0 0 0
EGAN00001584670 20 0 0 20 0 0 0
EGAN00001584681 20 0 0 20 0 0 0
EGAN00001584682 23 0 0 23 0 0 0
EGAN00001584686 23 0 0 23 0 0 0
EGAN00001584695 16 0 0 16 0 0 0
EGAN00001584701 10 0 0 10 0 0 0
EGAN00001584748 21 0 0 20 1 0 0
EGAN00001584752 17 0 1 16 0 0 0
EGAN00001584770 17 0 0 17 0 0 0
EGAN00001584776 12 0 0 12 0 0 0
EGAN00001584789 14 0 0 14 0 0 0
EGAN00001584799 14 0 0 14 0 0 0
EGAN00001584807 21 0 0 21 0 0 0
EGAN00001584818 22 0 0 22 0 0 0
EGAN00001584827 15 0 0 15 0 0 0
EGAN00001584831 24 0 0 24 0 0 0
EGAN00001584844 19 0 0 18 1 0 0
EGAN00001584856 24 0 0 24 0 0 0
EGAN00001584876 16 0 0 16 0 0 0
EGAN00001584878 24 0 0 24 0 0 0
EGAN00001584887 12 0 0 12 0 0 0
EGAN00001584890 16 0 0 16 0 0 0
EGAN00001584902 23 0 0 23 0 0 0
EGAN00001584908 6 0 0 6 0 0 0
EGAN00001584924 25 0 0 25 0 0 0
EGAN00001584927 15 0 0 15 0 0 0
EGAN00001584940 19 0 0 19 0 0 0
EGAN00001584952 18 0 0 18 0 0 0
EGAN00001584966 15 0 0 15 0 0 0
EGAN00001584970 14 0 0 14 0 0 0
EGAN00001584972 17 0 0 17 0 0 0
EGAN00001585037 19 0 0 19 0 0 0
EGAN00001585049 13 0 0 13 0 0 0
EGAN00001585062 21 0 0 21 0 0 0
EGAN00001585083 11 0 0 11 0 0 0
EGAN00001585105 12 0 0 12 0 0 0
EGAN00001585131 14 0 1 13 0 0 0
EGAN00001585136 20 0 0 20 0 0 0
EGAN00001585163 17 0 0 17 0 0 0
EGAN00001585167 16 0 0 16 0 0 0
EGAN00001585175 14 0 0 14 0 0 0
EGAN00001585178 24 0 0 24 0 0 0
EGAN00001585191 20 0 0 20 0 0 0
EGAN00001585193 13 0 0 13 0 0 0
EGAN00001585195 9 0 0 9 0 0 0
EGAN00001585197 14 0 0 14 0 0 0
EGAN00001585198 24 0 0 24 0 0 0
EGAN00001585202 19 0 0 19 0 0 0
EGAN00001585228 27 0 0 27 0 0 0
EGAN00001585231 28 0 0 28 0 0 0
EGAN00001585239 22 0 0 22 0 0 0
EGAN00001585244 17 0 0 17 0 0 0
EGAN00001585262 21 0 0 21 0 0 0
EGAN00001585265 27 0 0 27 0 0 0
EGAN00001585280 14 0 1 13 0 0 0
EGAN00001585318 12 0 1 11 0 0 0
EGAN00001585319 21 0 0 20 0 1 0
EGAN00001585322 19 0 0 19 0 0 0
EGAN00001585328 25 0 0 25 0 0 0
EGAN00001585331 13 0 0 13 0 0 0
EGAN00001585337 13 0 0 13 0 0 0
EGAN00001585349 24 0 0 24 0 0 0
EGAN00001585350 19 0 0 19 0 0 0
EGAN00001585368 18 0 0 18 0 0 0
EGAN00001585387 23 0 0 23 0 0 0
EGAN00001585388 21 0 0 21 0 0 0
EGAN00001585391 26 0 0 26 0 0 0
EGAN00001585393 22 0 0 22 0 0 0
EGAN00001585404 19 0 0 19 0 0 0
EGAN00001585423 14 0 0 14 0 0 0
EGAN00001585439 10 0 0 10 0 0 0
EGAN00001585440 18 0 0 17 0 1 0
EGAN00001585449 22 0 0 21 1 0 0
EGAN00001585462 20 0 0 20 0 0 0
EGAN00001585473 22 0 0 22 0 0 0
EGAN00001585477 6 0 0 6 0 0 0
EGAN00001585491 21 0 0 21 0 0 0
EGAN00001585505 26 0 0 26 0 0 0
EGAN00001585506 16 0 0 16 0 0 0
EGAN00001585507 12 0 0 12 0 0 0
EGAN00001585518 10 0 0 10 0 0 0
EGAN00001585529 14 0 0 14 0 0 0
EGAN00001585530 19 0 0 19 0 0 0
EGAN00001585536 9 0 0 9 0 0 0
EGAN00001585557 17 0 0 17 0 0 0
EGAN00001585560 15 0 0 15 0 0 0
EGAN00001585569 15 0 0 15 0 0 0
EGAN00001585604 13 0 0 13 0 0 0
EGAN00001585621 20 0 0 20 0 0 0
EGAN00001585625 21 0 0 21 0 0 0
EGAN00001585628 7 0 0 7 0 0 0
EGAN00001585629 13 0 0 13 0 0 0
EGAN00001585639 15 0 0 15 0 0 0
EGAN00001585649 22 0 0 22 0 0 0
EGAN00001585650 23 0 0 23 0 0 0
EGAN00001585657 13 0 0 13 0 0 0
EGAN00001585676 13 0 0 13 0 0 0
EGAN00001585681 20 0 0 20 0 0 0
EGAN00001585693 10 0 0 10 0 0 0
EGAN00001585705 19 0 0 19 0 0 0
EGAN00001585726 18 0 0 18 0 0 0
EGAN00001585735 19 0 0 19 0 0 0
EGAN00001585751 16 0 0 16 0 0 0
EGAN00001585755 13 0 0 13 0 0 0
EGAN00001585773 17 0 0 17 0 0 0
EGAN00001585802 20 0 0 20 0 0 0
EGAN00001585821 17 0 0 17 0 0 0
EGAN00001585822 14 0 0 14 0 0 0
EGAN00001585840 15 0 0 15 0 0 0
EGAN00001585842 11 0 0 11 0 0 0
EGAN00001585849 17 0 0 17 0 0 0
EGAN00001585852 17 0 0 17 0 0 0
EGAN00001585857 13 0 0 13 0 0 0
EGAN00001585870 14 0 0 14 0 0 0
EGAN00001585871 23 0 0 22 1 0 0
EGAN00001585884 18 0 0 18 0 0 0
EGAN00001585910 30 0 0 30 0 0 0
EGAN00001585946 23 0 0 23 0 0 0
EGAN00001585953 19 0 0 19 0 0 0
EGAN00001585980 25 0 0 25 0 0 0
EGAN00001585989 14 0 0 14 0 0 0
EGAN00001586004 18 0 0 18 0 0 0
EGAN00001586011 17 0 0 17 0 0 0
EGAN00001586036 18 0 0 18 0 0 0
EGAN00001586045 13 0 1 12 0 0 0
EGAN00001586049 26 0 0 26 0 0 0
EGAN00001586050 23 0 0 23 0 0 0
EGAN00001586055 26 0 0 26 0 0 0
EGAN00001586060 35 0 0 35 0 0 0
EGAN00001586066 24 0 0 24 0 0 0
EGAN00001586069 15 0 0 15 0 0 0
EGAN00001586081 11 0 0 10 1 0 0
EGAN00001586083 13 0 0 13 0 0 0
EGAN00001586104 17 0 0 17 0 0 0
EGAN00001586112 10 0 0 10 0 0 0
EGAN00001586117 14 0 0 14 0 0 0
EGAN00001586125 14 0 0 14 0 0 0
EGAN00001586148 24 0 0 24 0 0 0
EGAN00001586165 17 0 0 17 0 0 0
EGAN00001586175 22 0 0 22 0 0 0
EGAN00001586181 11 0 0 11 0 0 0
EGAN00001586191 15 0 0 15 0 0 0
EGAN00001586205 22 0 0 22 0 0 0
EGAN00001586206 19 0 0 19 0 0 0
EGAN00001599246 16 0 0 16 0 0 0
EGAN00001599251 10 0 0 10 0 0 0
EGAN00001599261 25 0 0 25 0 0 0
EGAN00001599262 15 0 0 15 0 0 0
EGAN00001599270 20 0 0 20 0 0 0
EGAN00001599275 19 0 0 19 0 0 0
EGAN00001599281 18 0 0 18 0 0 0
EGAN00001599290 16 0 0 16 0 0 0
EGAN00001599298 19 0 0 19 0 0 0
EGAN00001599353 20 0 0 20 0 0 0
EGAN00001599360 16 0 0 16 0 0 0
EGAN00001599375 16 0 0 16 0 0 0
EGAN00001599391 27 0 1 26 0 0 0
EGAN00001599393 22 0 0 22 0 0 0
EGAN00001599404 18 0 0 17 1 0 0
EGAN00001599406 17 0 0 17 0 0 0
EGAN00001599407 21 0 0 21 0 0 0
EGAN00001599410 14 0 0 13 0 1 0
EGAN00001599411 22 0 0 22 0 0 0
EGAN00001599421 16 0 0 16 0 0 0
EGAN00001599432 23 0 0 23 0 0 0
EGAN00001599445 14 0 0 14 0 0 0
EGAN00001599448 22 0 0 22 0 0 0
EGAN00001599449 17 0 0 17 0 0 0
EGAN00001599452 13 0 0 13 0 0 0
EGAN00001599455 13 0 1 12 0 0 0
EGAN00001599456 16 0 0 16 0 0 0
EGAN00001599457 19 0 0 19 0 0 0
EGAN00001599461 22 0 0 22 0 0 0
EGAN00001599480 18 0 0 18 0 0 0
EGAN00001599501 25 0 0 25 0 0 0
EGAN00001599506 17 0 0 17 0 0 0
EGAN00001599542 11 0 0 11 0 0 0
EGAN00001599555 20 0 0 20 0 0 0
EGAN00001599567 11 0 0 11 0 0 0
EGAN00001599576 21 0 0 21 0 0 0
EGAN00001599593 17 0 0 17 0 0 0
EGAN00001599599 17 0 0 17 0 0 0
EGAN00001599625 27 0 0 27 0 0 0
EGAN00001599637 37 0 0 37 0 0 0
EGAN00001599655 38 0 0 38 0 0 0
EGAN00001599686 14 0 0 14 0 0 0
EGAN00001599694 28 0 0 28 0 0 0
EGAN00001599696 15 0 0 15 0 0 0
EGAN00001599700 16 0 0 16 0 0 0
EGAN00001599703 11 0 0 11 0 0 0
EGAN00001599711 18 0 0 18 0 0 0
EGAN00001599722 19 0 0 19 0 0 0
EGAN00001599749 19 0 0 19 0 0 0
EGAN00001599760 12 0 0 12 0 0 0
EGAN00001599774 24 0 0 24 0 0 0
EGAN00001599777 20 0 0 20 0 0 0
EGAN00001599780 10 0 1 9 0 0 0
EGAN00001599802 17 0 0 17 0 0 0
EGAN00001599817 12 0 0 12 0 0 0
EGAN00001599825 27 0 0 27 0 0 0
EGAN00001599870 18 0 0 18 0 0 0
EGAN00001599876 16 0 0 16 0 0 0
EGAN00001599887 16 0 0 16 0 0 0
EGAN00001599896 22 0 0 22 0 0 0
EGAN00001599904 15 0 0 15 0 0 0
EGAN00001599915 14 0 0 14 0 0 0
EGAN00001599917 13 0 0 13 0 0 0
EGAN00001599932 11 0 0 11 0 0 0
EGAN00001671033 13 0 0 13 0 0 0
EGAN00001671807 21 0 0 21 0 0 0
EGAN00001671828 20 0 0 20 0 0 0
EGAN00001671840 19 0 0 19 0 0 0
EGAN00001671857 24 0 0 24 0 0 0
EGAN00001671875 19 0 0 19 0 0 0
EGAN00001671876 9 0 0 9 0 0 0
EGAN00001671878 21 0 0 21 0 0 0
EGAN00001671882 10 0 0 10 0 0 0
EGAN00001671919 25 0 0 25 0 0 0
EGAN00001671924 25 0 0 25 0 0 0
EGAN00001671928 19 0 0 19 0 0 0
EGAN00001671936 10 0 0 10 0 0 0
EGAN00001671948 16 0 0 16 0 0 0
EGAN00001671983 16 0 0 16 0 0 0
EGAN00001671999 17 0 0 17 0 0 0
EGAN00001672009 11 0 0 11 0 0 0
EGAN00001672013 11 0 0 11 0 0 0
EGAN00001672017 20 0 0 20 0 0 0
EGAN00001672025 15 0 0 15 0 0 0
EGAN00001672026 10 0 0 10 0 0 0
EGAN00001672054 38 0 0 38 0 0 0
EGAN00001672062 11 0 0 11 0 0 0
EGAN00001672074 9 0 0 9 0 0 0
EGAN00001672084 18 0 0 18 0 0 0
EGAN00001672093 24 0 0 24 0 0 0
EGAN00001672100 14 0 0 14 0 0 0
EGAN00001672104 20 0 0 20 0 0 0
EGAN00001672114 19 0 0 19 0 0 0
EGAN00001672116 15 0 0 15 0 0 0
EGAN00001672124 16 0 0 16 0 0 0
EGAN00001672126 13 0 0 13 0 0 0
EGAN00001672134 22 0 0 22 0 0 0
EGAN00001672147 29 0 0 29 0 0 0
EGAN00001672148 12 0 0 12 0 0 0
EGAN00001672152 15 0 0 15 0 0 0
EGAN00001672156 16 0 0 16 0 0 0
EGAN00001672161 15 0 0 15 0 0 0
EGAN00001672165 10 0 0 10 0 0 0
EGAN00001672169 21 0 0 21 0 0 0
EGAN00001672173 20 0 0 20 0 0 0
EGAN00001672178 15 0 0 15 0 0 0
EGAN00001672183 22 0 0 22 0 0 0
EGAN00001672190 17 0 0 17 0 0 0
EGAN00001672197 30 0 0 30 0 0 0
EGAN00001672210 26 0 0 26 0 0 0
EGAN00001672232 29 0 0 28 1 0 0
EGAN00001672243 13 0 0 13 0 0 0
EGAN00001672284 23 0 0 22 1 0 0
EGAN00001672288 10 0 0 10 0 0 0
EGAN00001672308 24 0 0 24 0 0 0
EGAN00001672316 10 0 0 10 0 0 0
EGAN00001672322 6 0 0 6 0 0 0
EGAN00001672330 18 0 0 18 0 0 0
EGAN00001672333 15 0 0 15 0 0 0
EGAN00001672334 21 0 0 21 0 0 0
EGAN00001672345 15 0 0 15 0 0 0
EGAN00001672354 26 0 0 26 0 0 0
EGAN00001672363 14 0 0 14 0 0 0
EGAN00001672376 17 0 0 17 0 0 0
EGAN00001672378 20 0 0 20 0 0 0
EGAN00001672383 30 0 0 29 1 0 0
EGAN00001672411 22 0 1 21 0 0 0
EGAN00001672428 16 0 0 16 0 0 0
EGAN00001672439 10 0 0 10 0 0 0
EGAN00001672452 18 0 0 18 0 0 0
EGAN00001672457 13 0 0 13 0 0 0
EGAN00001672462 11 0 0 10 1 0 0
EGAN00001672511 15 0 0 15 0 0 0
EGAN00001672536 16 0 0 16 0 0 0
EGAN00001672538 16 0 1 15 0 0 0
EGAN00001672542 25 0 0 25 0 0 0
EGAN00001672553 15 0 0 15 0 0 0
EGAN00001672554 17 0 0 17 0 0 0
EGAN00001672565 21 0 0 21 0 0 0
EGAN00001672572 15 0 0 15 0 0 0
EGAN00001672578 17 0 0 17 0 0 0
EGAN00001672580 18 0 0 18 0 0 0
EGAN00001672585 18 0 0 18 0 0 0
EGAN00001672593 19 0 0 19 0 0 0
EGAN00001672597 15 0 0 15 0 0 0
EGAN00001672601 14 0 0 14 0 0 0
EGAN00001672631 13 0 0 13 0 0 0
EGAN00001672646 29 0 0 29 0 0 0
EGAN00001672651 12 0 0 12 0 0 0
EGAN00001672675 15 0 0 15 0 0 0
EGAN00001672687 27 0 0 27 0 0 0
EGAN00001672714 28 0 0 28 0 0 0
EGAN00001672719 21 0 0 21 0 0 0
EGAN00001672736 22 0 0 22 0 0 0
EGAN00001672744 18 0 0 18 0 0 0
EGAN00001672745 22 0 0 22 0 0 0
EGAN00001672751 22 0 0 22 0 0 0
EGAN00001672763 15 0 0 15 0 0 0
EGAN00001672783 15 0 0 15 0 0 0
EGAN00001672790 23 0 0 22 0 0 1
EGAN00001672794 11 0 0 11 0 0 0
EGAN00001672797 27 0 0 27 0 0 0
EGAN00001672813 27 0 0 27 0 0 0
EGAN00001672820 35 0 0 35 0 0 0
EGAN00001672833 22 0 0 22 0 0 0
EGAN00001672839 17 0 0 17 0 0 0
EGAN00001672848 11 0 0 11 0 0 0
EGAN00001672870 24 0 0 24 0 0 0
EGAN00001672873 26 0 0 26 0 0 0
EGAN00001672877 29 0 0 29 0 0 0
EGAN00001672886 25 0 0 25 0 0 0
EGAN00001672896 22 0 0 22 0 0 0
EGAN00001672914 19 0 0 19 0 0 0
EGAN00001672923 11 0 0 11 0 0 0
EGAN00001672926 15 0 0 15 0 0 0
EGAN00001672930 26 0 0 26 0 0 0
EGAN00001672933 21 0 0 21 0 0 0
EGAN00001672940 26 0 0 26 0 0 0
EGAN00001672947 17 0 0 17 0 0 0
EGAN00001672969 24 0 0 24 0 0 0
EGAN00001672988 12 0 0 12 0 0 0
EGAN00001673014 19 0 0 19 0 0 0
EGAN00001673075 14 0 0 14 0 0 0
EGAN00001673103 28 0 0 28 0 0 0
EGAN00001673106 25 0 0 25 0 0 0
EGAN00001673115 17 0 0 17 0 0 0
EGAN00001673116 10 0 0 10 0 0 0
EGAN00001673128 18 0 0 18 0 0 0
EGAN00001673142 19 0 0 19 0 0 0
EGAN00001673167 22 0 0 22 0 0 0
EGAN00001673209 20 0 0 20 0 0 0
EGAN00001673245 24 0 0 24 0 0 0
EGAN00001673252 32 0 0 32 0 0 0
EGAN00001673257 20 0 0 20 0 0 0
EGAN00001673263 18 0 0 18 0 0 0
EGAN00001673285 21 0 0 21 0 0 0
EGAN00001673292 23 0 0 23 0 0 0
EGAN00001673302 23 0 0 23 0 0 0
EGAN00001673321 26 0 1 25 0 0 0
EGAN00001673329 25 0 0 25 0 0 0
EGAN00001673335 11 0 0 11 0 0 0
EGAN00001673347 23 0 0 23 0 0 0
EGAN00001673371 18 0 0 18 0 0 0
EGAN00001673418 21 0 0 21 0 0 0
EGAN00001673422 16 0 0 16 0 0 0
EGAN00001673446 25 0 0 24 1 0 0
EGAN00001673458 14 0 0 13 1 0 0
EGAN00001673521 19 0 0 18 1 0 0
EGAN00001673523 11 0 1 10 0 0 0
EGAN00001673532 16 0 0 16 0 0 0
EGAN00001673562 15 0 0 15 0 0 0
EGAN00001673578 18 0 0 18 0 0 0
EGAN00001673580 19 0 0 19 0 0 0
EGAN00001673583 30 0 0 30 0 0 0
EGAN00001673597 12 0 0 12 0 0 0
EGAN00001673607 24 0 0 24 0 0 0
EGAN00001673611 23 0 0 23 0 0 0
EGAN00001673632 20 0 0 20 0 0 0
EGAN00001673637 16 0 0 16 0 0 0
EGAN00001673670 20 0 0 20 0 0 0
EGAN00001673677 20 0 0 20 0 0 0
EGAN00001673693 21 0 0 21 0 0 0
EGAN00001673700 15 0 0 15 0 0 0
EGAN00001673727 19 0 0 19 0 0 0
EGAN00001673751 24 0 0 24 0 0 0
EGAN00001673782 26 0 0 26 0 0 0
EGAN00001673804 28 0 0 27 1 0 0
EGAN00001673810 25 0 0 25 0 0 0
EGAN00001730343 14 0 0 14 0 0 0
EGAN00001730397 33 0 1 32 0 0 0
EGAN00001730410 18 0 0 18 0 0 0
EGAN00001730434 12 0 0 12 0 0 0
EGAN00001730447 15 0 0 15 0 0 0
EGAN00001730450 20 0 0 20 0 0 0
EGAN00001730455 14 0 0 14 0 0 0
EGAN00001730460 18 0 0 18 0 0 0
EGAN00001730488 14 0 0 14 0 0 0
EGAN00001730502 24 0 0 24 0 0 0
EGAN00001730503 18 0 0 18 0 0 0
EGAN00001730521 10 0 0 10 0 0 0
EGAN00001730523 20 0 0 20 0 0 0
EGAN00001730529 17 0 0 17 0 0 0
EGAN00001740624 27 0 0 27 0 0 0
EGAN00001740630 19 0 0 19 0 0 0
EGAN00001740633 15 0 0 15 0 0 0
EGAN00001740634 19 0 0 19 0 0 0
EGAN00001740641 20 0 0 20 0 0 0
EGAN00001740654 9 0 0 9 0 0 0
EGAN00001740657 15 0 0 15 0 0 0
EGAN00001740658 8 0 0 8 0 0 0
EGAN00001740673 14 0 0 14 0 0 0
EGAN00001740680 20 0 0 20 0 0 0
EGAN00001740686 15 0 0 15 0 0 0
EGAN00001740691 17 0 0 17 0 0 0
EGAN00001740692 15 0 0 15 0 0 0
EGAN00001740695 10 0 0 10 0 0 0
EGAN00001740700 17 0 0 17 0 0 0
EGAN00001740704 11 0 0 11 0 0 0
EGAN00001740742 14 0 0 14 0 0 0
EGAN00001740752 11 0 0 10 0 1 0
EGAN00001740772 25 0 0 25 0 0 0
EGAN00001740774 13 0 0 13 0 0 0
EGAN00001740796 18 0 0 18 0 0 0
EGAN00001740797 15 0 0 15 0 0 0
EGAN00001740802 7 0 0 7 0 0 0
EGAN00001740806 17 0 0 17 0 0 0
EGAN00001740827 15 0 0 15 0 0 0
EGAN00001740848 8 0 0 8 0 0 0
EGAN00001740858 16 0 0 16 0 0 0
EGAN00001740884 19 0 0 19 0 0 0
EGAN00001740885 25 0 0 25 0 0 0
EGAN00001740904 15 0 0 15 0 0 0
EGAN00001740906 14 0 0 14 0 0 0
EGAN00001740907 14 0 0 14 0 0 0
EGAN00001740918 16 0 0 16 0 0 0
EGAN00001740921 15 0 0 15 0 0 0
EGAN00001740927 10 0 0 10 0 0 0
EGAN00001740932 14 0 0 14 0 0 0
EGAN00001740944 22 0 0 22 0 0 0
EGAN00001740955 15 0 0 15 0 0 0
EGAN00001740957 8 0 0 8 0 0 0
EGAN00001740967 18 0 0 18 0 0 0
EGAN00001740970 11 0 0 11 0 0 0
EGAN00001740973 13 0 0 13 0 0 0
EGAN00001740978 15 0 0 15 0 0 0
EGAN00001740988 19 0 0 19 0 0 0
EGAN00001741035 14 0 0 14 0 0 0
EGAN00001741056 11 0 0 11 0 0 0
EGAN00001741057 14 0 0 14 0 0 0
EGAN00001741066 12 0 0 12 0 0 0
EGAN00001741073 20 0 0 20 0 0 0
EGAN00001741075 12 0 0 12 0 0 0
EGAN00001741087 17 0 0 17 0 0 0
EGAN00001741090 22 0 0 22 0 0 0
EGAN00001741093 13 0 0 13 0 0 0
EGAN00001741099 22 0 0 22 0 0 0
EGAN00001741107 25 0 0 25 0 0 0
EGAN00001741120 20 0 0 20 0 0 0
EGAN00001741122 13 0 0 13 0 0 0
EGAN00001741140 22 0 0 22 0 0 0
EGAN00001741150 15 0 0 15 0 0 0
EGAN00001741154 16 0 0 16 0 0 0
EGAN00001797988 20 0 0 20 0 0 0
EGAN00001797994 14 0 0 14 0 0 0
EGAN00001797996 19 0 0 19 0 0 0
EGAN00001798007 25 0 0 25 0 0 0
EGAN00001798008 16 0 0 16 0 0 0
EGAN00001798021 23 0 0 23 0 0 0
EGAN00001798030 38 0 0 38 0 0 0
EGAN00001798074 19 0 0 19 0 0 0
EGAN00001798091 17 0 0 17 0 0 0
EGAN00001798092 21 0 0 21 0 0 0
EGAN00001798104 17 0 0 17 0 0 0
EGAN00001798154 12 0 0 12 0 0 0
EGAN00001798162 16 0 0 16 0 0 0
EGAN00001798177 17 0 0 17 0 0 0
EGAN00001798191 19 0 0 19 0 0 0
EGAN00001798203 28 0 0 28 0 0 0
EGAN00001798255 16 0 0 16 0 0 0
EGAN00001798262 24 0 0 24 0 0 0
EGAN00001798269 12 0 0 12 0 0 0
EGAN00001798282 12 0 0 12 0 0 0
EGAN00001798285 25 0 0 24 0 1 0
EGAN00001798300 15 0 0 15 0 0 0
EGAN00001798317 16 0 0 16 0 0 0
EGAN00001798327 23 0 0 23 0 0 0
EGAN00001798330 14 0 0 14 0 0 0
EGAN00001798339 16 0 0 16 0 0 0
EGAN00001798342 14 0 0 14 0 0 0
EGAN00001798347 16 0 0 16 0 0 0
EGAN00001798348 13 0 0 13 0 0 0
EGAN00001798351 19 0 0 19 0 0 0
EGAN00001798359 24 0 0 24 0 0 0
EGAN00001798360 16 0 0 16 0 0 0
EGAN00001798367 22 0 0 22 0 0 0
EGAN00001798381 20 0 0 20 0 0 0
EGAN00001798382 20 0 0 20 0 0 0
EGAN00001798397 12 0 0 12 0 0 0
EGAN00001798404 15 0 0 15 0 0 0
EGAN00001798412 16 0 0 15 1 0 0
EGAN00001798435 14 0 0 14 0 0 0
EGAN00001798443 15 0 0 15 0 0 0
EGAN00001798445 13 0 0 13 0 0 0
EGAN00001798453 18 0 0 18 0 0 0
EGAN00001798480 25 0 0 25 0 0 0
EGAN00001798482 21 0 0 21 0 0 0
EGAN00001798483 16 0 0 16 0 0 0
EGAN00001798484 30 0 0 30 0 0 0
EGAN00001798492 17 0 0 17 0 0 0
EGAN00001798495 20 0 0 20 0 0 0
EGAN00001798498 22 0 0 22 0 0 0
EGAN00001798506 20 0 0 20 0 0 0
EGAN00001798511 12 0 0 12 0 0 0
EGAN00001798521 10 0 0 10 0 0 0
EGAN00001798534 13 0 0 13 0 0 0
EGAN00001798550 12 0 0 12 0 0 0
EGAN00001798551 8 0 0 8 0 0 0
EGAN00001798564 18 0 0 18 0 0 0
EGAN00001798565 20 0 0 20 0 0 0
EGAN00001798570 17 0 0 17 0 0 0
EGAN00001798574 13 0 0 13 0 0 0
EGAN00001798607 30 0 0 30 0 0 0
EGAN00001798625 21 0 1 20 0 0 0
EGAN00001798626 22 0 0 22 0 0 0
EGAN00001798632 15 0 0 15 0 0 0
EGAN00001798647 10 0 0 10 0 0 0
EGAN00001798653 15 0 0 15 0 0 0
EGAN00001798666 17 0 0 17 0 0 0
EGAN00001798669 16 0 0 16 0 0 0
EGAN00001798695 20 0 0 20 0 0 0
EGAN00001798708 21 0 0 21 0 0 0
EGAN00001830726 17 0 0 17 0 0 0
EGAN00001830730 20 0 0 20 0 0 0
EGAN00001830735 19 0 0 19 0 0 0
EGAN00001830736 16 0 0 16 0 0 0
EGAN00001830748 15 0 0 14 0 1 0
EGAN00001830757 26 0 0 26 0 0 0
EGAN00001830766 10 0 0 10 0 0 0
EGAN00001830784 19 0 0 19 0 0 0
EGAN00001830804 18 0 0 18 0 0 0
EGAN00001830806 13 0 0 13 0 0 0
EGAN00001830813 18 0 0 18 0 0 0
EGAN00001830822 12 0 0 12 0 0 0
EGAN00001830825 20 0 0 20 0 0 0
EGAN00001830830 21 0 0 21 0 0 0
EGAN00001830831 16 0 0 16 0 0 0
EGAN00001830836 23 0 0 23 0 0 0
EGAN00001830837 14 0 0 13 1 0 0
EGAN00001830839 11 0 0 11 0 0 0
EGAN00001830844 16 0 0 16 0 0 0
EGAN00001830849 7 0 0 7 0 0 0
EGAN00001830870 18 0 0 18 0 0 0
EGAN00001830878 17 0 0 17 0 0 0
EGAN00001830880 18 0 0 18 0 0 0
EGAN00001830882 26 0 0 26 0 0 0
EGAN00001830889 12 0 0 12 0 0 0
EGAN00001830896 14 0 0 14 0 0 0
EGAN00001830921 11 0 0 11 0 0 0
EGAN00001830930 13 0 0 13 0 0 0
EGAN00001830942 18 0 0 18 0 0 0
EGAN00001830943 20 0 0 20 0 0 0
EGAN00001830956 13 0 0 13 0 0 0
EGAN00001830959 10 0 0 10 0 0 0
