Sample Depth = A C G T N
EGAN00001008152 22 0 0 0 22 0 0
EGAN00001008240 26 0 0 0 26 0 0
EGAN00001008480 20 0 0 0 20 0 0
EGAN00001021279 18 0 0 0 18 0 0
EGAN00001021287 15 0 0 0 14 1 0
EGAN00001021349 25 0 0 0 24 1 0
EGAN00001021460 28 0 0 0 27 1 0
EGAN00001021482 18 0 0 0 18 0 0
EGAN00001021497 14 0 0 0 14 0 0
EGAN00001021529 21 0 0 0 21 0 0
EGAN00001021566 22 0 0 0 22 0 0
EGAN00001021591 29 0 0 0 29 0 0
EGAN00001021602 13 0 0 0 13 0 0
EGAN00001021616 20 0 0 0 20 0 0
EGAN00001021618 32 0 0 0 32 0 0
EGAN00001021722 25 0 0 0 25 0 0
EGAN00001021724 26 0 0 0 26 0 0
EGAN00001021747 17 0 0 0 17 0 0
EGAN00001021767 20 0 0 0 20 0 0
EGAN00001021773 25 0 0 0 25 0 0
EGAN00001021774 28 0 0 0 28 0 0
EGAN00001021779 17 0 0 0 17 0 0
EGAN00001021807 15 0 0 0 15 0 0
EGAN00001021818 16 0 0 0 16 0 0
EGAN00001021838 17 0 0 0 17 0 0
EGAN00001021842 30 0 0 1 29 0 0
EGAN00001021852 18 0 0 0 18 0 0
EGAN00001021861 25 0 0 0 25 0 0
EGAN00001021877 22 0 0 0 22 0 0
EGAN00001021992 10 0 0 0 10 0 0
EGAN00001021995 16 0 0 0 16 0 0
EGAN00001022009 23 0 0 0 23 0 0
EGAN00001022024 23 0 0 0 22 1 0
EGAN00001022028 21 0 0 0 21 0 0
EGAN00001022070 22 0 0 0 22 0 0
EGAN00001022071 30 0 0 0 30 0 0
EGAN00001022073 28 0 0 0 28 0 0
EGAN00001022269 20 0 0 0 20 0 0
EGAN00001022287 16 0 0 0 15 1 0
EGAN00001022694 24 0 0 0 24 0 0
EGAN00001022728 25 0 0 0 25 0 0
EGAN00001022747 19 0 0 0 19 0 0
EGAN00001022776 25 0 0 0 25 0 0
EGAN00001022786 24 0 0 0 24 0 0
EGAN00001022788 21 0 0 0 21 0 0
EGAN00001022798 16 0 0 0 15 0 1
EGAN00001022907 19 0 0 0 19 0 0
EGAN00001022925 30 0 0 0 30 0 0
EGAN00001022928 34 0 0 1 33 0 0
EGAN00001022933 16 0 0 0 16 0 0
EGAN00001022944 19 0 0 0 19 0 0
EGAN00001022965 39 0 0 0 39 0 0
EGAN00001022970 21 0 0 0 21 0 0
EGAN00001022976 23 0 0 0 23 0 0
EGAN00001022977 25 0 0 0 24 1 0
EGAN00001022985 24 0 0 0 24 0 0
EGAN00001022994 16 0 0 0 16 0 0
EGAN00001022999 55 0 0 0 55 0 0
EGAN00001023013 19 0 0 1 18 0 0
EGAN00001023048 13 0 0 0 13 0 0
EGAN00001023052 25 0 0 0 25 0 0
EGAN00001023062 31 0 0 0 31 0 0
EGAN00001023065 22 0 0 1 21 0 0
EGAN00001023090 19 0 0 0 19 0 0
EGAN00001023109 19 0 0 0 19 0 0
EGAN00001023113 24 0 0 0 24 0 0
EGAN00001023144 22 0 0 0 22 0 0
EGAN00001023149 20 0 0 0 20 0 0
EGAN00001023165 26 0 0 0 26 0 0
EGAN00001023440 24 0 1 0 23 0 0
EGAN00001023443 17 0 0 0 16 1 0
EGAN00001023451 16 0 0 0 16 0 0
EGAN00001023536 20 0 0 0 20 0 0
EGAN00001024052 27 0 0 0 27 0 0
EGAN00001024169 36 0 0 0 36 0 0
EGAN00001024175 25 0 0 0 25 0 0
EGAN00001024242 19 0 0 0 19 0 0
EGAN00001024268 21 0 0 0 21 0 0
EGAN00001024339 17 0 0 0 17 0 0
EGAN00001025821 31 0 0 0 31 0 0
EGAN00001025877 21 0 0 0 21 0 0
EGAN00001026203 29 0 0 0 29 0 0
EGAN00001026429 20 0 0 0 20 0 0
EGAN00001026576 26 0 0 0 26 0 0
EGAN00001026589 21 0 0 0 21 0 0
EGAN00001026598 21 0 0 0 21 0 0
EGAN00001026629 26 0 0 0 26 0 0
EGAN00001026694 16 0 0 0 16 0 0
EGAN00001026814 20 0 0 0 20 0 0
EGAN00001027202 26 0 0 0 26 0 0
EGAN00001027204 27 0 0 0 27 0 0
EGAN00001027205 12 0 0 0 12 0 0
EGAN00001027212 22 0 0 0 22 0 0
EGAN00001027340 20 0 0 0 20 0 0
EGAN00001027395 22 0 0 0 22 0 0
EGAN00001027418 24 0 0 0 24 0 0
EGAN00001027453 33 0 0 1 32 0 0
EGAN00001027462 23 0 0 0 23 0 0
EGAN00001027463 32 0 0 0 32 0 0
EGAN00001027475 24 0 0 0 24 0 0
EGAN00001027505 10 0 0 0 10 0 0
EGAN00001027540 23 0 0 0 23 0 0
EGAN00001073920 13 0 0 0 13 0 0
EGAN00001073921 15 0 0 0 15 0 0
EGAN00001073922 20 0 0 0 20 0 0
EGAN00001074781 21 0 0 0 21 0 0
EGAN00001074834 28 0 0 0 28 0 0
EGAN00001074854 13 0 0 0 13 0 0
EGAN00001074864 25 0 0 0 25 0 0
EGAN00001074869 27 0 0 0 27 0 0
EGAN00001074873 17 0 0 0 17 0 0
EGAN00001074875 24 0 0 0 24 0 0
EGAN00001079317 23 0 0 0 23 0 0
EGAN00001079328 20 0 0 0 20 0 0
EGAN00001079401 20 0 0 0 20 0 0
EGAN00001079414 11 0 0 0 11 0 0
EGAN00001079479 24 0 0 0 24 0 0
EGAN00001079481 15 0 0 0 15 0 0
EGAN00001079505 18 0 0 0 18 0 0
EGAN00001079506 19 0 0 0 19 0 0
EGAN00001079561 23 0 0 0 23 0 0
EGAN00001079572 16 0 0 0 16 0 0
EGAN00001079662 27 0 0 0 27 0 0
EGAN00001079666 21 0 0 0 21 0 0
EGAN00001079696 29 0 0 0 29 0 0
EGAN00001079780 16 0 0 0 16 0 0
EGAN00001080216 14 0 0 0 14 0 0
EGAN00001080226 27 0 0 0 27 0 0
EGAN00001240157 18 0 0 0 18 0 0
EGAN00001240272 25 0 0 0 25 0 0
EGAN00001240612 17 0 0 0 17 0 0
EGAN00001240628 26 0 0 0 26 0 0
EGAN00001240764 25 0 0 0 25 0 0
EGAN00001240779 15 0 0 0 15 0 0
EGAN00001240905 20 0 0 1 19 0 0
EGAN00001241156 15 0 0 0 15 0 0
EGAN00001241214 14 0 0 0 14 0 0
EGAN00001241247 15 0 0 0 15 0 0
EGAN00001241334 17 0 0 0 17 0 0
EGAN00001241394 16 0 0 0 16 0 0
EGAN00001241506 19 0 0 0 19 0 0
EGAN00001241817 13 0 0 0 13 0 0
EGAN00001241861 32 0 0 0 32 0 0
EGAN00001241906 16 0 0 0 16 0 0
EGAN00001241963 17 0 0 0 17 0 0
EGAN00001241982 34 0 0 0 34 0 0
EGAN00001242082 18 0 0 0 18 0 0
EGAN00001242253 13 0 0 0 13 0 0
EGAN00001242280 19 0 0 0 19 0 0
EGAN00001242309 19 0 0 0 19 0 0
EGAN00001242516 14 0 0 0 14 0 0
EGAN00001242562 16 0 0 0 16 0 0
EGAN00001242628 25 0 0 0 25 0 0
EGAN00001242652 23 0 0 0 22 1 0
EGAN00001242720 24 0 0 0 24 0 0
EGAN00001242723 16 0 0 0 16 0 0
EGAN00001242952 21 0 0 0 21 0 0
EGAN00001243036 25 0 0 0 25 0 0
EGAN00001243053 29 0 0 0 29 0 0
EGAN00001243054 21 0 0 0 19 2 0
EGAN00001243109 31 0 0 0 31 0 0
EGAN00001243140 20 0 0 0 20 0 0
EGAN00001243144 26 0 0 0 26 0 0
EGAN00001243226 18 0 0 0 18 0 0
EGAN00001243294 11 0 0 0 11 0 0
EGAN00001243323 15 0 0 0 15 0 0
EGAN00001243343 19 0 0 0 18 1 0
EGAN00001243402 29 0 0 0 29 0 0
EGAN00001243503 18 0 0 0 18 0 0
EGAN00001243681 15 0 0 0 15 0 0
EGAN00001243731 17 0 0 0 17 0 0
EGAN00001243755 15 0 0 0 15 0 0
EGAN00001243780 14 0 1 0 13 0 0
EGAN00001243786 24 0 0 0 24 0 0
EGAN00001243946 21 0 0 0 21 0 0
EGAN00001244068 29 0 0 0 29 0 0
EGAN00001244108 25 0 0 0 25 0 0
EGAN00001244157 24 0 0 0 24 0 0
EGAN00001244308 30 0 0 0 30 0 0
EGAN00001244475 30 0 0 0 30 0 0
EGAN00001244572 18 0 0 0 16 2 0
EGAN00001244592 17 0 1 0 16 0 0
EGAN00001244659 22 0 0 0 22 0 0
EGAN00001244730 12 0 0 0 12 0 0
EGAN00001244763 25 0 0 0 25 0 0
EGAN00001244776 19 0 0 0 19 0 0
EGAN00001245103 19 0 0 0 19 0 0
EGAN00001245122 25 0 0 0 25 0 0
EGAN00001245134 13 0 0 0 13 0 0
EGAN00001245179 13 0 0 0 13 0 0
EGAN00001245323 19 0 0 0 19 0 0
EGAN00001245434 24 0 0 1 23 0 0
EGAN00001245840 17 0 0 0 17 0 0
EGAN00001246009 23 0 0 0 23 0 0
EGAN00001246021 27 0 0 0 27 0 0
EGAN00001246023 19 0 0 0 19 0 0
EGAN00001246063 15 0 0 0 15 0 0
EGAN00001246077 22 0 0 0 22 0 0
EGAN00001246246 16 0 0 0 16 0 0
EGAN00001246783 21 0 0 0 21 0 0
EGAN00001247049 22 0 0 0 22 0 0
EGAN00001247152 17 0 0 0 17 0 0
EGAN00001247246 24 0 0 0 22 2 0
EGAN00001247313 22 0 0 0 21 0 1
EGAN00001247500 13 0 0 0 13 0 0
EGAN00001247568 18 0 1 0 17 0 0
EGAN00001247658 16 0 0 0 16 0 0
EGAN00001247674 21 0 0 0 21 0 0
EGAN00001247681 17 0 0 0 17 0 0
EGAN00001267728 19 0 0 0 19 0 0
EGAN00001267991 18 0 0 0 18 0 0
EGAN00001277294 29 0 0 0 29 0 0
EGAN00001277295 34 0 0 0 34 0 0
EGAN00001385049 23 0 0 0 23 0 0
EGAN00001385050 18 0 0 0 18 0 0
EGAN00001385053 19 0 0 0 19 0 0
EGAN00001385060 20 0 0 0 20 0 0
EGAN00001385062 18 0 0 1 17 0 0
EGAN00001385083 20 0 0 0 20 0 0
EGAN00001385135 14 0 0 0 14 0 0
EGAN00001385146 17 0 0 0 17 0 0
EGAN00001385155 15 0 0 0 15 0 0
EGAN00001385160 22 0 0 0 22 0 0
EGAN00001385169 15 0 0 0 15 0 0
EGAN00001385173 18 0 0 0 18 0 0
EGAN00001385177 15 0 0 0 15 0 0
EGAN00001385180 15 0 0 0 15 0 0
EGAN00001385182 17 0 0 0 16 1 0
EGAN00001385184 21 0 0 0 21 0 0
EGAN00001385193 15 0 0 0 15 0 0
EGAN00001385212 18 0 0 0 18 0 0
EGAN00001385222 14 0 0 0 14 0 0
EGAN00001385223 23 0 0 0 23 0 0
EGAN00001385232 15 0 0 0 15 0 0
EGAN00001385237 16 0 0 0 16 0 0
EGAN00001385246 14 0 0 0 14 0 0
EGAN00001385268 20 0 0 0 20 0 0
EGAN00001385280 20 0 0 0 20 0 0
EGAN00001385284 16 0 0 0 16 0 0
EGAN00001385305 17 0 0 0 17 0 0
EGAN00001385313 14 0 0 0 14 0 0
EGAN00001385352 22 0 0 0 22 0 0
EGAN00001385361 26 0 0 0 26 0 0
EGAN00001385393 25 0 0 0 25 0 0
EGAN00001385395 17 0 0 0 17 0 0
EGAN00001385442 16 0 0 0 16 0 0
EGAN00001385443 16 0 0 0 16 0 0
EGAN00001385444 26 0 1 1 24 0 0
EGAN00001385447 18 0 0 0 18 0 0
EGAN00001385448 22 0 0 0 22 0 0
EGAN00001385449 12 0 0 0 12 0 0
EGAN00001385467 14 0 0 0 14 0 0
EGAN00001385469 18 0 0 0 18 0 0
EGAN00001385479 23 0 0 0 23 0 0
EGAN00001385496 21 0 0 0 21 0 0
EGAN00001385516 15 0 0 0 15 0 0
EGAN00001385522 18 0 0 0 18 0 0
EGAN00001385535 23 0 0 0 23 0 0
EGAN00001385539 18 0 0 0 18 0 0
EGAN00001385550 17 0 0 0 17 0 0
EGAN00001385578 27 0 0 0 27 0 0
EGAN00001385611 14 0 0 0 14 0 0
EGAN00001385616 23 0 0 0 23 0 0
EGAN00001385617 18 0 0 0 17 1 0
EGAN00001385627 14 0 0 0 14 0 0
EGAN00001385651 28 0 0 0 28 0 0
EGAN00001385655 18 0 0 0 18 0 0
EGAN00001385657 22 0 0 0 22 0 0
EGAN00001385673 26 0 0 1 25 0 0
EGAN00001385678 13 0 0 0 13 0 0
EGAN00001385688 19 0 0 0 19 0 0
EGAN00001385695 35 0 0 0 35 0 0
EGAN00001385699 23 0 0 0 23 0 0
EGAN00001385709 19 0 0 0 19 0 0
EGAN00001385738 18 0 0 0 18 0 0
EGAN00001385744 18 0 0 0 18 0 0
EGAN00001385746 21 0 0 0 21 0 0
EGAN00001385749 21 0 0 0 21 0 0
EGAN00001385752 30 0 0 0 30 0 0
EGAN00001385756 15 0 0 0 15 0 0
EGAN00001385760 19 0 0 0 19 0 0
EGAN00001385768 14 0 0 0 14 0 0
EGAN00001403187 22 0 0 1 21 0 0
EGAN00001403699 23 0 0 0 23 0 0
EGAN00001403701 27 0 0 0 27 0 0
EGAN00001403713 16 0 0 0 15 1 0
EGAN00001403722 14 0 0 0 14 0 0
EGAN00001403725 21 0 0 0 21 0 0
EGAN00001403739 15 0 0 0 15 0 0
EGAN00001403743 24 0 0 0 24 0 0
EGAN00001403756 17 0 0 0 17 0 0
EGAN00001403757 11 0 0 0 11 0 0
EGAN00001403763 24 0 0 0 24 0 0
EGAN00001403785 21 0 0 0 21 0 0
EGAN00001403786 28 0 0 0 28 0 0
EGAN00001403795 30 0 0 0 29 1 0
EGAN00001403805 26 0 0 0 26 0 0
EGAN00001403812 22 0 0 0 22 0 0
EGAN00001403819 16 0 0 0 16 0 0
EGAN00001403823 15 0 0 0 15 0 0
EGAN00001403825 19 0 0 0 19 0 0
EGAN00001403838 23 0 0 1 22 0 0
EGAN00001403845 16 0 0 0 15 1 0
EGAN00001403870 19 0 0 1 18 0 0
EGAN00001403873 16 0 0 0 16 0 0
EGAN00001403874 19 0 0 0 19 0 0
EGAN00001403892 20 0 0 0 20 0 0
EGAN00001403903 19 0 0 0 19 0 0
EGAN00001403909 21 0 0 0 21 0 0
EGAN00001403920 18 0 0 0 18 0 0
EGAN00001403930 16 0 0 0 16 0 0
EGAN00001403933 18 0 0 0 18 0 0
EGAN00001403939 20 0 0 0 20 0 0
EGAN00001403943 19 0 0 0 19 0 0
EGAN00001403953 24 0 0 0 24 0 0
EGAN00001403963 17 0 0 0 17 0 0
EGAN00001403980 17 0 0 0 17 0 0
EGAN00001403981 18 0 0 0 18 0 0
EGAN00001403994 20 0 0 0 20 0 0
EGAN00001404034 16 0 0 0 16 0 0
EGAN00001404044 21 0 0 0 20 0 1
EGAN00001404050 23 0 0 0 23 0 0
EGAN00001404075 21 0 0 0 21 0 0
EGAN00001404090 12 0 0 0 12 0 0
EGAN00001404108 12 0 0 0 12 0 0
EGAN00001404119 29 0 0 0 29 0 0
EGAN00001404147 11 0 0 0 11 0 0
EGAN00001404151 15 0 0 0 15 0 0
EGAN00001404154 18 0 0 0 18 0 0
EGAN00001404484 17 0 0 0 17 0 0
EGAN00001439009 24 0 0 0 24 0 0
EGAN00001439015 21 0 0 0 21 0 0
EGAN00001439114 21 0 0 0 21 0 0
EGAN00001439126 21 0 0 1 20 0 0
EGAN00001439127 24 0 0 0 24 0 0
EGAN00001439130 20 0 0 0 20 0 0
EGAN00001439141 23 0 0 1 22 0 0
EGAN00001439154 21 0 0 0 21 0 0
EGAN00001439168 8 0 0 0 8 0 0
EGAN00001439176 18 0 0 0 18 0 0
EGAN00001439191 20 0 0 0 20 0 0
EGAN00001439204 8 0 0 0 8 0 0
EGAN00001439205 24 0 0 0 24 0 0
EGAN00001439214 31 0 0 0 30 1 0
EGAN00001439216 14 0 0 0 14 0 0
EGAN00001439223 20 0 0 0 20 0 0
EGAN00001439229 15 0 0 0 15 0 0
EGAN00001439230 10 0 0 0 10 0 0
EGAN00001439797 28 0 1 0 27 0 0
EGAN00001440377 19 0 0 0 19 0 0
EGAN00001440389 22 0 0 0 22 0 0
EGAN00001440396 12 0 0 1 11 0 0
EGAN00001440398 5 0 0 0 5 0 0
EGAN00001440407 20 0 0 0 20 0 0
EGAN00001440429 28 0 0 0 27 1 0
EGAN00001440468 15 0 0 0 15 0 0
EGAN00001440476 17 0 0 0 17 0 0
EGAN00001440495 22 0 0 0 22 0 0
EGAN00001440500 21 0 0 0 21 0 0
EGAN00001440514 19 0 0 0 19 0 0
EGAN00001440523 7 0 0 0 7 0 0
EGAN00001440524 17 0 0 1 16 0 0
EGAN00001440539 20 0 0 0 20 0 0
EGAN00001440542 13 0 0 0 13 0 0
EGAN00001440566 21 0 0 0 21 0 0
EGAN00001440641 30 0 0 0 30 0 0
EGAN00001440710 15 0 0 0 15 0 0
EGAN00001440723 15 0 0 0 14 1 0
EGAN00001442167 10 0 0 0 10 0 0
EGAN00001442174 20 0 0 0 20 0 0
EGAN00001442203 15 0 0 0 15 0 0
EGAN00001442204 26 0 0 0 26 0 0
EGAN00001442210 20 0 0 1 19 0 0
EGAN00001442231 11 0 0 0 11 0 0
EGAN00001442238 18 0 0 0 18 0 0
EGAN00001442436 20 0 0 0 20 0 0
EGAN00001442449 22 0 0 0 22 0 0
EGAN00001442458 22 0 0 0 22 0 0
EGAN00001442474 18 0 1 0 17 0 0
EGAN00001442489 18 0 0 0 18 0 0
EGAN00001443772 32 0 0 0 32 0 0
EGAN00001444312 26 0 0 0 26 0 0
EGAN00001444317 27 0 0 0 27 0 0
EGAN00001444318 23 0 0 0 23 0 0
EGAN00001444415 27 0 0 0 26 1 0
EGAN00001444475 23 0 0 0 23 0 0
EGAN00001444482 12 0 0 0 12 0 0
EGAN00001444841 20 0 0 0 20 0 0
EGAN00001444984 17 0 0 0 17 0 0
EGAN00001445004 24 0 0 0 24 0 0
EGAN00001445013 15 0 0 0 15 0 0
EGAN00001445033 26 0 0 0 26 0 0
EGAN00001445043 18 0 0 0 18 0 0
EGAN00001445071 17 0 0 0 17 0 0
EGAN00001445077 19 0 0 0 19 0 0
EGAN00001445079 23 0 0 0 23 0 0
EGAN00001445081 20 0 0 0 20 0 0
EGAN00001445085 27 0 0 0 27 0 0
EGAN00001445454 20 0 1 0 19 0 0
EGAN00001445456 26 0 0 0 26 0 0
EGAN00001445463 23 0 0 0 23 0 0
EGAN00001445494 20 0 0 0 20 0 0
EGAN00001445507 12 0 0 0 12 0 0
EGAN00001445512 11 0 0 0 11 0 0
EGAN00001445521 12 0 0 0 12 0 0
EGAN00001445525 19 0 0 0 19 0 0
EGAN00001446662 20 0 0 2 18 0 0
EGAN00001446688 19 0 0 0 19 0 0
EGAN00001446689 12 0 0 0 12 0 0
EGAN00001446697 15 0 0 0 15 0 0
EGAN00001486675 24 0 0 1 22 1 0
EGAN00001486681 19 0 0 0 19 0 0
EGAN00001486687 21 0 0 0 21 0 0
EGAN00001559552 27 0 0 0 27 0 0
EGAN00001559573 22 0 0 0 21 1 0
EGAN00001559631 22 0 0 0 22 0 0
EGAN00001559637 15 0 0 0 15 0 0
EGAN00001559644 25 0 1 0 24 0 0
EGAN00001559648 16 0 0 0 16 0 0
EGAN00001559656 15 0 0 0 15 0 0
EGAN00001559663 19 0 0 0 19 0 0
EGAN00001559670 15 0 0 0 15 0 0
EGAN00001559678 16 0 0 0 16 0 0
EGAN00001559693 21 0 0 1 20 0 0
EGAN00001559701 12 0 0 0 12 0 0
EGAN00001559716 20 0 0 0 20 0 0
EGAN00001559739 21 0 0 0 21 0 0
EGAN00001559761 15 0 0 0 15 0 0
EGAN00001559766 18 0 0 0 18 0 0
EGAN00001559774 21 0 0 0 21 0 0
EGAN00001559782 17 0 0 0 17 0 0
EGAN00001559799 23 0 0 0 23 0 0
EGAN00001559808 17 0 0 0 16 1 0
EGAN00001559814 16 0 0 0 16 0 0
EGAN00001559826 25 0 0 0 24 1 0
EGAN00001559843 14 0 0 1 13 0 0
EGAN00001559849 20 0 0 1 19 0 0
EGAN00001559881 18 0 0 0 18 0 0
EGAN00001559902 21 0 0 0 21 0 0
EGAN00001559926 23 0 0 0 23 0 0
EGAN00001559933 25 0 0 0 25 0 0
EGAN00001559939 23 0 0 0 23 0 0
EGAN00001559962 23 0 0 0 23 0 0
EGAN00001559967 16 0 0 0 16 0 0
EGAN00001559995 23 0 0 0 23 0 0
EGAN00001560016 18 0 0 0 18 0 0
EGAN00001560034 13 0 0 0 13 0 0
EGAN00001560035 27 0 0 0 27 0 0
EGAN00001560050 17 0 0 0 16 1 0
EGAN00001560052 20 0 0 0 20 0 0
EGAN00001560068 15 0 0 0 15 0 0
EGAN00001560084 25 0 0 0 25 0 0
EGAN00001560085 15 0 0 0 15 0 0
EGAN00001560090 20 0 0 0 20 0 0
EGAN00001560096 27 0 0 0 27 0 0
EGAN00001560098 20 0 0 0 20 0 0
EGAN00001560124 21 0 0 0 21 0 0
EGAN00001560145 19 0 0 0 19 0 0
EGAN00001560153 16 0 0 0 16 0 0
EGAN00001560162 16 0 0 0 16 0 0
EGAN00001560183 21 0 0 0 21 0 0
EGAN00001560192 16 0 0 0 16 0 0
EGAN00001560207 13 0 1 0 12 0 0
EGAN00001560214 23 0 1 0 22 0 0
EGAN00001560218 22 0 0 0 22 0 0
EGAN00001560231 20 0 0 0 20 0 0
EGAN00001560243 18 0 0 0 18 0 0
EGAN00001560269 22 0 0 0 22 0 0
EGAN00001560308 16 0 0 0 16 0 0
EGAN00001560313 12 0 0 0 12 0 0
EGAN00001560314 18 0 0 0 18 0 0
EGAN00001560320 10 0 0 0 10 0 0
EGAN00001560322 16 0 0 0 16 0 0
EGAN00001560332 14 0 0 0 14 0 0
EGAN00001560346 22 0 0 0 22 0 0
EGAN00001560356 15 0 0 0 15 0 0
EGAN00001560362 16 0 0 0 16 0 0
EGAN00001560370 22 0 0 0 22 0 0
EGAN00001560386 26 0 0 0 26 0 0
EGAN00001560396 11 0 0 0 11 0 0
EGAN00001560410 23 0 0 0 23 0 0
EGAN00001560418 23 0 0 0 23 0 0
EGAN00001560424 22 0 0 0 22 0 0
EGAN00001560448 23 0 0 0 23 0 0
EGAN00001560453 20 0 1 0 19 0 0
EGAN00001560464 24 0 0 0 24 0 0
EGAN00001560478 21 0 0 0 21 0 0
EGAN00001560485 24 0 0 0 24 0 0
EGAN00001560513 20 0 0 0 20 0 0
EGAN00001560515 17 0 0 0 17 0 0
EGAN00001560516 16 0 0 0 16 0 0
EGAN00001560524 30 0 0 0 30 0 0
EGAN00001560527 18 0 0 0 18 0 0
EGAN00001560540 15 0 0 0 15 0 0
EGAN00001560547 21 0 0 0 21 0 0
EGAN00001560549 26 0 0 0 26 0 0
EGAN00001560559 32 0 0 0 31 1 0
EGAN00001560583 19 0 0 0 19 0 0
EGAN00001560592 17 0 0 0 17 0 0
EGAN00001560595 20 0 0 0 20 0 0
EGAN00001560606 14 0 0 0 14 0 0
EGAN00001560609 19 0 0 0 19 0 0
EGAN00001560616 21 0 0 0 21 0 0
EGAN00001560633 17 0 0 0 16 1 0
EGAN00001560665 29 0 0 0 29 0 0
EGAN00001560675 18 0 0 0 18 0 0
EGAN00001560686 21 0 0 0 20 1 0
EGAN00001560693 10 0 0 0 10 0 0
EGAN00001560695 17 0 0 0 17 0 0
EGAN00001560708 19 0 0 0 19 0 0
EGAN00001560710 25 0 0 0 25 0 0
EGAN00001560737 22 0 0 0 22 0 0
EGAN00001560738 28 0 0 0 28 0 0
EGAN00001560739 18 0 0 0 18 0 0
EGAN00001560761 15 0 0 0 15 0 0
EGAN00001560769 19 0 0 0 19 0 0
EGAN00001560786 16 0 0 0 16 0 0
EGAN00001560788 20 0 0 0 20 0 0
EGAN00001560813 20 0 0 0 20 0 0
EGAN00001560820 9 0 0 1 8 0 0
EGAN00001560821 19 0 0 0 19 0 0
EGAN00001560824 28 0 0 0 28 0 0
EGAN00001560853 11 0 0 0 11 0 0
EGAN00001560869 16 0 0 0 16 0 0
EGAN00001560889 24 0 0 0 24 0 0
EGAN00001560906 19 0 0 0 19 0 0
EGAN00001560912 16 0 0 0 16 0 0
EGAN00001560929 9 0 0 0 9 0 0
EGAN00001560938 22 0 0 0 22 0 0
EGAN00001560951 18 0 0 0 18 0 0
EGAN00001560966 24 0 1 0 23 0 0
EGAN00001560974 23 0 0 0 23 0 0
EGAN00001560985 23 0 0 0 23 0 0
EGAN00001560994 25 0 0 0 25 0 0
EGAN00001560995 21 0 0 0 21 0 0
EGAN00001561020 21 0 0 0 21 0 0
EGAN00001561055 12 0 0 0 12 0 0
EGAN00001561079 19 0 0 0 19 0 0
EGAN00001561085 24 0 0 0 24 0 0
EGAN00001561103 22 0 0 0 22 0 0
EGAN00001561148 20 0 0 0 20 0 0
EGAN00001561154 20 0 0 0 20 0 0
EGAN00001561172 17 0 0 0 17 0 0
EGAN00001561199 14 0 0 0 14 0 0
EGAN00001561200 26 0 0 0 26 0 0
EGAN00001561201 16 0 0 0 16 0 0
EGAN00001561206 22 0 0 0 22 0 0
EGAN00001561221 24 0 0 0 24 0 0
EGAN00001561231 18 0 0 0 18 0 0
EGAN00001561234 24 0 0 1 23 0 0
EGAN00001561251 20 0 0 0 20 0 0
EGAN00001561252 25 0 0 0 25 0 0
EGAN00001561280 16 0 0 0 16 0 0
EGAN00001561296 25 0 0 0 25 0 0
EGAN00001561299 18 0 0 0 18 0 0
EGAN00001561303 24 0 0 0 24 0 0
EGAN00001561312 21 0 0 0 21 0 0
EGAN00001561373 14 0 0 0 14 0 0
EGAN00001561380 7 0 0 0 7 0 0
EGAN00001561393 19 0 0 0 19 0 0
EGAN00001561406 16 0 0 0 16 0 0
EGAN00001561412 23 0 0 1 22 0 0
EGAN00001561414 19 0 0 0 19 0 0
EGAN00001561425 12 0 0 0 12 0 0
EGAN00001561431 15 0 0 0 15 0 0
EGAN00001561442 22 0 0 0 22 0 0
EGAN00001561448 16 0 0 0 16 0 0
EGAN00001561453 15 0 0 0 15 0 0
EGAN00001561456 21 0 0 0 21 0 0
EGAN00001561458 16 0 0 0 16 0 0
EGAN00001561467 13 0 0 0 13 0 0
EGAN00001561476 19 0 0 0 19 0 0
EGAN00001561503 13 0 0 0 13 0 0
EGAN00001561508 17 0 0 0 17 0 0
EGAN00001561510 20 0 0 0 20 0 0
EGAN00001561542 17 0 0 0 17 0 0
EGAN00001561554 16 0 0 0 16 0 0
EGAN00001569013 16 0 0 0 16 0 0
EGAN00001572904 19 0 0 1 17 1 0
EGAN00001572939 30 0 0 1 28 1 0
EGAN00001575966 19 0 0 0 19 0 0
EGAN00001575982 18 0 0 0 18 0 0
EGAN00001576013 17 0 0 0 17 0 0
EGAN00001576017 25 0 0 0 25 0 0
EGAN00001576033 31 0 0 0 31 0 0
EGAN00001576040 24 0 0 0 24 0 0
EGAN00001576047 22 0 0 0 22 0 0
EGAN00001576056 23 0 0 0 23 0 0
EGAN00001576064 17 0 0 0 17 0 0
EGAN00001576068 16 0 0 0 16 0 0
EGAN00001576070 37 0 0 0 37 0 0
EGAN00001576074 25 0 0 0 25 0 0
EGAN00001576094 13 0 0 0 13 0 0
EGAN00001576100 19 0 0 0 19 0 0
EGAN00001576104 21 0 0 0 21 0 0
EGAN00001576114 25 0 0 0 25 0 0
EGAN00001576126 16 0 0 0 16 0 0
EGAN00001576168 22 0 0 0 22 0 0
EGAN00001576188 21 0 0 0 21 0 0
EGAN00001576205 27 0 0 0 27 0 0
EGAN00001576216 21 0 0 0 21 0 0
EGAN00001576226 15 0 0 0 15 0 0
EGAN00001576240 24 0 0 0 24 0 0
EGAN00001576245 24 0 0 0 24 0 0
EGAN00001576247 24 0 0 0 24 0 0
EGAN00001576249 26 0 0 0 26 0 0
EGAN00001576253 15 0 0 0 15 0 0
EGAN00001576258 20 0 0 1 18 1 0
EGAN00001576264 8 0 0 0 8 0 0
EGAN00001576272 22 0 0 0 22 0 0
EGAN00001576273 22 0 0 0 22 0 0
EGAN00001576277 16 0 0 0 16 0 0
EGAN00001576296 22 0 0 0 22 0 0
EGAN00001576314 19 0 0 0 19 0 0
EGAN00001576321 23 0 0 0 23 0 0
EGAN00001576324 30 0 0 0 29 0 1
EGAN00001576334 34 0 0 0 34 0 0
EGAN00001576367 26 0 0 0 26 0 0
EGAN00001576379 28 0 0 0 28 0 0
EGAN00001576393 26 0 0 0 26 0 0
EGAN00001576415 13 0 0 0 13 0 0
EGAN00001576428 27 0 0 0 27 0 0
EGAN00001576431 24 0 0 0 24 0 0
EGAN00001576439 15 0 0 0 15 0 0
EGAN00001576442 14 0 0 0 14 0 0
EGAN00001576452 23 0 0 0 23 0 0
EGAN00001576459 21 0 0 0 21 0 0
EGAN00001576482 20 0 0 0 20 0 0
EGAN00001576490 16 0 0 0 16 0 0
EGAN00001576502 26 0 0 0 26 0 0
EGAN00001576514 23 0 0 0 23 0 0
EGAN00001576515 10 0 0 0 10 0 0
EGAN00001576553 16 0 0 0 16 0 0
EGAN00001576555 23 0 0 1 22 0 0
EGAN00001576558 16 0 0 0 16 0 0
EGAN00001576566 31 0 0 0 31 0 0
EGAN00001576575 22 0 0 0 22 0 0
EGAN00001576611 12 0 0 0 12 0 0
EGAN00001576639 19 0 0 0 19 0 0
EGAN00001576651 36 0 0 0 36 0 0
EGAN00001576682 17 0 0 0 17 0 0
EGAN00001576692 17 0 0 0 17 0 0
EGAN00001576705 18 0 0 0 18 0 0
EGAN00001576718 20 0 0 0 20 0 0
EGAN00001579169 29 0 0 0 28 1 0
EGAN00001579171 14 0 0 0 14 0 0
EGAN00001583153 22 0 0 0 21 1 0
EGAN00001583162 11 0 0 0 11 0 0
EGAN00001583163 12 0 0 0 12 0 0
EGAN00001583178 18 0 0 0 18 0 0
EGAN00001583180 10 0 0 0 10 0 0
EGAN00001583181 24 0 0 0 24 0 0
EGAN00001583193 17 0 0 0 17 0 0
EGAN00001583197 10 0 0 0 10 0 0
EGAN00001583205 15 0 0 0 15 0 0
EGAN00001583212 24 0 0 0 24 0 0
EGAN00001583219 18 0 0 0 18 0 0
EGAN00001583224 18 0 0 0 18 0 0
EGAN00001583226 18 0 1 0 17 0 0
EGAN00001583243 19 0 0 0 19 0 0
EGAN00001583244 23 0 0 0 23 0 0
EGAN00001583254 27 0 0 0 27 0 0
EGAN00001583261 15 0 0 0 15 0 0
EGAN00001583263 26 0 0 0 26 0 0
EGAN00001583265 23 0 0 0 23 0 0
EGAN00001583284 21 0 0 0 21 0 0
EGAN00001583286 23 0 0 0 23 0 0
EGAN00001583301 19 0 0 0 19 0 0
EGAN00001583306 22 0 0 0 21 1 0
EGAN00001583343 13 0 0 0 13 0 0
EGAN00001583345 22 0 0 0 22 0 0
EGAN00001583356 10 0 0 0 10 0 0
EGAN00001583369 17 0 0 0 17 0 0
EGAN00001583385 16 0 0 0 16 0 0
EGAN00001583389 19 0 1 0 18 0 0
EGAN00001583391 16 0 0 0 16 0 0
EGAN00001583392 11 0 1 0 10 0 0
EGAN00001583412 23 0 0 0 23 0 0
EGAN00001583457 14 0 0 0 14 0 0
EGAN00001583470 24 0 0 0 24 0 0
EGAN00001583494 12 0 0 0 12 0 0
EGAN00001583512 15 0 0 0 15 0 0
EGAN00001583541 17 0 0 0 17 0 0
EGAN00001583549 17 0 0 1 16 0 0
EGAN00001583560 17 0 0 0 17 0 0
EGAN00001583568 20 0 0 0 20 0 0
EGAN00001583572 25 0 0 0 25 0 0
EGAN00001583582 25 0 0 0 25 0 0
EGAN00001583601 24 0 0 0 24 0 0
EGAN00001583605 21 0 0 0 21 0 0
EGAN00001583609 24 0 0 0 24 0 0
EGAN00001583611 15 0 0 0 15 0 0
EGAN00001583640 14 0 0 0 14 0 0
EGAN00001583651 16 0 0 0 16 0 0
EGAN00001583686 19 0 0 0 19 0 0
EGAN00001583692 24 0 0 0 24 0 0
EGAN00001583724 18 0 0 0 18 0 0
EGAN00001583742 22 0 0 0 22 0 0
EGAN00001583765 26 0 0 0 25 1 0
EGAN00001583766 19 0 0 0 19 0 0
EGAN00001583772 22 0 0 0 22 0 0
EGAN00001583814 13 0 0 0 13 0 0
EGAN00001583825 21 0 0 0 21 0 0
EGAN00001583828 29 0 0 0 29 0 0
EGAN00001583831 20 0 0 0 20 0 0
EGAN00001583841 17 0 0 0 17 0 0
EGAN00001583853 15 0 0 0 15 0 0
EGAN00001583858 14 0 0 0 14 0 0
EGAN00001583868 12 0 0 0 12 0 0
EGAN00001583899 19 0 0 0 19 0 0
EGAN00001583921 18 0 0 0 18 0 0
EGAN00001583924 30 0 0 0 30 0 0
EGAN00001583925 14 0 0 0 14 0 0
EGAN00001583933 22 0 0 0 22 0 0
EGAN00001584036 23 0 0 0 23 0 0
EGAN00001584047 26 0 0 0 26 0 0
EGAN00001584049 17 0 0 0 17 0 0
EGAN00001584057 13 0 0 0 13 0 0
EGAN00001584062 18 0 0 0 18 0 0
EGAN00001584081 26 0 0 1 25 0 0
EGAN00001584088 21 0 0 0 21 0 0
EGAN00001584090 26 0 0 0 26 0 0
EGAN00001584093 16 0 0 0 16 0 0
EGAN00001584094 21 0 0 0 21 0 0
EGAN00001584105 19 0 0 0 19 0 0
EGAN00001584106 19 0 0 0 19 0 0
EGAN00001584115 13 0 0 0 12 1 0
EGAN00001584121 19 0 0 0 19 0 0
EGAN00001584137 19 0 0 0 19 0 0
EGAN00001584139 16 0 0 0 16 0 0
EGAN00001584140 21 0 0 0 21 0 0
EGAN00001584144 23 0 0 0 23 0 0
EGAN00001584198 18 0 0 0 18 0 0
EGAN00001584205 19 0 0 0 19 0 0
EGAN00001584210 15 0 0 0 15 0 0
EGAN00001584212 19 0 0 0 19 0 0
EGAN00001584219 24 0 0 0 24 0 0
EGAN00001584226 16 0 0 0 16 0 0
EGAN00001584245 17 0 0 0 17 0 0
EGAN00001584254 11 0 0 0 11 0 0
EGAN00001584279 12 0 0 0 12 0 0
EGAN00001584280 14 0 0 0 14 0 0
EGAN00001584292 24 0 0 0 24 0 0
EGAN00001584299 13 0 0 0 13 0 0
EGAN00001584334 9 0 0 0 9 0 0
EGAN00001584348 16 0 0 0 15 1 0
EGAN00001584355 20 0 0 0 20 0 0
EGAN00001584367 26 0 0 0 26 0 0
EGAN00001584368 30 0 0 0 30 0 0
EGAN00001584369 28 0 0 0 28 0 0
EGAN00001584374 18 0 0 0 18 0 0
EGAN00001584384 14 0 0 0 14 0 0
EGAN00001584389 16 0 0 0 15 1 0
EGAN00001584393 27 0 0 0 27 0 0
EGAN00001584404 15 0 0 0 15 0 0
EGAN00001584410 20 0 0 0 20 0 0
EGAN00001584419 21 0 0 0 20 1 0
EGAN00001584421 15 0 1 0 14 0 0
EGAN00001584426 17 0 0 0 17 0 0
EGAN00001584447 18 0 0 0 18 0 0
EGAN00001584469 20 0 0 0 20 0 0
EGAN00001584470 21 0 0 0 21 0 0
EGAN00001584475 18 0 0 0 18 0 0
EGAN00001584497 12 0 0 0 12 0 0
EGAN00001584525 18 0 0 0 18 0 0
EGAN00001584530 17 0 0 0 17 0 0
EGAN00001584531 16 0 0 0 16 0 0
EGAN00001584562 16 0 0 0 16 0 0
EGAN00001584578 25 0 0 0 25 0 0
EGAN00001584585 23 0 0 0 23 0 0
EGAN00001584587 16 0 0 0 16 0 0
EGAN00001584590 16 0 0 0 16 0 0
EGAN00001584594 20 0 0 0 20 0 0
EGAN00001584621 22 0 0 0 22 0 0
EGAN00001584662 16 0 0 0 16 0 0
EGAN00001584670 24 0 0 0 24 0 0
EGAN00001584681 20 0 0 0 20 0 0
EGAN00001584682 15 0 0 0 15 0 0
EGAN00001584686 18 0 0 0 18 0 0
EGAN00001584695 25 0 0 1 24 0 0
EGAN00001584701 18 0 0 0 18 0 0
EGAN00001584748 15 0 0 0 15 0 0
EGAN00001584752 24 0 0 0 24 0 0
EGAN00001584770 20 0 0 0 20 0 0
EGAN00001584776 16 0 0 0 16 0 0
EGAN00001584789 14 0 0 0 14 0 0
EGAN00001584799 20 0 0 0 20 0 0
EGAN00001584807 19 0 0 0 19 0 0
EGAN00001584818 18 0 0 0 18 0 0
EGAN00001584827 28 0 0 0 28 0 0
EGAN00001584831 19 0 0 0 19 0 0
EGAN00001584844 19 0 0 0 19 0 0
EGAN00001584856 23 0 0 0 23 0 0
EGAN00001584876 21 0 0 1 20 0 0
EGAN00001584878 14 0 0 0 14 0 0
EGAN00001584887 10 0 0 0 10 0 0
EGAN00001584890 15 0 0 0 15 0 0
EGAN00001584902 24 0 0 0 24 0 0
EGAN00001584908 23 0 0 0 23 0 0
EGAN00001584924 24 0 0 0 24 0 0
EGAN00001584927 20 0 0 0 20 0 0
EGAN00001584940 16 0 0 0 16 0 0
EGAN00001584952 14 0 0 0 14 0 0
EGAN00001584966 20 0 0 0 20 0 0
EGAN00001584970 16 0 0 0 16 0 0
EGAN00001584972 20 0 0 0 19 1 0
EGAN00001585037 20 0 0 0 20 0 0
EGAN00001585049 15 0 0 0 15 0 0
EGAN00001585062 16 0 0 0 16 0 0
EGAN00001585083 24 0 0 0 24 0 0
EGAN00001585105 26 0 0 0 26 0 0
EGAN00001585131 16 0 0 0 16 0 0
EGAN00001585136 14 0 0 0 14 0 0
EGAN00001585163 14 0 0 0 14 0 0
EGAN00001585167 24 0 0 0 24 0 0
EGAN00001585175 19 0 0 0 19 0 0
EGAN00001585178 19 0 0 0 19 0 0
EGAN00001585191 20 0 0 0 20 0 0
EGAN00001585193 26 0 0 1 25 0 0
EGAN00001585195 13 0 0 0 13 0 0
EGAN00001585197 14 0 0 0 14 0 0
EGAN00001585198 18 0 0 0 18 0 0
EGAN00001585202 17 0 0 0 17 0 0
EGAN00001585228 20 0 0 0 20 0 0
EGAN00001585231 26 0 0 0 26 0 0
EGAN00001585239 23 0 0 0 23 0 0
EGAN00001585244 15 0 0 0 15 0 0
EGAN00001585262 27 0 0 0 27 0 0
EGAN00001585265 19 0 0 0 19 0 0
EGAN00001585280 20 0 0 0 20 0 0
EGAN00001585318 22 0 0 0 22 0 0
EGAN00001585319 26 0 0 0 26 0 0
EGAN00001585322 19 0 0 0 19 0 0
EGAN00001585328 19 0 0 0 19 0 0
EGAN00001585331 17 0 0 0 17 0 0
EGAN00001585337 23 0 0 1 21 1 0
EGAN00001585349 25 0 0 0 25 0 0
EGAN00001585350 19 0 0 0 19 0 0
EGAN00001585368 19 0 0 0 19 0 0
EGAN00001585387 20 0 0 0 20 0 0
EGAN00001585388 20 0 0 0 20 0 0
EGAN00001585391 23 0 0 0 22 1 0
EGAN00001585393 18 0 0 0 18 0 0
EGAN00001585404 19 0 0 0 19 0 0
EGAN00001585423 18 0 0 0 18 0 0
EGAN00001585439 18 0 0 0 17 1 0
EGAN00001585440 12 0 0 0 12 0 0
EGAN00001585449 20 0 0 0 20 0 0
EGAN00001585462 28 0 0 0 28 0 0
EGAN00001585473 22 0 0 0 22 0 0
EGAN00001585477 15 0 0 0 15 0 0
EGAN00001585491 20 0 0 0 20 0 0
EGAN00001585505 16 0 0 0 16 0 0
EGAN00001585506 25 0 0 1 23 0 1
EGAN00001585507 18 0 0 0 18 0 0
EGAN00001585518 20 0 0 0 20 0 0
EGAN00001585529 19 0 0 1 18 0 0
EGAN00001585530 18 0 0 0 18 0 0
EGAN00001585536 29 0 0 0 29 0 0
EGAN00001585557 16 0 0 0 16 0 0
EGAN00001585560 19 0 0 0 19 0 0
EGAN00001585569 16 0 0 0 15 1 0
EGAN00001585604 16 0 0 0 16 0 0
EGAN00001585621 15 0 0 0 15 0 0
EGAN00001585625 20 0 0 0 20 0 0
EGAN00001585628 15 0 0 0 15 0 0
EGAN00001585629 26 0 0 0 26 0 0
EGAN00001585639 12 0 0 0 11 1 0
EGAN00001585649 35 0 0 0 35 0 0
EGAN00001585650 17 0 0 0 17 0 0
EGAN00001585657 18 0 0 0 18 0 0
EGAN00001585676 25 0 0 0 25 0 0
EGAN00001585681 27 0 0 0 27 0 0
EGAN00001585693 13 0 0 0 13 0 0
EGAN00001585705 19 0 0 0 18 1 0
EGAN00001585726 19 0 0 0 19 0 0
EGAN00001585735 25 0 0 0 25 0 0
EGAN00001585751 25 0 0 0 25 0 0
EGAN00001585755 27 0 0 0 27 0 0
EGAN00001585773 16 0 0 0 16 0 0
EGAN00001585802 12 0 0 1 11 0 0
EGAN00001585821 20 0 0 0 20 0 0
EGAN00001585822 13 0 0 0 13 0 0
EGAN00001585840 21 0 0 0 21 0 0
EGAN00001585842 19 0 0 0 19 0 0
EGAN00001585849 24 0 0 0 24 0 0
EGAN00001585852 21 0 0 0 21 0 0
EGAN00001585857 24 0 0 0 24 0 0
EGAN00001585870 15 0 0 0 15 0 0
EGAN00001585871 9 0 0 1 8 0 0
EGAN00001585884 25 0 0 0 25 0 0
EGAN00001585910 21 0 0 0 21 0 0
EGAN00001585946 21 0 0 0 20 1 0
EGAN00001585953 17 0 0 0 17 0 0
EGAN00001585980 26 0 0 0 26 0 0
EGAN00001585989 21 0 0 0 21 0 0
EGAN00001586004 18 0 0 1 17 0 0
EGAN00001586011 26 0 0 0 26 0 0
EGAN00001586036 22 0 0 0 22 0 0
EGAN00001586045 13 0 0 0 13 0 0
EGAN00001586049 21 0 0 0 21 0 0
EGAN00001586050 26 0 0 0 26 0 0
EGAN00001586055 12 0 0 0 12 0 0
EGAN00001586060 19 0 0 0 19 0 0
EGAN00001586066 20 0 0 0 20 0 0
EGAN00001586069 20 0 0 0 20 0 0
EGAN00001586081 17 0 0 0 17 0 0
EGAN00001586083 22 0 0 0 22 0 0
EGAN00001586104 24 0 0 0 24 0 0
EGAN00001586112 15 0 0 0 15 0 0
EGAN00001586117 16 0 0 0 16 0 0
EGAN00001586125 22 0 0 0 22 0 0
EGAN00001586148 23 0 0 0 23 0 0
EGAN00001586165 17 0 0 0 17 0 0
EGAN00001586175 23 0 0 0 23 0 0
EGAN00001586181 21 0 0 1 20 0 0
EGAN00001586191 24 0 0 0 24 0 0
EGAN00001586205 22 0 0 0 22 0 0
EGAN00001586206 17 0 0 0 17 0 0
EGAN00001599246 13 0 0 0 13 0 0
EGAN00001599251 15 0 0 0 15 0 0
EGAN00001599261 24 0 0 0 24 0 0
EGAN00001599262 16 0 0 0 16 0 0
EGAN00001599270 21 0 0 0 21 0 0
EGAN00001599275 21 0 0 0 21 0 0
EGAN00001599281 20 0 0 0 20 0 0
EGAN00001599290 19 0 0 0 19 0 0
EGAN00001599298 20 0 0 0 20 0 0
EGAN00001599353 24 0 0 0 24 0 0
EGAN00001599360 20 0 0 0 20 0 0
EGAN00001599375 18 0 0 0 18 0 0
EGAN00001599391 31 0 0 0 31 0 0
EGAN00001599393 16 0 0 0 16 0 0
EGAN00001599404 28 0 0 0 28 0 0
EGAN00001599406 22 0 0 0 22 0 0
EGAN00001599407 18 0 0 1 17 0 0
EGAN00001599410 14 0 0 0 14 0 0
EGAN00001599411 25 0 0 0 25 0 0
EGAN00001599421 16 0 0 0 16 0 0
EGAN00001599432 25 0 0 0 25 0 0
EGAN00001599445 17 0 0 0 17 0 0
EGAN00001599448 28 0 0 0 28 0 0
EGAN00001599449 10 0 0 0 10 0 0
EGAN00001599452 18 0 0 0 18 0 0
EGAN00001599455 15 0 0 0 15 0 0
EGAN00001599456 17 0 0 0 17 0 0
EGAN00001599457 18 0 0 0 18 0 0
EGAN00001599461 17 0 0 0 17 0 0
EGAN00001599480 18 0 0 0 18 0 0
EGAN00001599501 18 0 0 0 18 0 0
EGAN00001599506 17 0 0 0 17 0 0
EGAN00001599542 17 0 0 0 16 0 1
EGAN00001599555 24 0 0 1 23 0 0
EGAN00001599567 14 0 0 0 14 0 0
EGAN00001599576 22 0 0 0 22 0 0
EGAN00001599593 13 0 0 0 13 0 0
EGAN00001599599 11 0 0 0 11 0 0
EGAN00001599625 14 0 0 0 14 0 0
EGAN00001599637 21 0 0 0 21 0 0
EGAN00001599655 34 0 1 0 33 0 0
EGAN00001599686 25 0 0 0 25 0 0
EGAN00001599694 20 0 0 0 20 0 0
EGAN00001599696 20 0 0 0 20 0 0
EGAN00001599700 28 0 0 0 28 0 0
EGAN00001599703 25 0 0 0 25 0 0
EGAN00001599711 32 0 0 0 32 0 0
EGAN00001599722 15 0 0 0 15 0 0
EGAN00001599749 24 0 0 0 24 0 0
EGAN00001599760 21 0 0 0 21 0 0
EGAN00001599774 20 0 0 0 20 0 0
EGAN00001599777 15 0 0 0 15 0 0
EGAN00001599780 19 0 0 0 19 0 0
EGAN00001599802 23 0 0 0 23 0 0
EGAN00001599817 17 0 0 0 17 0 0
EGAN00001599825 26 0 0 0 26 0 0
EGAN00001599870 28 0 0 0 27 1 0
EGAN00001599876 16 0 0 0 16 0 0
EGAN00001599887 18 0 0 0 18 0 0
EGAN00001599896 19 0 0 0 19 0 0
EGAN00001599904 17 0 0 0 17 0 0
EGAN00001599915 19 0 0 0 19 0 0
EGAN00001599917 9 0 0 0 9 0 0
EGAN00001599932 21 0 0 0 21 0 0
EGAN00001671033 15 0 0 0 15 0 0
EGAN00001671807 24 0 0 0 24 0 0
EGAN00001671828 24 0 0 0 24 0 0
EGAN00001671840 15 0 0 0 15 0 0
EGAN00001671857 16 0 0 0 16 0 0
EGAN00001671875 16 0 0 0 16 0 0
EGAN00001671876 22 0 0 0 22 0 0
EGAN00001671878 22 0 0 0 22 0 0
EGAN00001671882 15 0 0 0 15 0 0
EGAN00001671919 19 0 0 0 19 0 0
EGAN00001671924 20 0 0 0 20 0 0
EGAN00001671928 22 0 0 0 22 0 0
EGAN00001671936 13 0 0 1 12 0 0
EGAN00001671948 21 0 0 0 21 0 0
EGAN00001671983 14 0 0 0 14 0 0
EGAN00001671999 9 0 0 0 9 0 0
EGAN00001672009 16 0 0 0 16 0 0
EGAN00001672013 19 0 0 0 19 0 0
EGAN00001672017 17 0 0 0 17 0 0
EGAN00001672025 15 0 0 0 15 0 0
EGAN00001672026 13 0 0 0 13 0 0
EGAN00001672054 27 0 0 0 26 1 0
EGAN00001672062 9 0 0 1 8 0 0
EGAN00001672074 22 0 0 0 22 0 0
EGAN00001672084 14 0 0 0 14 0 0
EGAN00001672093 15 0 0 0 14 1 0
EGAN00001672100 17 0 0 0 17 0 0
EGAN00001672104 19 0 1 0 18 0 0
EGAN00001672114 27 0 0 0 27 0 0
EGAN00001672116 20 0 0 0 20 0 0
EGAN00001672124 24 0 0 0 24 0 0
EGAN00001672126 20 0 0 0 20 0 0
EGAN00001672134 14 0 0 0 14 0 0
EGAN00001672147 27 0 0 0 26 0 1
EGAN00001672148 21 0 0 0 20 1 0
EGAN00001672152 13 0 0 0 13 0 0
EGAN00001672156 13 0 0 0 13 0 0
EGAN00001672161 17 0 0 0 17 0 0
EGAN00001672165 12 0 0 0 12 0 0
EGAN00001672169 18 0 0 0 18 0 0
EGAN00001672173 13 0 0 0 13 0 0
EGAN00001672178 18 0 0 0 18 0 0
EGAN00001672183 16 0 0 0 16 0 0
EGAN00001672190 7 0 0 0 7 0 0
EGAN00001672197 12 0 0 0 12 0 0
EGAN00001672210 19 0 0 0 19 0 0
EGAN00001672232 27 0 0 0 27 0 0
EGAN00001672243 17 0 0 0 17 0 0
EGAN00001672284 19 0 0 0 19 0 0
EGAN00001672288 15 0 0 0 15 0 0
EGAN00001672308 23 0 0 0 23 0 0
EGAN00001672316 11 0 0 0 11 0 0
EGAN00001672322 14 0 0 0 14 0 0
EGAN00001672330 28 0 0 0 28 0 0
EGAN00001672333 20 0 0 0 20 0 0
EGAN00001672334 15 0 0 0 15 0 0
EGAN00001672345 24 0 0 0 24 0 0
EGAN00001672354 12 0 0 0 12 0 0
EGAN00001672363 13 0 0 0 13 0 0
EGAN00001672376 17 0 0 0 17 0 0
EGAN00001672378 18 0 0 0 18 0 0
EGAN00001672383 7 0 0 0 7 0 0
EGAN00001672411 18 0 0 0 18 0 0
EGAN00001672428 24 0 0 0 24 0 0
EGAN00001672439 24 0 0 0 24 0 0
EGAN00001672452 17 0 0 0 17 0 0
EGAN00001672457 22 0 0 0 22 0 0
EGAN00001672462 13 0 0 0 12 1 0
EGAN00001672511 16 0 0 0 16 0 0
EGAN00001672536 19 0 0 0 19 0 0
EGAN00001672538 16 0 1 0 15 0 0
EGAN00001672542 20 0 0 0 20 0 0
EGAN00001672553 24 0 0 0 24 0 0
EGAN00001672554 13 0 0 0 13 0 0
EGAN00001672565 23 0 0 0 23 0 0
EGAN00001672572 16 0 0 0 16 0 0
EGAN00001672578 8 0 0 0 8 0 0
EGAN00001672580 19 0 0 0 19 0 0
EGAN00001672585 21 0 0 0 21 0 0
EGAN00001672593 24 0 0 0 24 0 0
EGAN00001672597 18 0 0 0 18 0 0
EGAN00001672601 18 0 0 0 18 0 0
EGAN00001672631 23 0 0 0 23 0 0
EGAN00001672646 18 0 0 0 18 0 0
EGAN00001672651 26 0 0 1 25 0 0
EGAN00001672675 19 0 0 0 19 0 0
EGAN00001672687 23 0 0 0 22 1 0
EGAN00001672714 34 0 0 0 33 1 0
EGAN00001672719 19 0 1 0 18 0 0
EGAN00001672736 18 0 0 0 18 0 0
EGAN00001672744 21 0 0 0 21 0 0
EGAN00001672745 22 0 0 0 22 0 0
EGAN00001672751 21 0 0 1 20 0 0
EGAN00001672763 16 0 1 0 15 0 0
EGAN00001672783 28 0 0 0 28 0 0
EGAN00001672790 22 0 0 0 22 0 0
EGAN00001672794 13 0 0 0 13 0 0
EGAN00001672797 15 0 0 0 15 0 0
EGAN00001672813 19 0 0 1 18 0 0
EGAN00001672820 30 0 0 0 30 0 0
EGAN00001672833 17 0 0 0 17 0 0
EGAN00001672839 24 0 0 0 23 0 1
EGAN00001672848 19 0 0 0 19 0 0
EGAN00001672870 19 0 0 0 19 0 0
EGAN00001672873 16 0 0 0 16 0 0
EGAN00001672877 24 0 0 1 23 0 0
EGAN00001672886 32 0 0 0 32 0 0
EGAN00001672896 28 0 0 0 28 0 0
EGAN00001672914 22 0 0 1 21 0 0
EGAN00001672923 17 0 0 0 17 0 0
EGAN00001672926 24 0 0 0 24 0 0
EGAN00001672930 17 0 0 0 16 1 0
EGAN00001672933 19 0 0 0 19 0 0
EGAN00001672940 18 0 0 0 17 1 0
EGAN00001672947 22 0 0 0 22 0 0
EGAN00001672969 20 0 0 0 20 0 0
EGAN00001672988 13 0 0 0 13 0 0
EGAN00001673014 20 0 0 0 20 0 0
EGAN00001673075 35 0 0 0 35 0 0
EGAN00001673103 24 0 0 0 24 0 0
EGAN00001673106 16 0 0 0 16 0 0
EGAN00001673115 21 0 0 0 21 0 0
EGAN00001673116 24 0 0 0 24 0 0
EGAN00001673128 29 0 0 0 29 0 0
EGAN00001673142 20 0 0 0 20 0 0
EGAN00001673167 22 0 0 0 22 0 0
EGAN00001673209 15 0 0 0 15 0 0
EGAN00001673245 15 0 0 0 15 0 0
EGAN00001673252 33 0 0 0 33 0 0
EGAN00001673257 24 0 0 0 24 0 0
EGAN00001673263 22 0 0 0 22 0 0
EGAN00001673285 13 0 0 0 13 0 0
EGAN00001673292 16 0 0 0 16 0 0
EGAN00001673302 13 0 0 0 13 0 0
EGAN00001673321 21 0 0 0 21 0 0
EGAN00001673329 24 0 0 0 24 0 0
EGAN00001673335 24 0 0 0 24 0 0
EGAN00001673347 15 0 0 0 15 0 0
EGAN00001673371 18 0 0 0 18 0 0
EGAN00001673418 20 0 0 0 20 0 0
EGAN00001673422 17 0 0 0 17 0 0
EGAN00001673446 21 0 0 0 21 0 0
EGAN00001673458 18 0 0 0 18 0 0
EGAN00001673521 17 0 0 0 17 0 0
EGAN00001673523 22 0 0 0 22 0 0
EGAN00001673532 12 0 0 0 12 0 0
EGAN00001673562 19 0 0 0 19 0 0
EGAN00001673578 14 0 0 0 14 0 0
EGAN00001673580 23 0 0 0 23 0 0
EGAN00001673583 21 0 0 0 21 0 0
EGAN00001673597 14 0 0 0 14 0 0
EGAN00001673607 12 0 0 0 12 0 0
EGAN00001673611 16 0 0 0 16 0 0
EGAN00001673632 17 0 0 0 17 0 0
EGAN00001673637 19 0 0 0 18 1 0
EGAN00001673670 21 0 0 0 21 0 0
EGAN00001673677 25 0 0 0 25 0 0
EGAN00001673693 17 0 0 0 17 0 0
EGAN00001673700 23 0 0 0 23 0 0
EGAN00001673727 23 0 0 0 23 0 0
EGAN00001673751 21 0 0 0 21 0 0
EGAN00001673782 16 0 0 0 16 0 0
EGAN00001673804 18 0 0 0 18 0 0
EGAN00001673810 19 0 0 0 19 0 0
EGAN00001730343 16 0 0 0 16 0 0
EGAN00001730397 16 0 0 1 15 0 0
EGAN00001730410 20 0 0 0 20 0 0
EGAN00001730434 15 0 0 0 15 0 0
EGAN00001730447 16 0 0 0 15 1 0
EGAN00001730450 14 0 0 0 13 1 0
EGAN00001730455 18 0 0 0 18 0 0
EGAN00001730460 16 0 0 0 16 0 0
EGAN00001730488 16 0 0 0 16 0 0
EGAN00001730502 17 0 0 0 17 0 0
EGAN00001730503 21 0 0 0 21 0 0
EGAN00001730521 12 0 0 0 12 0 0
EGAN00001730523 16 0 0 0 16 0 0
EGAN00001730529 17 0 0 0 17 0 0
EGAN00001740624 12 0 0 0 12 0 0
EGAN00001740630 17 0 0 0 17 0 0
EGAN00001740633 9 0 0 0 9 0 0
EGAN00001740634 15 0 0 0 15 0 0
EGAN00001740641 33 0 0 0 33 0 0
EGAN00001740654 17 0 0 1 16 0 0
EGAN00001740657 19 0 0 0 19 0 0
EGAN00001740658 17 0 0 0 17 0 0
EGAN00001740673 12 0 0 0 12 0 0
EGAN00001740680 14 0 0 0 14 0 0
EGAN00001740686 21 0 0 0 20 1 0
EGAN00001740691 18 0 0 0 18 0 0
EGAN00001740692 20 0 0 0 20 0 0
EGAN00001740695 17 0 0 0 17 0 0
EGAN00001740700 17 0 0 1 16 0 0
EGAN00001740704 10 0 0 0 10 0 0
EGAN00001740742 13 0 0 0 13 0 0
EGAN00001740752 17 0 0 0 17 0 0
EGAN00001740772 21 0 0 0 21 0 0
EGAN00001740774 27 0 0 0 27 0 0
EGAN00001740796 18 0 0 0 18 0 0
EGAN00001740797 13 0 0 0 13 0 0
EGAN00001740802 13 0 0 0 13 0 0
EGAN00001740806 15 0 0 0 15 0 0
EGAN00001740827 13 0 0 0 13 0 0
EGAN00001740848 18 0 0 0 17 0 1
EGAN00001740858 18 0 0 0 18 0 0
EGAN00001740884 16 0 0 1 15 0 0
EGAN00001740885 15 0 0 0 15 0 0
EGAN00001740904 17 0 0 0 17 0 0
EGAN00001740906 15 0 0 0 14 1 0
EGAN00001740907 20 0 0 0 20 0 0
EGAN00001740918 16 0 0 0 16 0 0
EGAN00001740921 16 0 0 0 16 0 0
EGAN00001740927 18 0 0 1 17 0 0
EGAN00001740932 13 0 0 0 13 0 0
EGAN00001740944 23 0 0 0 23 0 0
EGAN00001740955 19 0 0 0 19 0 0
EGAN00001740957 19 0 0 0 19 0 0
EGAN00001740967 19 0 0 0 19 0 0
EGAN00001740970 12 0 0 0 12 0 0
EGAN00001740973 8 0 0 0 8 0 0
EGAN00001740978 15 0 0 0 15 0 0
EGAN00001740988 21 0 0 0 21 0 0
EGAN00001741035 16 0 0 0 16 0 0
EGAN00001741056 20 0 0 1 19 0 0
EGAN00001741057 18 0 0 0 18 0 0
EGAN00001741066 21 0 0 0 21 0 0
EGAN00001741073 16 0 0 0 16 0 0
EGAN00001741075 22 0 0 0 22 0 0
EGAN00001741087 14 0 0 0 13 1 0
EGAN00001741090 23 0 0 0 23 0 0
EGAN00001741093 18 0 0 0 18 0 0
EGAN00001741099 13 0 0 0 13 0 0
EGAN00001741107 17 0 0 0 17 0 0
EGAN00001741120 14 0 0 0 14 0 0
EGAN00001741122 9 0 0 0 9 0 0
EGAN00001741140 21 0 0 0 21 0 0
EGAN00001741150 15 0 0 0 15 0 0
EGAN00001741154 21 0 0 0 21 0 0
EGAN00001797988 17 0 0 0 17 0 0
EGAN00001797994 18 0 0 0 18 0 0
EGAN00001797996 28 0 0 0 28 0 0
EGAN00001798007 17 0 0 0 17 0 0
EGAN00001798008 17 0 0 0 17 0 0
EGAN00001798021 19 0 0 1 18 0 0
EGAN00001798030 13 0 0 0 13 0 0
EGAN00001798074 12 0 0 0 12 0 0
EGAN00001798091 20 0 0 0 20 0 0
EGAN00001798092 24 0 0 0 24 0 0
EGAN00001798104 16 0 0 0 16 0 0
EGAN00001798154 10 0 0 0 10 0 0
EGAN00001798162 14 0 0 0 14 0 0
EGAN00001798177 30 0 0 0 30 0 0
EGAN00001798191 14 0 0 0 14 0 0
EGAN00001798203 15 0 0 0 15 0 0
EGAN00001798255 17 0 0 0 16 0 1
EGAN00001798262 19 0 0 0 19 0 0
EGAN00001798269 19 0 0 1 18 0 0
EGAN00001798282 19 0 0 0 19 0 0
EGAN00001798285 21 0 0 0 21 0 0
EGAN00001798300 16 0 0 0 16 0 0
EGAN00001798317 14 0 0 0 14 0 0
EGAN00001798327 26 0 0 0 26 0 0
EGAN00001798330 12 0 0 0 12 0 0
EGAN00001798339 25 0 0 0 25 0 0
EGAN00001798342 9 0 0 0 9 0 0
EGAN00001798347 15 0 0 0 15 0 0
EGAN00001798348 6 0 0 0 6 0 0
EGAN00001798351 17 0 0 2 15 0 0
EGAN00001798359 19 0 0 0 18 1 0
EGAN00001798360 15 0 0 0 15 0 0
EGAN00001798367 25 0 0 0 25 0 0
EGAN00001798381 15 0 0 0 15 0 0
EGAN00001798382 23 0 0 0 23 0 0
EGAN00001798397 13 0 0 0 13 0 0
EGAN00001798404 18 0 0 0 18 0 0
EGAN00001798412 16 0 0 0 16 0 0
EGAN00001798435 16 0 0 0 16 0 0
EGAN00001798443 15 0 0 0 15 0 0
EGAN00001798445 17 0 0 0 17 0 0
EGAN00001798453 13 0 0 1 12 0 0
EGAN00001798480 22 0 0 0 22 0 0
EGAN00001798482 21 0 0 0 21 0 0
EGAN00001798483 16 0 0 0 16 0 0
EGAN00001798484 11 0 0 0 11 0 0
EGAN00001798492 21 0 0 0 21 0 0
EGAN00001798495 15 0 0 0 15 0 0
EGAN00001798498 16 0 0 0 16 0 0
EGAN00001798506 14 0 0 0 14 0 0
EGAN00001798511 17 0 0 0 17 0 0
EGAN00001798521 18 0 0 0 18 0 0
EGAN00001798534 11 0 0 0 11 0 0
EGAN00001798550 17 0 0 0 17 0 0
EGAN00001798551 9 0 0 0 9 0 0
EGAN00001798564 17 0 0 0 17 0 0
EGAN00001798565 22 0 0 0 22 0 0
EGAN00001798570 20 0 0 0 20 0 0
EGAN00001798574 12 0 0 0 12 0 0
EGAN00001798607 21 0 0 0 21 0 0
EGAN00001798625 26 0 0 1 25 0 0
EGAN00001798626 12 0 0 0 11 1 0
EGAN00001798632 25 0 0 0 25 0 0
EGAN00001798647 18 0 0 0 18 0 0
EGAN00001798653 16 0 0 0 16 0 0
EGAN00001798666 16 0 0 0 16 0 0
EGAN00001798669 17 0 0 0 17 0 0
EGAN00001798695 16 0 0 0 16 0 0
EGAN00001798708 21 0 0 0 21 0 0
EGAN00001830726 18 0 0 0 18 0 0
EGAN00001830730 10 0 0 0 10 0 0
EGAN00001830735 20 0 0 0 20 0 0
EGAN00001830736 24 0 0 0 24 0 0
EGAN00001830748 25 0 0 0 25 0 0
EGAN00001830757 19 0 0 0 19 0 0
EGAN00001830766 17 0 0 0 17 0 0
EGAN00001830784 15 0 0 0 15 0 0
EGAN00001830804 18 0 0 0 18 0 0
EGAN00001830806 17 0 0 0 17 0 0
EGAN00001830813 22 0 0 0 21 1 0
EGAN00001830822 14 0 0 0 14 0 0
EGAN00001830825 19 0 0 0 19 0 0
EGAN00001830830 14 0 0 0 14 0 0
EGAN00001830831 19 0 0 0 19 0 0
EGAN00001830836 16 0 0 0 16 0 0
EGAN00001830837 20 0 0 0 20 0 0
EGAN00001830839 20 0 0 0 20 0 0
EGAN00001830844 19 0 0 0 19 0 0
EGAN00001830849 13 0 0 0 13 0 0
EGAN00001830870 18 0 0 0 18 0 0
EGAN00001830878 24 0 0 0 24 0 0
EGAN00001830880 16 0 0 0 16 0 0
EGAN00001830882 24 0 0 0 24 0 0
EGAN00001830889 15 0 0 0 15 0 0
EGAN00001830896 32 0 0 0 32 0 0
EGAN00001830921 13 0 0 0 13 0 0
EGAN00001830930 19 0 0 0 19 0 0
EGAN00001830942 20 0 0 0 20 0 0
EGAN00001830943 12 0 0 0 12 0 0
EGAN00001830956 12 0 0 0 12 0 0
EGAN00001830959 26 0 0 1 25 0 0
