Sample Depth = A C G T N
EGAN00001008152 16 0 0 16 0 0 0
EGAN00001008240 13 0 0 13 0 0 0
EGAN00001008480 18 0 0 18 0 0 0
EGAN00001021279 19 0 0 19 0 0 0
EGAN00001021287 27 0 0 27 0 0 0
EGAN00001021349 24 0 0 24 0 0 0
EGAN00001021460 54 0 0 54 0 0 0
EGAN00001021482 16 0 0 16 0 0 0
EGAN00001021497 23 0 0 23 0 0 0
EGAN00001021529 30 0 0 30 0 0 0
EGAN00001021566 24 0 0 24 0 0 0
EGAN00001021591 32 0 0 32 0 0 0
EGAN00001021602 15 0 0 15 0 0 0
EGAN00001021616 14 0 0 14 0 0 0
EGAN00001021618 23 0 0 23 0 0 0
EGAN00001021722 23 0 0 23 0 0 0
EGAN00001021724 17 0 0 17 0 0 0
EGAN00001021747 25 0 0 25 0 0 0
EGAN00001021767 18 0 0 18 0 0 0
EGAN00001021773 17 0 0 17 0 0 0
EGAN00001021774 20 0 0 20 0 0 0
EGAN00001021779 13 0 0 13 0 0 0
EGAN00001021807 13 0 0 13 0 0 0
EGAN00001021818 19 0 0 19 0 0 0
EGAN00001021838 14 0 0 14 0 0 0
EGAN00001021842 20 0 0 20 0 0 0
EGAN00001021852 19 0 0 19 0 0 0
EGAN00001021861 17 0 0 17 0 0 0
EGAN00001021877 22 0 0 22 0 0 0
EGAN00001021992 15 0 0 15 0 0 0
EGAN00001021995 25 0 0 24 0 1 0
EGAN00001022009 21 0 0 21 0 0 0
EGAN00001022024 21 0 0 21 0 0 0
EGAN00001022028 17 0 0 17 0 0 0
EGAN00001022070 21 0 0 21 0 0 0
EGAN00001022071 23 0 0 23 0 0 0
EGAN00001022073 19 0 0 19 0 0 0
EGAN00001022269 16 0 0 16 0 0 0
EGAN00001022287 28 0 0 28 0 0 0
EGAN00001022694 19 0 0 19 0 0 0
EGAN00001022728 23 0 0 23 0 0 0
EGAN00001022747 13 0 0 13 0 0 0
EGAN00001022776 24 0 0 24 0 0 0
EGAN00001022786 20 0 0 20 0 0 0
EGAN00001022788 19 0 0 19 0 0 0
EGAN00001022798 24 0 0 23 1 0 0
EGAN00001022907 13 0 0 13 0 0 0
EGAN00001022925 32 0 1 31 0 0 0
EGAN00001022928 28 0 0 28 0 0 0
EGAN00001022933 21 0 1 20 0 0 0
EGAN00001022944 21 0 0 21 0 0 0
EGAN00001022965 18 0 0 18 0 0 0
EGAN00001022970 17 0 0 17 0 0 0
EGAN00001022976 31 0 0 31 0 0 0
EGAN00001022977 20 0 1 19 0 0 0
EGAN00001022985 17 0 0 17 0 0 0
EGAN00001022994 22 0 0 22 0 0 0
EGAN00001022999 40 0 0 40 0 0 0
EGAN00001023013 18 0 0 18 0 0 0
EGAN00001023048 25 0 0 25 0 0 0
EGAN00001023052 19 0 0 19 0 0 0
EGAN00001023062 14 0 0 14 0 0 0
EGAN00001023065 20 0 0 20 0 0 0
EGAN00001023090 15 0 0 15 0 0 0
EGAN00001023109 12 0 0 12 0 0 0
EGAN00001023113 19 0 0 19 0 0 0
EGAN00001023144 18 0 0 18 0 0 0
EGAN00001023149 27 0 0 27 0 0 0
EGAN00001023165 15 0 0 15 0 0 0
EGAN00001023440 13 0 0 13 0 0 0
EGAN00001023443 14 0 0 14 0 0 0
EGAN00001023451 23 0 0 23 0 0 0
EGAN00001023536 20 0 0 20 0 0 0
EGAN00001024052 12 0 0 12 0 0 0
EGAN00001024169 31 0 0 31 0 0 0
EGAN00001024175 18 0 0 18 0 0 0
EGAN00001024242 25 0 0 25 0 0 0
EGAN00001024268 17 0 0 17 0 0 0
EGAN00001024339 20 0 0 20 0 0 0
EGAN00001025821 22 0 0 22 0 0 0
EGAN00001025877 21 0 0 21 0 0 0
EGAN00001026203 28 0 0 28 0 0 0
EGAN00001026429 17 0 0 17 0 0 0
EGAN00001026576 18 0 0 18 0 0 0
EGAN00001026589 17 0 0 17 0 0 0
EGAN00001026598 14 0 0 14 0 0 0
EGAN00001026629 23 0 0 23 0 0 0
EGAN00001026694 24 0 0 24 0 0 0
EGAN00001026814 15 0 0 14 1 0 0
EGAN00001027202 32 0 0 32 0 0 0
EGAN00001027204 23 0 0 23 0 0 0
EGAN00001027205 12 0 0 11 1 0 0
EGAN00001027212 16 0 0 16 0 0 0
EGAN00001027340 29 0 0 28 1 0 0
EGAN00001027395 15 0 0 15 0 0 0
EGAN00001027418 27 0 0 25 0 2 0
EGAN00001027453 29 0 0 29 0 0 0
EGAN00001027462 11 0 0 11 0 0 0
EGAN00001027463 17 0 0 17 0 0 0
EGAN00001027475 25 0 0 25 0 0 0
EGAN00001027505 19 0 0 19 0 0 0
EGAN00001027540 24 0 1 23 0 0 0
EGAN00001073920 18 0 0 18 0 0 0
EGAN00001073921 10 0 0 10 0 0 0
EGAN00001073922 13 0 0 13 0 0 0
EGAN00001074781 23 0 0 23 0 0 0
EGAN00001074834 19 0 0 19 0 0 0
EGAN00001074854 20 0 0 20 0 0 0
EGAN00001074864 22 0 0 22 0 0 0
EGAN00001074869 29 0 0 29 0 0 0
EGAN00001074873 32 0 0 31 1 0 0
EGAN00001074875 18 0 0 18 0 0 0
EGAN00001079317 20 0 0 20 0 0 0
EGAN00001079328 20 0 0 20 0 0 0
EGAN00001079401 20 0 0 20 0 0 0
EGAN00001079414 25 0 0 25 0 0 0
EGAN00001079479 27 0 0 27 0 0 0
EGAN00001079481 10 0 0 10 0 0 0
EGAN00001079505 15 0 0 15 0 0 0
EGAN00001079506 21 0 0 21 0 0 0
EGAN00001079561 14 0 0 14 0 0 0
EGAN00001079572 18 0 0 18 0 0 0
EGAN00001079662 31 0 0 31 0 0 0
EGAN00001079666 17 0 0 17 0 0 0
EGAN00001079696 21 0 0 21 0 0 0
EGAN00001079780 20 0 0 19 0 1 0
EGAN00001080216 20 0 0 20 0 0 0
EGAN00001080226 19 0 0 19 0 0 0
EGAN00001240157 11 0 0 11 0 0 0
EGAN00001240272 19 0 0 19 0 0 0
EGAN00001240612 14 0 0 14 0 0 0
EGAN00001240628 15 0 0 15 0 0 0
EGAN00001240764 28 0 0 28 0 0 0
EGAN00001240779 15 0 0 15 0 0 0
EGAN00001240905 14 0 0 14 0 0 0
EGAN00001241156 21 0 0 21 0 0 0
EGAN00001241214 22 0 0 22 0 0 0
EGAN00001241247 23 0 0 23 0 0 0
EGAN00001241334 15 0 0 15 0 0 0
EGAN00001241394 23 0 0 23 0 0 0
EGAN00001241506 21 0 0 21 0 0 0
EGAN00001241817 26 0 0 26 0 0 0
EGAN00001241861 27 0 0 27 0 0 0
EGAN00001241906 19 0 0 19 0 0 0
EGAN00001241963 25 0 0 25 0 0 0
EGAN00001241982 24 0 0 24 0 0 0
EGAN00001242082 22 0 0 22 0 0 0
EGAN00001242253 18 0 0 18 0 0 0
EGAN00001242280 24 0 0 24 0 0 0
EGAN00001242309 23 0 0 23 0 0 0
EGAN00001242516 13 0 0 13 0 0 0
EGAN00001242562 14 0 0 14 0 0 0
EGAN00001242628 13 0 0 13 0 0 0
EGAN00001242652 13 0 0 13 0 0 0
EGAN00001242720 16 0 0 16 0 0 0
EGAN00001242723 8 0 0 8 0 0 0
EGAN00001242952 25 0 0 25 0 0 0
EGAN00001243036 27 0 0 27 0 0 0
EGAN00001243053 23 0 0 23 0 0 0
EGAN00001243054 15 0 0 15 0 0 0
EGAN00001243109 19 0 0 19 0 0 0
EGAN00001243140 32 0 0 32 0 0 0
EGAN00001243144 30 0 0 30 0 0 0
EGAN00001243226 20 0 1 19 0 0 0
EGAN00001243294 17 0 0 17 0 0 0
EGAN00001243323 20 0 0 20 0 0 0
EGAN00001243343 26 0 0 26 0 0 0
EGAN00001243402 19 0 0 19 0 0 0
EGAN00001243503 22 0 0 22 0 0 0
EGAN00001243681 18 0 0 18 0 0 0
EGAN00001243731 14 0 0 14 0 0 0
EGAN00001243755 28 0 0 28 0 0 0
EGAN00001243780 13 0 0 13 0 0 0
EGAN00001243786 27 0 0 27 0 0 0
EGAN00001243946 26 0 0 25 1 0 0
EGAN00001244068 23 0 0 23 0 0 0
EGAN00001244108 14 0 0 14 0 0 0
EGAN00001244157 20 0 0 20 0 0 0
EGAN00001244308 18 0 0 18 0 0 0
EGAN00001244475 17 0 0 17 0 0 0
EGAN00001244572 25 0 0 25 0 0 0
EGAN00001244592 16 0 0 16 0 0 0
EGAN00001244659 13 0 0 13 0 0 0
EGAN00001244730 7 0 0 7 0 0 0
EGAN00001244763 13 0 0 13 0 0 0
EGAN00001244776 18 0 0 18 0 0 0
EGAN00001245103 18 0 0 18 0 0 0
EGAN00001245122 22 0 0 22 0 0 0
EGAN00001245134 17 0 0 17 0 0 0
EGAN00001245179 23 0 0 23 0 0 0
EGAN00001245323 19 0 0 19 0 0 0
EGAN00001245434 14 0 0 14 0 0 0
EGAN00001245840 13 0 0 13 0 0 0
EGAN00001246009 18 0 0 18 0 0 0
EGAN00001246021 23 0 0 23 0 0 0
EGAN00001246023 30 0 0 30 0 0 0
EGAN00001246063 21 0 0 21 0 0 0
EGAN00001246077 17 0 0 17 0 0 0
EGAN00001246246 17 0 0 17 0 0 0
EGAN00001246783 19 0 0 19 0 0 0
EGAN00001247049 19 0 0 19 0 0 0
EGAN00001247152 22 0 0 22 0 0 0
EGAN00001247246 13 0 0 13 0 0 0
EGAN00001247313 32 0 0 32 0 0 0
EGAN00001247500 25 0 0 25 0 0 0
EGAN00001247568 13 0 0 13 0 0 0
EGAN00001247658 16 0 0 16 0 0 0
EGAN00001247674 13 0 0 13 0 0 0
EGAN00001247681 20 0 0 20 0 0 0
EGAN00001267728 22 0 0 22 0 0 0
EGAN00001267991 18 0 0 18 0 0 0
EGAN00001277294 17 0 0 17 0 0 0
EGAN00001277295 26 0 0 26 0 0 0
EGAN00001385049 19 0 0 19 0 0 0
EGAN00001385050 12 0 0 12 0 0 0
EGAN00001385053 13 0 0 13 0 0 0
EGAN00001385060 26 0 0 26 0 0 0
EGAN00001385062 23 0 0 22 1 0 0
EGAN00001385083 14 0 0 14 0 0 0
EGAN00001385135 16 0 0 16 0 0 0
EGAN00001385146 22 0 0 22 0 0 0
EGAN00001385155 20 0 0 20 0 0 0
EGAN00001385160 25 0 0 25 0 0 0
EGAN00001385169 19 0 0 19 0 0 0
EGAN00001385173 22 0 0 22 0 0 0
EGAN00001385177 19 0 0 19 0 0 0
EGAN00001385180 25 0 0 25 0 0 0
EGAN00001385182 18 0 0 18 0 0 0
EGAN00001385184 27 0 0 27 0 0 0
EGAN00001385193 24 0 1 23 0 0 0
EGAN00001385212 21 0 0 21 0 0 0
EGAN00001385222 18 0 0 18 0 0 0
EGAN00001385223 26 0 0 26 0 0 0
EGAN00001385232 18 0 0 18 0 0 0
EGAN00001385237 19 0 0 19 0 0 0
EGAN00001385246 21 0 0 21 0 0 0
EGAN00001385268 23 0 0 23 0 0 0
EGAN00001385280 19 0 0 19 0 0 0
EGAN00001385284 14 0 0 14 0 0 0
EGAN00001385305 13 0 0 13 0 0 0
EGAN00001385313 24 0 0 24 0 0 0
EGAN00001385352 18 0 0 18 0 0 0
EGAN00001385361 14 0 0 14 0 0 0
EGAN00001385393 21 0 0 21 0 0 0
EGAN00001385395 14 0 0 14 0 0 0
EGAN00001385442 17 0 0 17 0 0 0
EGAN00001385443 28 0 0 28 0 0 0
EGAN00001385444 20 0 0 20 0 0 0
EGAN00001385447 21 0 0 21 0 0 0
EGAN00001385448 23 0 0 23 0 0 0
EGAN00001385449 19 0 0 19 0 0 0
EGAN00001385467 15 0 0 15 0 0 0
EGAN00001385469 18 0 0 18 0 0 0
EGAN00001385479 15 0 0 15 0 0 0
EGAN00001385496 23 0 0 23 0 0 0
EGAN00001385516 15 0 0 15 0 0 0
EGAN00001385522 16 0 0 16 0 0 0
EGAN00001385535 21 0 0 21 0 0 0
EGAN00001385539 16 0 0 16 0 0 0
EGAN00001385550 27 0 0 27 0 0 0
EGAN00001385578 21 0 0 21 0 0 0
EGAN00001385611 18 0 0 18 0 0 0
EGAN00001385616 23 0 0 23 0 0 0
EGAN00001385617 19 0 0 19 0 0 0
EGAN00001385627 22 0 0 22 0 0 0
EGAN00001385651 28 0 0 28 0 0 0
EGAN00001385655 14 0 0 14 0 0 0
EGAN00001385657 19 0 0 19 0 0 0
EGAN00001385673 13 0 0 13 0 0 0
EGAN00001385678 30 0 0 30 0 0 0
EGAN00001385688 19 0 0 19 0 0 0
EGAN00001385695 26 0 0 26 0 0 0
EGAN00001385699 11 0 0 11 0 0 0
EGAN00001385709 21 0 0 21 0 0 0
EGAN00001385738 16 0 0 16 0 0 0
EGAN00001385744 16 0 6 10 0 0 0
EGAN00001385746 17 0 0 17 0 0 0
EGAN00001385749 23 0 0 23 0 0 0
EGAN00001385752 19 0 0 19 0 0 0
EGAN00001385756 11 0 0 11 0 0 0
EGAN00001385760 23 0 0 23 0 0 0
EGAN00001385768 22 0 0 22 0 0 0
EGAN00001403187 26 0 0 26 0 0 0
EGAN00001403699 32 0 0 32 0 0 0
EGAN00001403701 30 0 0 30 0 0 0
EGAN00001403713 18 0 0 18 0 0 0
EGAN00001403722 23 0 0 23 0 0 0
EGAN00001403725 25 0 0 25 0 0 0
EGAN00001403739 26 0 0 26 0 0 0
EGAN00001403743 19 0 0 19 0 0 0
EGAN00001403756 13 0 0 13 0 0 0
EGAN00001403757 25 0 0 25 0 0 0
EGAN00001403763 15 0 0 15 0 0 0
EGAN00001403785 23 0 0 23 0 0 0
EGAN00001403786 33 0 0 33 0 0 0
EGAN00001403795 18 0 0 18 0 0 0
EGAN00001403805 17 0 0 17 0 0 0
EGAN00001403812 15 0 0 15 0 0 0
EGAN00001403819 13 0 0 13 0 0 0
EGAN00001403823 20 0 0 20 0 0 0
EGAN00001403825 15 0 0 15 0 0 0
EGAN00001403838 26 0 0 26 0 0 0
EGAN00001403845 17 0 0 17 0 0 0
EGAN00001403870 15 0 0 15 0 0 0
EGAN00001403873 18 0 0 18 0 0 0
EGAN00001403874 25 0 0 25 0 0 0
EGAN00001403892 18 0 0 18 0 0 0
EGAN00001403903 22 0 0 22 0 0 0
EGAN00001403909 13 0 0 13 0 0 0
EGAN00001403920 19 0 0 19 0 0 0
EGAN00001403930 16 0 0 16 0 0 0
EGAN00001403933 19 0 0 19 0 0 0
EGAN00001403939 23 0 0 23 0 0 0
EGAN00001403943 20 0 0 20 0 0 0
EGAN00001403953 21 0 0 21 0 0 0
EGAN00001403963 26 0 0 26 0 0 0
EGAN00001403980 18 0 0 18 0 0 0
EGAN00001403981 23 0 0 23 0 0 0
EGAN00001403994 21 0 0 20 0 0 1
EGAN00001404034 13 0 0 13 0 0 0
EGAN00001404044 21 0 0 21 0 0 0
EGAN00001404050 25 0 0 25 0 0 0
EGAN00001404075 18 0 0 18 0 0 0
EGAN00001404090 13 0 0 13 0 0 0
EGAN00001404108 20 0 0 20 0 0 0
EGAN00001404119 18 0 0 18 0 0 0
EGAN00001404147 17 0 0 17 0 0 0
EGAN00001404151 13 0 0 13 0 0 0
EGAN00001404154 32 0 0 32 0 0 0
EGAN00001404484 15 0 0 15 0 0 0
EGAN00001439009 19 0 0 19 0 0 0
EGAN00001439015 9 0 0 9 0 0 0
EGAN00001439114 17 0 0 17 0 0 0
EGAN00001439126 21 0 0 21 0 0 0
EGAN00001439127 15 0 0 15 0 0 0
EGAN00001439130 16 0 0 15 1 0 0
EGAN00001439141 22 0 0 22 0 0 0
EGAN00001439154 23 0 0 23 0 0 0
EGAN00001439168 27 0 0 26 0 1 0
EGAN00001439176 21 0 0 21 0 0 0
EGAN00001439191 12 0 0 12 0 0 0
EGAN00001439204 15 0 1 14 0 0 0
EGAN00001439205 25 0 1 24 0 0 0
EGAN00001439214 22 0 0 22 0 0 0
EGAN00001439216 11 0 0 11 0 0 0
EGAN00001439223 25 0 0 25 0 0 0
EGAN00001439229 24 0 0 24 0 0 0
EGAN00001439230 9 0 0 9 0 0 0
EGAN00001439797 34 0 0 34 0 0 0
EGAN00001440377 21 0 0 21 0 0 0
EGAN00001440389 23 0 0 22 0 1 0
EGAN00001440396 28 0 0 28 0 0 0
EGAN00001440398 7 0 0 7 0 0 0
EGAN00001440407 13 0 0 13 0 0 0
EGAN00001440429 20 0 0 20 0 0 0
EGAN00001440468 23 0 0 23 0 0 0
EGAN00001440476 15 0 0 15 0 0 0
EGAN00001440495 24 0 0 24 0 0 0
EGAN00001440500 20 0 0 19 0 1 0
EGAN00001440514 23 0 0 23 0 0 0
EGAN00001440523 12 0 0 12 0 0 0
EGAN00001440524 25 0 0 25 0 0 0
EGAN00001440539 15 0 0 15 0 0 0
EGAN00001440542 16 0 0 16 0 0 0
EGAN00001440566 23 0 0 23 0 0 0
EGAN00001440641 17 0 0 17 0 0 0
EGAN00001440710 18 0 0 18 0 0 0
EGAN00001440723 23 0 0 23 0 0 0
EGAN00001442167 27 0 0 27 0 0 0
EGAN00001442174 20 0 0 20 0 0 0
EGAN00001442203 19 0 0 19 0 0 0
EGAN00001442204 15 0 0 15 0 0 0
EGAN00001442210 21 0 0 21 0 0 0
EGAN00001442231 15 0 0 15 0 0 0
EGAN00001442238 19 0 0 19 0 0 0
EGAN00001442436 25 0 0 24 0 1 0
EGAN00001442449 27 0 0 27 0 0 0
EGAN00001442458 20 0 0 20 0 0 0
EGAN00001442474 12 0 0 12 0 0 0
EGAN00001442489 21 0 0 21 0 0 0
EGAN00001443772 29 0 0 29 0 0 0
EGAN00001444312 12 0 0 12 0 0 0
EGAN00001444317 18 0 0 17 1 0 0
EGAN00001444318 22 0 0 22 0 0 0
EGAN00001444415 18 0 0 18 0 0 0
EGAN00001444475 21 0 0 21 0 0 0
EGAN00001444482 14 0 0 14 0 0 0
EGAN00001444841 11 0 0 11 0 0 0
EGAN00001444984 10 0 0 10 0 0 0
EGAN00001445004 22 0 0 22 0 0 0
EGAN00001445013 21 0 0 21 0 0 0
EGAN00001445033 23 0 0 23 0 0 0
EGAN00001445043 14 0 0 14 0 0 0
EGAN00001445071 26 0 0 26 0 0 0
EGAN00001445077 24 0 0 24 0 0 0
EGAN00001445079 17 0 0 17 0 0 0
EGAN00001445081 24 0 0 24 0 0 0
EGAN00001445085 20 0 0 20 0 0 0
EGAN00001445454 20 0 0 20 0 0 0
EGAN00001445456 18 0 0 18 0 0 0
EGAN00001445463 17 0 0 17 0 0 0
EGAN00001445494 18 0 0 17 1 0 0
EGAN00001445507 22 0 0 22 0 0 0
EGAN00001445512 10 0 0 10 0 0 0
EGAN00001445521 20 0 0 20 0 0 0
EGAN00001445525 15 0 0 15 0 0 0
EGAN00001446662 17 0 0 17 0 0 0
EGAN00001446688 26 0 0 26 0 0 0
EGAN00001446689 7 0 0 7 0 0 0
EGAN00001446697 17 0 0 17 0 0 0
EGAN00001486675 30 0 0 30 0 0 0
EGAN00001486681 24 0 0 23 0 0 1
EGAN00001486687 20 0 0 20 0 0 0
EGAN00001559552 15 0 0 15 0 0 0
EGAN00001559573 22 0 0 22 0 0 0
EGAN00001559631 21 0 0 21 0 0 0
EGAN00001559637 18 0 0 18 0 0 0
EGAN00001559644 21 0 1 20 0 0 0
EGAN00001559648 23 0 0 23 0 0 0
EGAN00001559656 19 0 0 18 0 1 0
EGAN00001559663 14 0 0 14 0 0 0
EGAN00001559670 19 0 0 19 0 0 0
EGAN00001559678 23 0 0 23 0 0 0
EGAN00001559693 18 0 0 18 0 0 0
EGAN00001559701 19 0 0 19 0 0 0
EGAN00001559716 16 0 0 16 0 0 0
EGAN00001559739 16 0 0 16 0 0 0
EGAN00001559761 22 0 0 22 0 0 0
EGAN00001559766 24 0 0 24 0 0 0
EGAN00001559774 20 0 0 20 0 0 0
EGAN00001559782 14 0 0 14 0 0 0
EGAN00001559799 23 0 0 22 0 1 0
EGAN00001559808 17 0 0 17 0 0 0
EGAN00001559814 14 0 0 13 1 0 0
EGAN00001559826 12 0 0 12 0 0 0
EGAN00001559843 22 0 0 22 0 0 0
EGAN00001559849 27 0 0 27 0 0 0
EGAN00001559881 15 0 0 14 1 0 0
EGAN00001559902 21 0 0 21 0 0 0
EGAN00001559926 23 0 0 21 1 1 0
EGAN00001559933 35 0 1 34 0 0 0
EGAN00001559939 20 0 0 20 0 0 0
EGAN00001559962 25 0 0 25 0 0 0
EGAN00001559967 15 0 0 15 0 0 0
EGAN00001559995 16 0 0 16 0 0 0
EGAN00001560016 18 0 0 18 0 0 0
EGAN00001560034 28 0 1 27 0 0 0
EGAN00001560035 25 0 0 25 0 0 0
EGAN00001560050 17 0 0 17 0 0 0
EGAN00001560052 21 0 0 21 0 0 0
EGAN00001560068 20 0 0 20 0 0 0
EGAN00001560084 34 0 0 34 0 0 0
EGAN00001560085 12 0 0 12 0 0 0
EGAN00001560090 22 0 0 22 0 0 0
EGAN00001560096 20 0 0 20 0 0 0
EGAN00001560098 14 0 0 14 0 0 0
EGAN00001560124 19 0 0 19 0 0 0
EGAN00001560145 25 0 0 25 0 0 0
EGAN00001560153 16 0 0 16 0 0 0
EGAN00001560162 15 0 0 15 0 0 0
EGAN00001560183 22 0 0 22 0 0 0
EGAN00001560192 28 0 0 28 0 0 0
EGAN00001560207 25 0 0 25 0 0 0
EGAN00001560214 20 0 0 20 0 0 0
EGAN00001560218 16 0 0 16 0 0 0
EGAN00001560231 25 0 0 25 0 0 0
EGAN00001560243 7 0 0 7 0 0 0
EGAN00001560269 11 0 0 11 0 0 0
EGAN00001560308 18 0 0 18 0 0 0
EGAN00001560313 16 0 0 16 0 0 0
EGAN00001560314 14 0 0 14 0 0 0
EGAN00001560320 19 0 0 19 0 0 0
EGAN00001560322 15 0 0 15 0 0 0
EGAN00001560332 23 0 0 23 0 0 0
EGAN00001560346 12 0 0 12 0 0 0
EGAN00001560356 17 0 0 17 0 0 0
EGAN00001560362 17 0 0 17 0 0 0
EGAN00001560370 24 0 0 24 0 0 0
EGAN00001560386 19 0 0 19 0 0 0
EGAN00001560396 21 0 0 20 1 0 0
EGAN00001560410 21 0 0 21 0 0 0
EGAN00001560418 20 0 0 20 0 0 0
EGAN00001560424 21 0 0 21 0 0 0
EGAN00001560448 26 0 1 25 0 0 0
EGAN00001560453 17 0 0 17 0 0 0
EGAN00001560464 17 0 0 17 0 0 0
EGAN00001560478 19 0 0 19 0 0 0
EGAN00001560485 28 0 0 28 0 0 0
EGAN00001560513 17 0 0 17 0 0 0
EGAN00001560515 18 0 0 18 0 0 0
EGAN00001560516 16 0 0 16 0 0 0
EGAN00001560524 14 0 0 14 0 0 0
EGAN00001560527 18 0 0 18 0 0 0
EGAN00001560540 11 0 0 11 0 0 0
EGAN00001560547 24 0 1 23 0 0 0
EGAN00001560549 24 0 0 24 0 0 0
EGAN00001560559 19 0 0 19 0 0 0
EGAN00001560583 22 0 1 21 0 0 0
EGAN00001560592 22 0 0 22 0 0 0
EGAN00001560595 16 0 0 16 0 0 0
EGAN00001560606 20 0 0 20 0 0 0
EGAN00001560609 15 0 0 15 0 0 0
EGAN00001560616 15 0 0 15 0 0 0
EGAN00001560633 18 0 0 18 0 0 0
EGAN00001560665 22 0 0 22 0 0 0
EGAN00001560675 15 0 0 15 0 0 0
EGAN00001560686 19 0 0 19 0 0 0
EGAN00001560693 15 0 0 15 0 0 0
EGAN00001560695 21 0 0 21 0 0 0
EGAN00001560708 15 0 0 15 0 0 0
EGAN00001560710 10 0 0 10 0 0 0
EGAN00001560737 21 0 0 21 0 0 0
EGAN00001560738 22 0 0 22 0 0 0
EGAN00001560739 21 0 0 21 0 0 0
EGAN00001560761 22 0 0 22 0 0 0
EGAN00001560769 21 0 0 21 0 0 0
EGAN00001560786 24 0 0 24 0 0 0
EGAN00001560788 22 0 0 22 0 0 0
EGAN00001560813 14 0 0 14 0 0 0
EGAN00001560820 26 0 0 26 0 0 0
EGAN00001560821 19 0 0 19 0 0 0
EGAN00001560824 26 0 0 26 0 0 0
EGAN00001560853 22 0 0 22 0 0 0
EGAN00001560869 15 0 0 15 0 0 0
EGAN00001560889 20 0 0 20 0 0 0
EGAN00001560906 21 0 0 21 0 0 0
EGAN00001560912 16 0 0 16 0 0 0
EGAN00001560929 22 0 0 21 0 0 1
EGAN00001560938 19 0 0 19 0 0 0
EGAN00001560951 17 0 0 17 0 0 0
EGAN00001560966 9 0 0 9 0 0 0
EGAN00001560974 27 0 0 27 0 0 0
EGAN00001560985 32 0 0 32 0 0 0
EGAN00001560994 23 0 0 23 0 0 0
EGAN00001560995 35 0 0 35 0 0 0
EGAN00001561020 25 0 1 24 0 0 0
EGAN00001561055 24 0 0 24 0 0 0
EGAN00001561079 28 0 0 28 0 0 0
EGAN00001561085 26 0 0 26 0 0 0
EGAN00001561103 19 0 0 19 0 0 0
EGAN00001561148 15 0 0 15 0 0 0
EGAN00001561154 11 0 0 11 0 0 0
EGAN00001561172 23 0 0 23 0 0 0
EGAN00001561199 8 0 0 8 0 0 0
EGAN00001561200 16 0 0 16 0 0 0
EGAN00001561201 14 0 0 14 0 0 0
EGAN00001561206 21 0 0 21 0 0 0
EGAN00001561221 18 0 0 18 0 0 0
EGAN00001561231 19 0 0 19 0 0 0
EGAN00001561234 17 0 0 17 0 0 0
EGAN00001561251 18 0 0 18 0 0 0
EGAN00001561252 14 0 0 14 0 0 0
EGAN00001561280 26 0 0 26 0 0 0
EGAN00001561296 23 0 0 23 0 0 0
EGAN00001561299 27 0 0 27 0 0 0
EGAN00001561303 19 0 0 19 0 0 0
EGAN00001561312 17 0 0 17 0 0 0
EGAN00001561373 16 0 0 16 0 0 0
EGAN00001561380 16 0 0 16 0 0 0
EGAN00001561393 20 0 0 20 0 0 0
EGAN00001561406 19 0 0 19 0 0 0
EGAN00001561412 21 0 0 21 0 0 0
EGAN00001561414 27 0 0 27 0 0 0
EGAN00001561425 16 0 0 16 0 0 0
EGAN00001561431 8 0 0 8 0 0 0
EGAN00001561442 15 0 0 15 0 0 0
EGAN00001561448 23 0 0 23 0 0 0
EGAN00001561453 10 0 0 10 0 0 0
EGAN00001561456 15 0 0 15 0 0 0
EGAN00001561458 18 0 0 18 0 0 0
EGAN00001561467 15 0 0 15 0 0 0
EGAN00001561476 15 0 0 15 0 0 0
EGAN00001561503 23 0 0 23 0 0 0
EGAN00001561508 17 0 0 17 0 0 0
EGAN00001561510 22 0 0 22 0 0 0
EGAN00001561542 23 0 0 23 0 0 0
EGAN00001561554 12 0 0 12 0 0 0
EGAN00001569013 14 0 0 14 0 0 0
EGAN00001572904 19 0 0 19 0 0 0
EGAN00001572939 15 0 0 15 0 0 0
EGAN00001575966 21 0 0 21 0 0 0
EGAN00001575982 21 0 0 21 0 0 0
EGAN00001576013 23 0 0 23 0 0 0
EGAN00001576017 32 0 0 32 0 0 0
EGAN00001576033 25 0 0 25 0 0 0
EGAN00001576040 28 0 0 28 0 0 0
EGAN00001576047 12 0 0 12 0 0 0
EGAN00001576056 9 0 0 9 0 0 0
EGAN00001576064 24 0 0 24 0 0 0
EGAN00001576068 17 0 0 17 0 0 0
EGAN00001576070 42 0 0 42 0 0 0
EGAN00001576074 18 0 0 18 0 0 0
EGAN00001576094 20 0 0 20 0 0 0
EGAN00001576100 25 0 0 25 0 0 0
EGAN00001576104 28 0 0 28 0 0 0
EGAN00001576114 19 0 0 19 0 0 0
EGAN00001576126 19 0 0 19 0 0 0
EGAN00001576168 19 0 0 19 0 0 0
EGAN00001576188 17 0 0 17 0 0 0
EGAN00001576205 22 0 0 22 0 0 0
EGAN00001576216 20 0 0 20 0 0 0
EGAN00001576226 26 0 0 26 0 0 0
EGAN00001576240 24 0 0 24 0 0 0
EGAN00001576245 15 0 0 15 0 0 0
EGAN00001576247 14 0 0 14 0 0 0
EGAN00001576249 12 0 0 12 0 0 0
EGAN00001576253 21 0 0 21 0 0 0
EGAN00001576258 15 0 0 15 0 0 0
EGAN00001576264 22 0 0 21 1 0 0
EGAN00001576272 15 0 0 15 0 0 0
EGAN00001576273 20 0 0 20 0 0 0
EGAN00001576277 18 0 0 18 0 0 0
EGAN00001576296 17 0 1 16 0 0 0
EGAN00001576314 23 0 0 23 0 0 0
EGAN00001576321 20 0 0 20 0 0 0
EGAN00001576324 26 0 0 26 0 0 0
EGAN00001576334 23 0 0 23 0 0 0
EGAN00001576367 25 0 0 25 0 0 0
EGAN00001576379 15 0 0 15 0 0 0
EGAN00001576393 23 0 0 23 0 0 0
EGAN00001576415 13 0 0 13 0 0 0
EGAN00001576428 31 0 0 31 0 0 0
EGAN00001576431 14 0 0 13 1 0 0
EGAN00001576439 20 0 0 19 1 0 0
EGAN00001576442 16 0 0 16 0 0 0
EGAN00001576452 19 0 0 19 0 0 0
EGAN00001576459 13 0 0 13 0 0 0
EGAN00001576482 14 0 0 14 0 0 0
EGAN00001576490 29 0 0 29 0 0 0
EGAN00001576502 16 0 0 16 0 0 0
EGAN00001576514 16 0 0 16 0 0 0
EGAN00001576515 16 0 0 16 0 0 0
EGAN00001576553 24 0 0 24 0 0 0
EGAN00001576555 26 0 0 26 0 0 0
EGAN00001576558 17 0 0 17 0 0 0
EGAN00001576566 34 0 0 34 0 0 0
EGAN00001576575 19 0 0 19 0 0 0
EGAN00001576611 22 0 0 22 0 0 0
EGAN00001576639 21 0 0 21 0 0 0
EGAN00001576651 41 0 0 41 0 0 0
EGAN00001576682 20 0 0 20 0 0 0
EGAN00001576692 18 0 0 18 0 0 0
EGAN00001576705 12 0 0 12 0 0 0
EGAN00001576718 19 0 0 19 0 0 0
EGAN00001579169 19 0 0 19 0 0 0
EGAN00001579171 16 0 0 16 0 0 0
EGAN00001583153 28 0 0 28 0 0 0
EGAN00001583162 29 0 0 29 0 0 0
EGAN00001583163 19 0 0 19 0 0 0
EGAN00001583178 23 0 0 23 0 0 0
EGAN00001583180 17 0 0 17 0 0 0
EGAN00001583181 19 0 0 19 0 0 0
EGAN00001583193 21 0 0 21 0 0 0
EGAN00001583197 16 0 0 16 0 0 0
EGAN00001583205 17 0 0 17 0 0 0
EGAN00001583212 18 0 0 18 0 0 0
EGAN00001583219 24 0 0 24 0 0 0
EGAN00001583224 15 0 0 15 0 0 0
EGAN00001583226 20 0 0 20 0 0 0
EGAN00001583243 22 0 0 22 0 0 0
EGAN00001583244 21 0 0 20 1 0 0
EGAN00001583254 21 0 0 20 1 0 0
EGAN00001583261 21 0 0 21 0 0 0
EGAN00001583263 24 0 0 24 0 0 0
EGAN00001583265 17 0 0 17 0 0 0
EGAN00001583284 19 0 1 18 0 0 0
EGAN00001583286 20 0 0 20 0 0 0
EGAN00001583301 22 0 0 22 0 0 0
EGAN00001583306 19 0 0 19 0 0 0
EGAN00001583343 9 0 0 9 0 0 0
EGAN00001583345 25 0 0 25 0 0 0
EGAN00001583356 21 0 0 21 0 0 0
EGAN00001583369 16 0 0 16 0 0 0
EGAN00001583385 20 0 0 20 0 0 0
EGAN00001583389 17 0 0 17 0 0 0
EGAN00001583391 16 0 0 16 0 0 0
EGAN00001583392 22 0 0 22 0 0 0
EGAN00001583412 26 0 0 26 0 0 0
EGAN00001583457 20 0 0 20 0 0 0
EGAN00001583470 20 0 0 20 0 0 0
EGAN00001583494 16 0 0 16 0 0 0
EGAN00001583512 25 0 0 25 0 0 0
EGAN00001583541 24 0 0 24 0 0 0
EGAN00001583549 21 0 0 21 0 0 0
EGAN00001583560 18 0 1 17 0 0 0
EGAN00001583568 13 0 0 13 0 0 0
EGAN00001583572 19 0 0 19 0 0 0
EGAN00001583582 19 0 0 19 0 0 0
EGAN00001583601 22 0 0 22 0 0 0
EGAN00001583605 22 0 0 22 0 0 0
EGAN00001583609 18 0 0 18 0 0 0
EGAN00001583611 19 0 0 19 0 0 0
EGAN00001583640 24 0 0 24 0 0 0
EGAN00001583651 27 0 0 27 0 0 0
EGAN00001583686 19 0 0 19 0 0 0
EGAN00001583692 27 0 0 27 0 0 0
EGAN00001583724 21 0 1 20 0 0 0
EGAN00001583742 14 0 0 14 0 0 0
EGAN00001583765 33 0 0 33 0 0 0
EGAN00001583766 23 0 0 23 0 0 0
EGAN00001583772 24 0 0 24 0 0 0
EGAN00001583814 26 0 0 26 0 0 0
EGAN00001583825 17 0 0 17 0 0 0
EGAN00001583828 17 0 0 17 0 0 0
EGAN00001583831 23 0 0 23 0 0 0
EGAN00001583841 28 0 0 28 0 0 0
EGAN00001583853 18 0 0 18 0 0 0
EGAN00001583858 15 0 0 15 0 0 0
EGAN00001583868 18 0 0 18 0 0 0
EGAN00001583899 20 0 0 19 0 0 1
EGAN00001583921 17 0 0 17 0 0 0
EGAN00001583924 28 0 0 28 0 0 0
EGAN00001583925 21 0 0 20 0 1 0
EGAN00001583933 30 0 0 30 0 0 0
EGAN00001584036 24 0 0 24 0 0 0
EGAN00001584047 26 0 0 26 0 0 0
EGAN00001584049 21 0 0 21 0 0 0
EGAN00001584057 28 0 0 27 1 0 0
EGAN00001584062 25 0 0 25 0 0 0
EGAN00001584081 33 0 0 33 0 0 0
EGAN00001584088 20 0 0 20 0 0 0
EGAN00001584090 18 0 0 18 0 0 0
EGAN00001584093 13 0 0 13 0 0 0
EGAN00001584094 16 0 0 16 0 0 0
EGAN00001584105 21 0 0 21 0 0 0
EGAN00001584106 24 0 0 24 0 0 0
EGAN00001584115 18 0 0 18 0 0 0
EGAN00001584121 18 0 0 18 0 0 0
EGAN00001584137 28 0 0 28 0 0 0
EGAN00001584139 11 0 0 11 0 0 0
EGAN00001584140 21 0 0 21 0 0 0
EGAN00001584144 18 0 0 18 0 0 0
EGAN00001584198 20 0 0 20 0 0 0
EGAN00001584205 23 0 0 22 1 0 0
EGAN00001584210 16 0 0 16 0 0 0
EGAN00001584212 25 0 1 24 0 0 0
EGAN00001584219 27 0 0 27 0 0 0
EGAN00001584226 14 0 0 14 0 0 0
EGAN00001584245 21 0 0 21 0 0 0
EGAN00001584254 18 0 0 18 0 0 0
EGAN00001584279 25 0 0 25 0 0 0
EGAN00001584280 29 0 0 29 0 0 0
EGAN00001584292 16 0 0 13 1 2 0
EGAN00001584299 17 0 0 17 0 0 0
EGAN00001584334 13 0 0 13 0 0 0
EGAN00001584348 13 0 0 13 0 0 0
EGAN00001584355 20 0 0 20 0 0 0
EGAN00001584367 30 0 0 30 0 0 0
EGAN00001584368 31 0 0 31 0 0 0
EGAN00001584369 36 0 0 35 1 0 0
EGAN00001584374 23 0 0 23 0 0 0
EGAN00001584384 18 0 0 18 0 0 0
EGAN00001584389 21 0 0 21 0 0 0
EGAN00001584393 21 0 0 21 0 0 0
EGAN00001584404 16 0 0 15 1 0 0
EGAN00001584410 18 0 0 18 0 0 0
EGAN00001584419 19 0 0 18 0 1 0
EGAN00001584421 18 0 0 18 0 0 0
EGAN00001584426 26 0 0 26 0 0 0
EGAN00001584447 18 0 0 18 0 0 0
EGAN00001584469 19 0 0 19 0 0 0
EGAN00001584470 25 0 0 25 0 0 0
EGAN00001584475 23 0 1 22 0 0 0
EGAN00001584497 21 0 0 20 1 0 0
EGAN00001584525 23 0 0 23 0 0 0
EGAN00001584530 17 0 0 17 0 0 0
EGAN00001584531 25 0 0 25 0 0 0
EGAN00001584562 22 0 0 22 0 0 0
EGAN00001584578 18 0 0 18 0 0 0
EGAN00001584585 19 0 0 19 0 0 0
EGAN00001584587 31 0 0 31 0 0 0
EGAN00001584590 20 0 0 20 0 0 0
EGAN00001584594 28 0 0 28 0 0 0
EGAN00001584621 14 0 0 14 0 0 0
EGAN00001584662 24 0 1 23 0 0 0
EGAN00001584670 15 0 0 15 0 0 0
EGAN00001584681 21 0 0 21 0 0 0
EGAN00001584682 31 0 0 31 0 0 0
EGAN00001584686 16 0 0 16 0 0 0
EGAN00001584695 21 0 0 21 0 0 0
EGAN00001584701 20 0 0 20 0 0 0
EGAN00001584748 23 0 0 23 0 0 0
EGAN00001584752 25 0 0 25 0 0 0
EGAN00001584770 12 0 0 12 0 0 0
EGAN00001584776 14 0 0 14 0 0 0
EGAN00001584789 14 0 0 14 0 0 0
EGAN00001584799 16 0 0 16 0 0 0
EGAN00001584807 19 0 0 19 0 0 0
EGAN00001584818 12 0 0 12 0 0 0
EGAN00001584827 20 0 0 20 0 0 0
EGAN00001584831 15 0 0 15 0 0 0
EGAN00001584844 19 0 0 18 1 0 0
EGAN00001584856 20 0 0 20 0 0 0
EGAN00001584876 19 0 0 19 0 0 0
EGAN00001584878 20 0 0 20 0 0 0
EGAN00001584887 18 0 0 18 0 0 0
EGAN00001584890 14 0 0 14 0 0 0
EGAN00001584902 21 0 0 21 0 0 0
EGAN00001584908 18 0 0 18 0 0 0
EGAN00001584924 17 0 0 17 0 0 0
EGAN00001584927 24 0 0 24 0 0 0
EGAN00001584940 19 0 0 19 0 0 0
EGAN00001584952 21 0 0 21 0 0 0
EGAN00001584966 21 0 0 21 0 0 0
EGAN00001584970 15 0 0 15 0 0 0
EGAN00001584972 25 0 0 25 0 0 0
EGAN00001585037 23 0 0 23 0 0 0
EGAN00001585049 17 0 0 17 0 0 0
EGAN00001585062 11 0 0 11 0 0 0
EGAN00001585083 16 0 0 16 0 0 0
EGAN00001585105 21 0 0 21 0 0 0
EGAN00001585131 15 0 0 15 0 0 0
EGAN00001585136 16 0 0 16 0 0 0
EGAN00001585163 19 0 0 19 0 0 0
EGAN00001585167 17 0 0 17 0 0 0
EGAN00001585175 19 0 0 19 0 0 0
EGAN00001585178 26 0 0 26 0 0 0
EGAN00001585191 14 0 0 14 0 0 0
EGAN00001585193 23 0 0 23 0 0 0
EGAN00001585195 22 0 0 22 0 0 0
EGAN00001585197 24 0 1 23 0 0 0
EGAN00001585198 16 0 0 16 0 0 0
EGAN00001585202 23 0 0 23 0 0 0
EGAN00001585228 17 0 0 17 0 0 0
EGAN00001585231 32 0 0 32 0 0 0
EGAN00001585239 29 0 0 29 0 0 0
EGAN00001585244 18 0 0 18 0 0 0
EGAN00001585262 27 0 0 27 0 0 0
EGAN00001585265 37 0 0 37 0 0 0
EGAN00001585280 18 0 0 18 0 0 0
EGAN00001585318 19 0 0 19 0 0 0
EGAN00001585319 17 0 0 17 0 0 0
EGAN00001585322 15 0 0 15 0 0 0
EGAN00001585328 20 0 0 20 0 0 0
EGAN00001585331 19 0 0 19 0 0 0
EGAN00001585337 23 0 0 23 0 0 0
EGAN00001585349 17 0 0 17 0 0 0
EGAN00001585350 19 0 0 19 0 0 0
EGAN00001585368 17 0 0 17 0 0 0
EGAN00001585387 22 0 0 22 0 0 0
EGAN00001585388 24 0 0 24 0 0 0
EGAN00001585391 20 0 0 20 0 0 0
EGAN00001585393 15 0 0 15 0 0 0
EGAN00001585404 19 0 0 19 0 0 0
EGAN00001585423 20 0 0 20 0 0 0
EGAN00001585439 19 0 0 19 0 0 0
EGAN00001585440 20 0 0 20 0 0 0
EGAN00001585449 21 0 0 21 0 0 0
EGAN00001585462 20 0 0 20 0 0 0
EGAN00001585473 17 0 0 17 0 0 0
EGAN00001585477 18 0 0 17 0 1 0
EGAN00001585491 27 0 0 27 0 0 0
EGAN00001585505 21 0 0 19 2 0 0
EGAN00001585506 28 0 0 28 0 0 0
EGAN00001585507 14 0 0 14 0 0 0
EGAN00001585518 29 0 0 29 0 0 0
EGAN00001585529 23 0 0 23 0 0 0
EGAN00001585530 22 0 0 22 0 0 0
EGAN00001585536 16 0 0 16 0 0 0
EGAN00001585557 13 0 0 13 0 0 0
EGAN00001585560 16 0 0 16 0 0 0
EGAN00001585569 15 0 0 15 0 0 0
EGAN00001585604 11 0 0 11 0 0 0
EGAN00001585621 27 0 0 27 0 0 0
EGAN00001585625 33 0 0 33 0 0 0
EGAN00001585628 14 0 0 14 0 0 0
EGAN00001585629 13 0 0 13 0 0 0
EGAN00001585639 14 0 0 14 0 0 0
EGAN00001585649 37 0 0 36 0 1 0
EGAN00001585650 18 0 0 18 0 0 0
EGAN00001585657 15 0 0 15 0 0 0
EGAN00001585676 17 0 0 17 0 0 0
EGAN00001585681 19 0 0 19 0 0 0
EGAN00001585693 19 0 1 18 0 0 0
EGAN00001585705 17 0 0 17 0 0 0
EGAN00001585726 20 0 0 20 0 0 0
EGAN00001585735 27 0 0 27 0 0 0
EGAN00001585751 20 0 0 20 0 0 0
EGAN00001585755 17 0 0 17 0 0 0
EGAN00001585773 13 0 0 13 0 0 0
EGAN00001585802 16 0 0 16 0 0 0
EGAN00001585821 17 0 0 17 0 0 0
EGAN00001585822 17 0 0 17 0 0 0
EGAN00001585840 24 0 0 24 0 0 0
EGAN00001585842 16 0 0 16 0 0 0
EGAN00001585849 11 0 0 11 0 0 0
EGAN00001585852 11 0 0 11 0 0 0
EGAN00001585857 27 0 0 27 0 0 0
EGAN00001585870 13 0 0 13 0 0 0
EGAN00001585871 20 0 0 20 0 0 0
EGAN00001585884 19 0 0 19 0 0 0
EGAN00001585910 18 0 0 18 0 0 0
EGAN00001585946 23 0 0 23 0 0 0
EGAN00001585953 17 0 0 17 0 0 0
EGAN00001585980 15 0 0 15 0 0 0
EGAN00001585989 30 0 1 29 0 0 0
EGAN00001586004 21 0 0 21 0 0 0
EGAN00001586011 28 0 0 28 0 0 0
EGAN00001586036 20 0 0 20 0 0 0
EGAN00001586045 14 0 0 14 0 0 0
EGAN00001586049 32 0 0 32 0 0 0
EGAN00001586050 13 0 0 13 0 0 0
EGAN00001586055 18 0 0 18 0 0 0
EGAN00001586060 23 0 0 23 0 0 0
EGAN00001586066 20 0 0 20 0 0 0
EGAN00001586069 15 0 0 15 0 0 0
EGAN00001586081 17 0 0 17 0 0 0
EGAN00001586083 24 0 0 24 0 0 0
EGAN00001586104 21 0 0 21 0 0 0
EGAN00001586112 20 0 0 20 0 0 0
EGAN00001586117 13 0 0 13 0 0 0
EGAN00001586125 20 0 0 20 0 0 0
EGAN00001586148 17 0 0 17 0 0 0
EGAN00001586165 17 0 0 17 0 0 0
EGAN00001586175 22 0 0 22 0 0 0
EGAN00001586181 20 0 0 19 1 0 0
EGAN00001586191 25 0 0 25 0 0 0
EGAN00001586205 17 0 0 17 0 0 0
EGAN00001586206 21 0 0 21 0 0 0
EGAN00001599246 8 0 0 8 0 0 0
EGAN00001599251 12 0 0 12 0 0 0
EGAN00001599261 17 0 0 17 0 0 0
EGAN00001599262 27 0 0 27 0 0 0
EGAN00001599270 22 0 0 21 1 0 0
EGAN00001599275 14 0 0 14 0 0 0
EGAN00001599281 23 0 0 23 0 0 0
EGAN00001599290 19 0 0 19 0 0 0
EGAN00001599298 19 0 0 18 1 0 0
EGAN00001599353 32 0 0 32 0 0 0
EGAN00001599360 20 0 0 20 0 0 0
EGAN00001599375 20 0 0 20 0 0 0
EGAN00001599391 18 0 0 18 0 0 0
EGAN00001599393 30 0 0 30 0 0 0
EGAN00001599404 20 0 0 20 0 0 0
EGAN00001599406 26 0 0 26 0 0 0
EGAN00001599407 13 0 0 13 0 0 0
EGAN00001599410 24 0 0 24 0 0 0
EGAN00001599411 16 0 0 16 0 0 0
EGAN00001599421 27 0 0 27 0 0 0
EGAN00001599432 15 0 0 15 0 0 0
EGAN00001599445 19 0 0 19 0 0 0
EGAN00001599448 24 0 0 24 0 0 0
EGAN00001599449 21 0 0 20 1 0 0
EGAN00001599452 16 0 0 16 0 0 0
EGAN00001599455 27 0 0 27 0 0 0
EGAN00001599456 25 0 0 25 0 0 0
EGAN00001599457 21 0 0 21 0 0 0
EGAN00001599461 22 0 0 22 0 0 0
EGAN00001599480 13 0 0 13 0 0 0
EGAN00001599501 23 0 0 23 0 0 0
EGAN00001599506 21 0 0 21 0 0 0
EGAN00001599542 20 0 0 20 0 0 0
EGAN00001599555 20 0 0 20 0 0 0
EGAN00001599567 25 0 0 25 0 0 0
EGAN00001599576 19 0 0 19 0 0 0
EGAN00001599593 19 0 0 19 0 0 0
EGAN00001599599 13 0 0 13 0 0 0
EGAN00001599625 22 0 1 21 0 0 0
EGAN00001599637 28 0 0 28 0 0 0
EGAN00001599655 49 0 0 49 0 0 0
EGAN00001599686 24 0 0 24 0 0 0
EGAN00001599694 18 0 0 18 0 0 0
EGAN00001599696 16 0 0 16 0 0 0
EGAN00001599700 13 0 0 13 0 0 0
EGAN00001599703 29 0 0 29 0 0 0
EGAN00001599711 25 0 0 25 0 0 0
EGAN00001599722 15 0 0 15 0 0 0
EGAN00001599749 20 0 0 20 0 0 0
EGAN00001599760 19 0 0 19 0 0 0
EGAN00001599774 20 0 0 20 0 0 0
EGAN00001599777 14 0 0 14 0 0 0
EGAN00001599780 25 0 0 25 0 0 0
EGAN00001599802 18 0 0 18 0 0 0
EGAN00001599817 13 0 0 13 0 0 0
EGAN00001599825 19 0 0 19 0 0 0
EGAN00001599870 17 0 0 17 0 0 0
EGAN00001599876 12 0 0 12 0 0 0
EGAN00001599887 18 0 0 18 0 0 0
EGAN00001599896 30 0 0 29 1 0 0
EGAN00001599904 20 0 0 20 0 0 0
EGAN00001599915 19 0 0 19 0 0 0
EGAN00001599917 20 0 0 20 0 0 0
EGAN00001599932 24 0 0 24 0 0 0
EGAN00001671033 21 0 0 21 0 0 0
EGAN00001671807 13 0 0 13 0 0 0
EGAN00001671828 21 0 1 20 0 0 0
EGAN00001671840 14 0 0 14 0 0 0
EGAN00001671857 29 0 0 29 0 0 0
EGAN00001671875 26 0 0 26 0 0 0
EGAN00001671876 19 0 0 19 0 0 0
EGAN00001671878 17 0 1 16 0 0 0
EGAN00001671882 20 0 0 20 0 0 0
EGAN00001671919 17 0 0 17 0 0 0
EGAN00001671924 16 0 0 16 0 0 0
EGAN00001671928 20 0 0 20 0 0 0
EGAN00001671936 16 0 0 16 0 0 0
EGAN00001671948 18 0 0 18 0 0 0
EGAN00001671983 16 0 0 16 0 0 0
EGAN00001671999 28 0 0 28 0 0 0
EGAN00001672009 10 0 0 10 0 0 0
EGAN00001672013 13 0 0 13 0 0 0
EGAN00001672017 20 0 0 20 0 0 0
EGAN00001672025 22 0 0 22 0 0 0
EGAN00001672026 18 0 0 18 0 0 0
EGAN00001672054 37 0 0 37 0 0 0
EGAN00001672062 30 0 0 30 0 0 0
EGAN00001672074 18 0 1 17 0 0 0
EGAN00001672084 19 0 0 19 0 0 0
EGAN00001672093 11 0 0 11 0 0 0
EGAN00001672100 14 0 0 14 0 0 0
EGAN00001672104 28 0 0 28 0 0 0
EGAN00001672114 19 0 0 19 0 0 0
EGAN00001672116 15 0 1 14 0 0 0
EGAN00001672124 7 0 0 7 0 0 0
EGAN00001672126 15 0 0 15 0 0 0
EGAN00001672134 23 0 0 23 0 0 0
EGAN00001672147 24 0 0 24 0 0 0
EGAN00001672148 20 0 0 20 0 0 0
EGAN00001672152 11 0 0 11 0 0 0
EGAN00001672156 14 0 0 13 0 1 0
EGAN00001672161 9 0 0 9 0 0 0
EGAN00001672165 15 0 0 15 0 0 0
EGAN00001672169 25 0 0 25 0 0 0
EGAN00001672173 16 0 0 16 0 0 0
EGAN00001672178 12 0 0 12 0 0 0
EGAN00001672183 21 0 0 21 0 0 0
EGAN00001672190 11 0 0 11 0 0 0
EGAN00001672197 19 0 0 19 0 0 0
EGAN00001672210 19 0 0 19 0 0 0
EGAN00001672232 15 0 0 14 1 0 0
EGAN00001672243 19 0 0 19 0 0 0
EGAN00001672284 17 0 0 17 0 0 0
EGAN00001672288 16 0 0 16 0 0 0
EGAN00001672308 21 0 0 21 0 0 0
EGAN00001672316 7 0 0 7 0 0 0
EGAN00001672322 7 0 0 7 0 0 0
EGAN00001672330 20 0 0 20 0 0 0
EGAN00001672333 12 0 0 12 0 0 0
EGAN00001672334 16 0 0 16 0 0 0
EGAN00001672345 18 0 0 18 0 0 0
EGAN00001672354 16 0 0 16 0 0 0
EGAN00001672363 16 0 0 16 0 0 0
EGAN00001672376 15 0 0 15 0 0 0
EGAN00001672378 23 0 0 23 0 0 0
EGAN00001672383 29 0 0 29 0 0 0
EGAN00001672411 18 0 0 18 0 0 0
EGAN00001672428 16 0 0 15 1 0 0
EGAN00001672439 28 0 0 28 0 0 0
EGAN00001672452 19 0 0 19 0 0 0
EGAN00001672457 16 0 0 16 0 0 0
EGAN00001672462 21 0 0 21 0 0 0
EGAN00001672511 12 0 0 12 0 0 0
EGAN00001672536 11 0 0 11 0 0 0
EGAN00001672538 23 0 0 23 0 0 0
EGAN00001672542 23 0 0 23 0 0 0
EGAN00001672553 13 0 0 12 0 1 0
EGAN00001672554 23 0 1 22 0 0 0
EGAN00001672565 16 0 0 16 0 0 0
EGAN00001672572 12 0 0 12 0 0 0
EGAN00001672578 11 0 0 11 0 0 0
EGAN00001672580 17 0 0 17 0 0 0
EGAN00001672585 21 0 0 21 0 0 0
EGAN00001672593 19 0 0 19 0 0 0
EGAN00001672597 18 0 0 18 0 0 0
EGAN00001672601 23 0 0 23 0 0 0
EGAN00001672631 15 0 0 15 0 0 0
EGAN00001672646 20 0 0 20 0 0 0
EGAN00001672651 18 0 0 18 0 0 0
EGAN00001672675 23 0 0 23 0 0 0
EGAN00001672687 18 0 0 18 0 0 0
EGAN00001672714 35 0 0 35 0 0 0
EGAN00001672719 19 0 0 19 0 0 0
EGAN00001672736 21 0 0 21 0 0 0
EGAN00001672744 25 0 0 25 0 0 0
EGAN00001672745 22 0 0 22 0 0 0
EGAN00001672751 22 0 0 22 0 0 0
EGAN00001672763 23 0 0 23 0 0 0
EGAN00001672783 20 0 0 20 0 0 0
EGAN00001672790 25 0 0 25 0 0 0
EGAN00001672794 22 0 0 22 0 0 0
EGAN00001672797 30 0 0 30 0 0 0
EGAN00001672813 22 0 0 22 0 0 0
EGAN00001672820 17 0 0 17 0 0 0
EGAN00001672833 25 0 0 25 0 0 0
EGAN00001672839 21 0 0 21 0 0 0
EGAN00001672848 17 0 0 17 0 0 0
EGAN00001672870 8 0 0 8 0 0 0
EGAN00001672873 16 0 0 16 0 0 0
EGAN00001672877 24 0 0 24 0 0 0
EGAN00001672886 24 0 0 24 0 0 0
EGAN00001672896 21 0 0 21 0 0 0
EGAN00001672914 27 0 0 27 0 0 0
EGAN00001672923 20 0 0 20 0 0 0
EGAN00001672926 14 0 0 13 1 0 0
EGAN00001672930 27 0 0 27 0 0 0
EGAN00001672933 24 0 0 23 0 1 0
EGAN00001672940 30 0 0 30 0 0 0
EGAN00001672947 21 0 0 21 0 0 0
EGAN00001672969 21 0 0 21 0 0 0
EGAN00001672988 14 0 0 14 0 0 0
EGAN00001673014 15 0 0 15 0 0 0
EGAN00001673075 19 0 0 19 0 0 0
EGAN00001673103 24 0 0 24 0 0 0
EGAN00001673106 18 0 0 18 0 0 0
EGAN00001673115 22 0 0 22 0 0 0
EGAN00001673116 15 0 0 15 0 0 0
EGAN00001673128 30 0 0 30 0 0 0
EGAN00001673142 17 0 0 17 0 0 0
EGAN00001673167 20 0 0 20 0 0 0
EGAN00001673209 13 0 0 13 0 0 0
EGAN00001673245 17 0 0 17 0 0 0
EGAN00001673252 34 0 0 34 0 0 0
EGAN00001673257 12 0 0 12 0 0 0
EGAN00001673263 23 0 0 23 0 0 0
EGAN00001673285 19 0 0 19 0 0 0
EGAN00001673292 18 0 0 18 0 0 0
EGAN00001673302 26 0 0 26 0 0 0
EGAN00001673321 11 0 0 10 1 0 0
EGAN00001673329 24 0 0 23 1 0 0
EGAN00001673335 24 0 0 24 0 0 0
EGAN00001673347 21 0 0 21 0 0 0
EGAN00001673371 16 0 0 16 0 0 0
EGAN00001673418 28 0 0 28 0 0 0
EGAN00001673422 21 0 0 21 0 0 0
EGAN00001673446 20 0 0 20 0 0 0
EGAN00001673458 19 0 0 19 0 0 0
EGAN00001673521 20 0 0 20 0 0 0
EGAN00001673523 23 0 0 23 0 0 0
EGAN00001673532 10 0 0 10 0 0 0
EGAN00001673562 13 0 0 13 0 0 0
EGAN00001673578 11 0 0 11 0 0 0
EGAN00001673580 29 0 0 29 0 0 0
EGAN00001673583 12 0 0 12 0 0 0
EGAN00001673597 24 0 0 24 0 0 0
EGAN00001673607 15 0 0 15 0 0 0
EGAN00001673611 27 0 0 27 0 0 0
EGAN00001673632 23 0 0 23 0 0 0
EGAN00001673637 18 0 0 18 0 0 0
EGAN00001673670 20 0 0 20 0 0 0
EGAN00001673677 17 0 0 17 0 0 0
EGAN00001673693 18 0 0 18 0 0 0
EGAN00001673700 22 0 0 22 0 0 0
EGAN00001673727 15 0 0 15 0 0 0
EGAN00001673751 23 0 0 23 0 0 0
EGAN00001673782 24 0 0 24 0 0 0
EGAN00001673804 23 0 0 23 0 0 0
EGAN00001673810 31 0 0 31 0 0 0
EGAN00001730343 15 0 0 15 0 0 0
EGAN00001730397 17 0 0 17 0 0 0
EGAN00001730410 25 0 0 25 0 0 0
EGAN00001730434 20 0 0 20 0 0 0
EGAN00001730447 16 0 0 16 0 0 0
EGAN00001730450 17 0 0 17 0 0 0
EGAN00001730455 14 0 0 13 1 0 0
EGAN00001730460 21 0 0 21 0 0 0
EGAN00001730488 23 0 0 23 0 0 0
EGAN00001730502 10 0 0 10 0 0 0
EGAN00001730503 19 0 0 19 0 0 0
EGAN00001730521 16 0 0 16 0 0 0
EGAN00001730523 14 0 0 14 0 0 0
EGAN00001730529 20 0 0 20 0 0 0
EGAN00001740624 14 0 0 14 0 0 0
EGAN00001740630 15 0 0 15 0 0 0
EGAN00001740633 15 0 0 15 0 0 0
EGAN00001740634 14 0 0 14 0 0 0
EGAN00001740641 18 0 0 18 0 0 0
EGAN00001740654 21 0 0 21 0 0 0
EGAN00001740657 18 0 0 18 0 0 0
EGAN00001740658 15 0 0 15 0 0 0
EGAN00001740673 17 0 0 17 0 0 0
EGAN00001740680 14 0 0 14 0 0 0
EGAN00001740686 10 0 0 10 0 0 0
EGAN00001740691 21 0 0 20 1 0 0
EGAN00001740692 20 0 0 20 0 0 0
EGAN00001740695 8 0 0 8 0 0 0
EGAN00001740700 16 0 0 16 0 0 0
EGAN00001740704 17 0 0 16 1 0 0
EGAN00001740742 7 0 0 6 0 1 0
EGAN00001740752 15 0 0 15 0 0 0
EGAN00001740772 24 0 0 24 0 0 0
EGAN00001740774 17 0 0 17 0 0 0
EGAN00001740796 16 0 0 16 0 0 0
EGAN00001740797 10 0 0 10 0 0 0
EGAN00001740802 22 0 0 22 0 0 0
EGAN00001740806 17 0 0 17 0 0 0
EGAN00001740827 13 0 0 13 0 0 0
EGAN00001740848 13 0 0 13 0 0 0
EGAN00001740858 16 0 0 16 0 0 0
EGAN00001740884 17 0 0 16 0 1 0
EGAN00001740885 19 0 0 19 0 0 0
EGAN00001740904 11 0 0 11 0 0 0
EGAN00001740906 30 0 0 30 0 0 0
EGAN00001740907 15 0 0 15 0 0 0
EGAN00001740918 17 0 0 17 0 0 0
EGAN00001740921 14 0 0 14 0 0 0
EGAN00001740927 19 0 0 19 0 0 0
EGAN00001740932 18 0 0 18 0 0 0
EGAN00001740944 22 0 0 22 0 0 0
EGAN00001740955 22 0 0 22 0 0 0
EGAN00001740957 10 0 0 10 0 0 0
EGAN00001740967 19 0 0 19 0 0 0
EGAN00001740970 16 0 0 16 0 0 0
EGAN00001740973 17 0 0 17 0 0 0
EGAN00001740978 17 0 0 17 0 0 0
EGAN00001740988 23 0 0 23 0 0 0
EGAN00001741035 13 0 0 13 0 0 0
EGAN00001741056 25 0 0 25 0 0 0
EGAN00001741057 17 0 0 17 0 0 0
EGAN00001741066 13 0 0 13 0 0 0
EGAN00001741073 19 0 0 19 0 0 0
EGAN00001741075 21 0 0 21 0 0 0
EGAN00001741087 16 0 0 16 0 0 0
EGAN00001741090 19 0 0 19 0 0 0
EGAN00001741093 21 0 0 21 0 0 0
EGAN00001741099 18 0 0 18 0 0 0
EGAN00001741107 19 0 0 19 0 0 0
EGAN00001741120 28 0 0 28 0 0 0
EGAN00001741122 14 0 0 14 0 0 0
EGAN00001741140 19 0 0 19 0 0 0
EGAN00001741150 18 0 0 18 0 0 0
EGAN00001741154 15 0 0 15 0 0 0
EGAN00001797988 14 0 0 14 0 0 0
EGAN00001797994 15 0 0 14 1 0 0
EGAN00001797996 19 0 0 19 0 0 0
EGAN00001798007 26 0 1 25 0 0 0
EGAN00001798008 20 0 0 20 0 0 0
EGAN00001798021 16 0 0 16 0 0 0
EGAN00001798030 19 0 0 19 0 0 0
EGAN00001798074 16 0 0 16 0 0 0
EGAN00001798091 20 0 0 19 1 0 0
EGAN00001798092 18 0 0 18 0 0 0
EGAN00001798104 17 0 0 17 0 0 0
EGAN00001798154 14 0 0 14 0 0 0
EGAN00001798162 16 0 0 16 0 0 0
EGAN00001798177 16 0 0 16 0 0 0
EGAN00001798191 16 0 1 15 0 0 0
EGAN00001798203 12 0 0 12 0 0 0
EGAN00001798255 10 0 0 10 0 0 0
EGAN00001798262 19 0 0 19 0 0 0
EGAN00001798269 10 0 0 10 0 0 0
EGAN00001798282 13 0 0 13 0 0 0
EGAN00001798285 19 0 1 18 0 0 0
EGAN00001798300 22 0 0 22 0 0 0
EGAN00001798317 23 0 0 23 0 0 0
EGAN00001798327 29 0 0 28 0 1 0
EGAN00001798330 29 0 0 29 0 0 0
EGAN00001798339 18 0 0 18 0 0 0
EGAN00001798342 13 0 0 13 0 0 0
EGAN00001798347 34 0 0 34 0 0 0
EGAN00001798348 14 0 0 14 0 0 0
EGAN00001798351 19 0 0 19 0 0 0
EGAN00001798359 20 0 0 19 1 0 0
EGAN00001798360 15 0 0 14 1 0 0
EGAN00001798367 15 0 0 14 1 0 0
EGAN00001798381 22 0 0 22 0 0 0
EGAN00001798382 18 0 0 18 0 0 0
EGAN00001798397 18 0 0 18 0 0 0
EGAN00001798404 15 0 0 15 0 0 0
EGAN00001798412 17 0 0 17 0 0 0
EGAN00001798435 9 0 0 9 0 0 0
EGAN00001798443 12 0 0 12 0 0 0
EGAN00001798445 13 0 0 13 0 0 0
EGAN00001798453 22 0 0 22 0 0 0
EGAN00001798480 26 0 0 26 0 0 0
EGAN00001798482 18 0 0 18 0 0 0
EGAN00001798483 14 0 0 14 0 0 0
EGAN00001798484 25 0 0 25 0 0 0
EGAN00001798492 22 0 0 22 0 0 0
EGAN00001798495 22 0 0 22 0 0 0
EGAN00001798498 11 0 0 11 0 0 0
EGAN00001798506 17 0 0 17 0 0 0
EGAN00001798511 19 0 0 19 0 0 0
EGAN00001798521 15 0 0 15 0 0 0
EGAN00001798534 13 0 0 13 0 0 0
EGAN00001798550 15 0 0 15 0 0 0
EGAN00001798551 11 0 0 11 0 0 0
EGAN00001798564 16 0 0 16 0 0 0
EGAN00001798565 20 0 0 20 0 0 0
EGAN00001798570 16 0 0 16 0 0 0
EGAN00001798574 21 0 0 21 0 0 0
EGAN00001798607 23 0 0 23 0 0 0
EGAN00001798625 12 0 0 12 0 0 0
EGAN00001798626 16 0 0 16 0 0 0
EGAN00001798632 18 0 0 18 0 0 0
EGAN00001798647 23 0 0 23 0 0 0
EGAN00001798653 25 0 0 25 0 0 0
EGAN00001798666 21 0 0 21 0 0 0
EGAN00001798669 23 0 0 23 0 0 0
EGAN00001798695 16 0 0 16 0 0 0
EGAN00001798708 20 0 0 19 1 0 0
EGAN00001830726 21 0 0 21 0 0 0
EGAN00001830730 15 0 0 15 0 0 0
EGAN00001830735 18 0 0 18 0 0 0
EGAN00001830736 28 0 0 28 0 0 0
EGAN00001830748 18 0 0 18 0 0 0
EGAN00001830757 26 0 0 26 0 0 0
EGAN00001830766 17 0 0 17 0 0 0
EGAN00001830784 18 0 0 18 0 0 0
EGAN00001830804 11 0 0 11 0 0 0
EGAN00001830806 13 0 0 13 0 0 0
EGAN00001830813 22 0 0 22 0 0 0
EGAN00001830822 16 0 0 16 0 0 0
EGAN00001830825 10 0 0 10 0 0 0
EGAN00001830830 22 0 0 22 0 0 0
EGAN00001830831 15 0 0 15 0 0 0
EGAN00001830836 22 0 0 22 0 0 0
EGAN00001830837 20 0 0 20 0 0 0
EGAN00001830839 16 0 0 16 0 0 0
EGAN00001830844 18 0 0 18 0 0 0
EGAN00001830849 11 0 0 11 0 0 0
EGAN00001830870 21 0 0 20 1 0 0
EGAN00001830878 21 0 0 21 0 0 0
EGAN00001830880 17 0 0 17 0 0 0
EGAN00001830882 10 0 0 10 0 0 0
EGAN00001830889 23 0 0 22 1 0 0
EGAN00001830896 21 0 0 21 0 0 0
EGAN00001830921 26 0 0 26 0 0 0
EGAN00001830930 18 0 0 18 0 0 0
EGAN00001830942 10 0 0 10 0 0 0
EGAN00001830943 14 0 0 14 0 0 0
EGAN00001830956 18 0 0 18 0 0 0
EGAN00001830959 17 0 0 17 0 0 0
