Sample Depth = A C G T N
EGAN00001008152 12 0 0 0 0 12 0
EGAN00001008240 11 0 0 0 0 11 0
EGAN00001008480 7 0 0 0 0 7 0
EGAN00001021279 10 0 0 0 0 10 0
EGAN00001021287 13 0 0 0 0 12 1
EGAN00001021349 11 0 0 0 0 11 0
EGAN00001021460 38 0 0 0 0 38 0
EGAN00001021482 18 0 0 0 0 18 0
EGAN00001021497 8 0 0 0 0 8 0
EGAN00001021529 14 0 0 0 0 14 0
EGAN00001021566 10 0 0 0 0 10 0
EGAN00001021591 16 0 0 0 0 16 0
EGAN00001021602 15 0 0 0 0 15 0
EGAN00001021616 9 0 0 0 0 9 0
EGAN00001021618 5 0 0 0 0 5 0
EGAN00001021722 6 0 0 0 0 6 0
EGAN00001021724 14 0 0 0 0 14 0
EGAN00001021747 6 0 0 0 0 6 0
EGAN00001021767 19 0 0 0 0 19 0
EGAN00001021773 14 0 0 0 0 14 0
EGAN00001021774 22 0 0 0 0 22 0
EGAN00001021779 14 0 0 0 0 14 0
EGAN00001021807 11 0 0 0 0 11 0
EGAN00001021818 15 0 0 0 0 15 0
EGAN00001021838 15 0 0 0 0 15 0
EGAN00001021842 8 0 0 0 0 8 0
EGAN00001021852 15 0 0 0 0 15 0
EGAN00001021861 15 0 0 0 0 15 0
EGAN00001021877 11 0 0 0 0 11 0
EGAN00001021992 4 0 0 0 0 4 0
EGAN00001021995 11 0 0 0 0 11 0
EGAN00001022009 9 0 0 0 0 9 0
EGAN00001022024 16 0 0 0 0 16 0
EGAN00001022028 4 0 0 0 0 4 0
EGAN00001022070 14 0 0 0 0 14 0
EGAN00001022071 12 0 0 0 0 12 0
EGAN00001022073 9 0 0 0 0 9 0
EGAN00001022269 15 0 0 0 0 15 0
EGAN00001022287 12 0 0 0 1 11 0
EGAN00001022694 3 0 0 0 0 3 0
EGAN00001022728 11 0 0 0 0 11 0
EGAN00001022747 14 0 0 0 0 14 0
EGAN00001022776 14 0 0 0 0 14 0
EGAN00001022786 12 0 0 0 0 12 0
EGAN00001022788 7 0 0 0 0 7 0
EGAN00001022798 8 0 0 0 0 8 0
EGAN00001022907 13 0 0 0 0 13 0
EGAN00001022925 16 0 0 0 1 15 0
EGAN00001022928 11 0 0 0 1 10 0
EGAN00001022933 20 0 0 0 0 20 0
EGAN00001022944 5 0 0 0 0 5 0
EGAN00001022965 14 0 0 0 0 14 0
EGAN00001022970 13 0 0 0 0 13 0
EGAN00001022976 13 0 0 0 0 13 0
EGAN00001022977 4 0 0 0 0 4 0
EGAN00001022985 9 0 0 0 0 9 0
EGAN00001022994 12 0 0 0 0 12 0
EGAN00001022999 29 0 0 0 0 29 0
EGAN00001023013 9 0 0 0 0 9 0
EGAN00001023048 7 0 0 0 0 7 0
EGAN00001023052 17 0 0 0 0 17 0
EGAN00001023062 11 0 0 0 0 11 0
EGAN00001023065 16 0 0 0 1 15 0
EGAN00001023090 11 0 0 0 0 11 0
EGAN00001023109 11 0 0 0 0 11 0
EGAN00001023113 19 0 0 0 0 19 0
EGAN00001023144 9 0 0 0 0 9 0
EGAN00001023149 13 0 0 0 0 13 0
EGAN00001023165 10 0 0 0 0 10 0
EGAN00001023440 6 0 0 0 0 6 0
EGAN00001023443 12 0 0 0 0 12 0
EGAN00001023451 17 0 0 0 0 17 0
EGAN00001023536 20 0 0 0 0 20 0
EGAN00001024052 12 0 0 0 0 12 0
EGAN00001024169 15 0 0 0 0 15 0
EGAN00001024175 5 0 0 0 0 5 0
EGAN00001024242 21 0 0 0 0 21 0
EGAN00001024268 5 0 0 0 0 5 0
EGAN00001024339 14 0 0 0 0 14 0
EGAN00001025821 15 0 0 0 0 15 0
EGAN00001025877 4 0 0 0 0 4 0
EGAN00001026203 5 0 0 0 0 5 0
EGAN00001026429 6 0 0 0 0 6 0
EGAN00001026576 14 0 0 0 0 14 0
EGAN00001026589 13 0 0 0 0 13 0
EGAN00001026598 14 0 0 0 0 14 0
EGAN00001026629 18 0 0 0 0 18 0
EGAN00001026694 7 0 0 0 0 7 0
EGAN00001026814 21 0 0 0 0 21 0
EGAN00001027202 10 0 0 0 1 9 0
EGAN00001027204 5 0 0 0 0 5 0
EGAN00001027205 16 0 0 0 0 16 0
EGAN00001027212 13 0 0 0 0 13 0
EGAN00001027340 14 0 0 0 0 14 0
EGAN00001027395 9 0 0 0 0 9 0
EGAN00001027418 6 0 0 0 0 6 0
EGAN00001027453 17 0 0 0 0 17 0
EGAN00001027462 14 0 0 0 0 14 0
EGAN00001027463 10 0 0 0 0 10 0
EGAN00001027475 21 0 0 0 0 21 0
EGAN00001027505 12 0 0 0 0 12 0
EGAN00001027540 10 0 0 0 0 10 0
EGAN00001073920 11 0 0 0 1 10 0
EGAN00001073921 6 0 0 0 0 6 0
EGAN00001073922 14 0 0 0 0 14 0
EGAN00001074781 18 0 0 1 0 17 0
EGAN00001074834 16 0 0 0 0 16 0
EGAN00001074854 9 0 0 0 0 9 0
EGAN00001074864 12 0 0 0 0 12 0
EGAN00001074869 19 0 0 0 0 19 0
EGAN00001074873 12 0 0 0 0 12 0
EGAN00001074875 2 0 0 0 0 2 0
EGAN00001079317 3 0 0 0 0 3 0
EGAN00001079328 13 0 0 0 0 13 0
EGAN00001079401 18 0 0 0 0 18 0
EGAN00001079414 4 0 0 0 0 4 0
EGAN00001079479 13 0 0 0 0 13 0
EGAN00001079481 5 0 0 0 0 5 0
EGAN00001079505 16 0 0 0 0 16 0
EGAN00001079506 6 0 0 0 0 6 0
EGAN00001079561 18 0 0 0 0 18 0
EGAN00001079572 5 0 0 0 0 5 0
EGAN00001079662 15 0 0 0 0 15 0
EGAN00001079666 15 0 0 0 0 15 0
EGAN00001079696 15 0 0 0 0 15 0
EGAN00001079780 18 0 0 0 0 18 0
EGAN00001080216 9 0 0 0 0 9 0
EGAN00001080226 10 0 0 0 0 10 0
EGAN00001240157 11 0 0 0 0 11 0
EGAN00001240272 11 0 0 0 0 11 0
EGAN00001240612 7 0 0 0 0 7 0
EGAN00001240628 15 0 0 0 0 15 0
EGAN00001240764 15 0 0 0 0 15 0
EGAN00001240779 12 0 0 0 0 12 0
EGAN00001240905 14 0 0 0 1 13 0
EGAN00001241156 11 0 0 0 0 11 0
EGAN00001241214 9 0 0 0 0 9 0
EGAN00001241247 13 0 0 0 0 13 0
EGAN00001241334 5 0 0 0 0 5 0
EGAN00001241394 13 0 0 0 0 13 0
EGAN00001241506 8 0 0 0 0 8 0
EGAN00001241817 8 0 0 0 0 8 0
EGAN00001241861 14 0 0 0 0 14 0
EGAN00001241906 17 0 0 0 0 17 0
EGAN00001241963 11 0 0 0 1 10 0
EGAN00001241982 7 0 0 0 0 7 0
EGAN00001242082 8 0 0 0 0 8 0
EGAN00001242253 12 0 1 0 0 11 0
EGAN00001242280 13 0 0 0 0 13 0
EGAN00001242309 13 0 0 0 0 13 0
EGAN00001242516 6 0 0 0 0 6 0
EGAN00001242562 7 0 0 0 0 7 0
EGAN00001242628 4 0 0 0 0 4 0
EGAN00001242652 14 0 0 0 0 14 0
EGAN00001242720 11 0 0 0 0 11 0
EGAN00001242723 7 0 0 0 0 7 0
EGAN00001242952 15 0 0 0 0 15 0
EGAN00001243036 13 0 0 0 0 13 0
EGAN00001243053 9 0 0 0 0 9 0
EGAN00001243054 15 0 0 0 0 15 0
EGAN00001243109 7 0 0 0 0 7 0
EGAN00001243140 17 0 0 0 0 17 0
EGAN00001243144 12 0 0 0 0 12 0
EGAN00001243226 19 0 0 0 0 19 0
EGAN00001243294 10 0 0 0 0 10 0
EGAN00001243323 6 0 0 0 0 6 0
EGAN00001243343 8 0 0 0 0 8 0
EGAN00001243402 11 0 0 0 0 11 0
EGAN00001243503 3 0 0 0 0 3 0
EGAN00001243681 9 0 0 0 0 9 0
EGAN00001243731 8 0 0 0 0 8 0
EGAN00001243755 12 0 0 0 0 12 0
EGAN00001243780 23 0 0 0 0 23 0
EGAN00001243786 9 0 0 0 0 9 0
EGAN00001243946 14 0 0 0 0 14 0
EGAN00001244068 24 0 0 0 0 24 0
EGAN00001244108 14 0 0 0 0 14 0
EGAN00001244157 7 0 0 0 0 7 0
EGAN00001244308 12 0 0 0 0 12 0
EGAN00001244475 17 0 0 0 0 17 0
EGAN00001244572 20 0 0 0 0 20 0
EGAN00001244592 10 0 0 0 0 10 0
EGAN00001244659 20 0 0 0 0 20 0
EGAN00001244730 8 0 0 0 0 8 0
EGAN00001244763 13 0 0 0 0 13 0
EGAN00001244776 11 0 0 0 0 11 0
EGAN00001245103 17 0 0 0 0 17 0
EGAN00001245122 21 0 0 0 0 21 0
EGAN00001245134 12 0 0 0 0 12 0
EGAN00001245179 14 0 0 0 0 14 0
EGAN00001245323 7 0 0 0 0 7 0
EGAN00001245434 12 0 0 0 0 12 0
EGAN00001245840 14 0 0 0 0 14 0
EGAN00001246009 10 0 0 0 0 10 0
EGAN00001246021 14 0 0 0 0 14 0
EGAN00001246023 8 0 0 0 1 7 0
EGAN00001246063 17 0 0 0 0 17 0
EGAN00001246077 11 0 0 0 0 11 0
EGAN00001246246 8 0 0 0 0 8 0
EGAN00001246783 8 0 0 0 0 8 0
EGAN00001247049 12 0 0 0 0 12 0
EGAN00001247152 7 0 0 0 0 7 0
EGAN00001247246 9 0 0 0 0 9 0
EGAN00001247313 21 0 0 0 0 21 0
EGAN00001247500 11 0 0 0 0 11 0
EGAN00001247568 14 0 0 0 0 14 0
EGAN00001247658 15 0 0 0 0 15 0
EGAN00001247674 15 0 0 0 0 15 0
EGAN00001247681 16 0 0 0 0 16 0
EGAN00001267728 8 0 0 0 0 8 0
EGAN00001267991 14 0 0 0 0 14 0
EGAN00001277294 12 0 0 0 0 12 0
EGAN00001277295 6 0 0 0 0 6 0
EGAN00001385049 11 0 0 0 0 11 0
EGAN00001385050 8 0 0 0 0 8 0
EGAN00001385053 14 0 0 0 0 14 0
EGAN00001385060 8 0 0 0 0 8 0
EGAN00001385062 12 0 0 1 0 11 0
EGAN00001385083 7 0 0 0 0 7 0
EGAN00001385135 8 0 0 0 0 8 0
EGAN00001385146 7 0 0 0 0 7 0
EGAN00001385155 16 0 0 0 0 16 0
EGAN00001385160 8 0 0 0 0 8 0
EGAN00001385169 5 0 0 0 0 5 0
EGAN00001385173 20 0 0 0 0 20 0
EGAN00001385177 19 0 0 0 0 19 0
EGAN00001385180 3 0 0 0 0 3 0
EGAN00001385182 6 0 0 0 0 6 0
EGAN00001385184 13 0 0 0 0 13 0
EGAN00001385193 13 0 0 0 0 13 0
EGAN00001385212 15 0 0 0 0 15 0
EGAN00001385222 14 0 0 0 0 14 0
EGAN00001385223 18 0 0 0 0 18 0
EGAN00001385232 5 0 0 0 0 5 0
EGAN00001385237 9 0 0 0 0 9 0
EGAN00001385246 10 0 0 0 0 10 0
EGAN00001385268 17 0 0 0 0 17 0
EGAN00001385280 8 0 0 0 0 8 0
EGAN00001385284 12 0 0 0 0 12 0
EGAN00001385305 5 0 0 0 0 5 0
EGAN00001385313 3 0 0 0 0 3 0
EGAN00001385352 12 0 0 0 0 12 0
EGAN00001385361 13 0 0 0 0 13 0
EGAN00001385393 14 0 0 0 0 14 0
EGAN00001385395 7 0 0 0 0 7 0
EGAN00001385442 8 0 0 0 0 8 0
EGAN00001385443 13 0 0 0 0 13 0
EGAN00001385444 8 0 0 0 0 8 0
EGAN00001385447 4 0 0 0 0 4 0
EGAN00001385448 17 0 0 0 0 17 0
EGAN00001385449 5 0 0 0 0 5 0
EGAN00001385467 18 0 0 0 0 18 0
EGAN00001385469 17 0 0 0 1 16 0
EGAN00001385479 11 0 0 0 1 10 0
EGAN00001385496 19 0 0 0 0 19 0
EGAN00001385516 8 0 0 0 0 8 0
EGAN00001385522 12 0 0 0 0 12 0
EGAN00001385535 8 0 0 0 0 8 0
EGAN00001385539 10 0 0 0 0 10 0
EGAN00001385550 8 0 0 0 0 8 0
EGAN00001385578 6 0 0 0 0 6 0
EGAN00001385611 11 0 0 0 0 11 0
EGAN00001385616 6 0 0 0 0 6 0
EGAN00001385617 9 0 0 0 0 9 0
EGAN00001385627 22 0 0 0 0 22 0
EGAN00001385651 18 0 0 0 0 18 0
EGAN00001385655 12 0 0 0 0 12 0
EGAN00001385657 19 0 0 0 0 19 0
EGAN00001385673 21 0 0 0 0 21 0
EGAN00001385678 14 0 0 0 0 14 0
EGAN00001385688 13 0 0 0 0 13 0
EGAN00001385695 24 0 0 0 0 24 0
EGAN00001385699 9 0 0 0 0 9 0
EGAN00001385709 6 0 0 0 0 6 0
EGAN00001385738 10 0 0 0 0 10 0
EGAN00001385744 10 0 0 0 0 10 0
EGAN00001385746 12 0 0 0 0 12 0
EGAN00001385749 8 0 0 0 0 8 0
EGAN00001385752 19 0 0 0 0 19 0
EGAN00001385756 9 0 0 0 0 9 0
EGAN00001385760 22 0 0 0 0 22 0
EGAN00001385768 4 0 0 0 0 4 0
EGAN00001403187 13 0 0 0 0 13 0
EGAN00001403699 12 0 0 0 0 12 0
EGAN00001403701 11 0 0 0 0 11 0
EGAN00001403713 16 0 0 0 0 16 0
EGAN00001403722 10 0 0 0 0 10 0
EGAN00001403725 13 0 0 0 0 13 0
EGAN00001403739 11 0 0 0 0 11 0
EGAN00001403743 21 0 0 0 0 21 0
EGAN00001403756 7 0 0 0 0 7 0
EGAN00001403757 9 0 0 0 0 9 0
EGAN00001403763 12 0 0 0 0 12 0
EGAN00001403785 13 0 0 0 0 13 0
EGAN00001403786 16 0 0 0 0 16 0
EGAN00001403795 6 0 0 0 1 5 0
EGAN00001403805 25 0 0 0 0 25 0
EGAN00001403812 10 0 0 0 0 10 0
EGAN00001403819 5 0 0 0 0 5 0
EGAN00001403823 13 0 0 0 0 13 0
EGAN00001403825 11 0 0 0 0 11 0
EGAN00001403838 15 0 0 0 0 15 0
EGAN00001403845 10 0 0 0 0 10 0
EGAN00001403870 14 0 0 0 0 14 0
EGAN00001403873 7 0 0 0 0 7 0
EGAN00001403874 18 0 0 0 0 18 0
EGAN00001403892 7 0 0 0 0 7 0
EGAN00001403903 15 0 0 0 0 15 0
EGAN00001403909 12 0 0 0 0 12 0
EGAN00001403920 10 0 0 0 0 10 0
EGAN00001403930 10 0 0 0 0 10 0
EGAN00001403933 8 0 0 0 0 8 0
EGAN00001403939 17 0 0 0 0 17 0
EGAN00001403943 5 0 0 0 0 5 0
EGAN00001403953 11 0 0 0 0 11 0
EGAN00001403963 11 0 0 0 0 11 0
EGAN00001403980 12 0 0 0 0 12 0
EGAN00001403981 8 0 0 0 0 8 0
EGAN00001403994 17 0 0 0 1 16 0
EGAN00001404034 6 0 0 0 0 6 0
EGAN00001404044 13 0 0 0 0 13 0
EGAN00001404050 11 0 0 0 0 11 0
EGAN00001404075 14 0 0 0 0 14 0
EGAN00001404090 24 0 0 0 0 24 0
EGAN00001404108 12 0 0 0 0 12 0
EGAN00001404119 9 0 0 0 0 9 0
EGAN00001404147 13 0 0 0 0 13 0
EGAN00001404151 8 0 0 0 0 8 0
EGAN00001404154 10 0 0 0 0 10 0
EGAN00001404484 9 0 0 0 0 9 0
EGAN00001439009 11 0 0 0 0 11 0
EGAN00001439015 10 0 0 0 0 10 0
EGAN00001439114 9 0 0 0 0 9 0
EGAN00001439126 17 0 0 0 0 17 0
EGAN00001439127 4 0 0 0 0 4 0
EGAN00001439130 17 0 0 0 0 17 0
EGAN00001439141 5 0 0 0 0 5 0
EGAN00001439154 21 0 0 0 0 21 0
EGAN00001439168 12 0 0 0 0 12 0
EGAN00001439176 17 0 0 0 0 17 0
EGAN00001439191 17 0 0 0 2 15 0
EGAN00001439204 11 0 0 0 0 11 0
EGAN00001439205 16 0 0 0 0 16 0
EGAN00001439214 20 0 0 0 0 20 0
EGAN00001439216 12 0 0 0 0 12 0
EGAN00001439223 11 0 0 0 0 11 0
EGAN00001439229 10 0 0 0 0 10 0
EGAN00001439230 7 0 0 0 0 7 0
EGAN00001439797 11 0 0 0 0 11 0
EGAN00001440377 9 0 0 0 0 9 0
EGAN00001440389 12 0 0 0 0 12 0
EGAN00001440396 14 0 0 0 0 14 0
EGAN00001440398 3 0 0 0 0 3 0
EGAN00001440407 10 0 0 0 0 10 0
EGAN00001440429 14 0 0 0 0 14 0
EGAN00001440468 11 0 0 0 1 10 0
EGAN00001440476 8 0 0 0 0 8 0
EGAN00001440495 16 0 0 0 0 16 0
EGAN00001440500 7 0 0 0 0 7 0
EGAN00001440514 10 0 0 0 0 10 0
EGAN00001440523 1 0 0 0 0 1 0
EGAN00001440524 9 0 0 0 0 9 0
EGAN00001440539 16 0 0 0 0 16 0
EGAN00001440542 7 0 0 0 0 7 0
EGAN00001440566 10 0 0 0 0 10 0
EGAN00001440641 12 0 0 0 0 12 0
EGAN00001440710 2 0 0 0 0 2 0
EGAN00001440723 10 0 0 1 0 9 0
EGAN00001442167 6 0 0 0 0 6 0
EGAN00001442174 10 0 0 0 0 10 0
EGAN00001442203 17 0 0 0 0 17 0
EGAN00001442204 8 0 0 0 0 8 0
EGAN00001442210 7 0 0 0 0 7 0
EGAN00001442231 2 0 0 0 0 2 0
EGAN00001442238 1 0 0 0 0 1 0
EGAN00001442436 14 0 0 0 0 14 0
EGAN00001442449 12 0 0 0 0 12 0
EGAN00001442458 11 0 0 0 0 11 0
EGAN00001442474 12 0 0 0 0 12 0
EGAN00001442489 12 0 0 0 0 12 0
EGAN00001443772 20 0 0 0 0 20 0
EGAN00001444312 13 0 0 0 0 13 0
EGAN00001444317 18 0 0 0 0 18 0
EGAN00001444318 14 0 0 0 0 14 0
EGAN00001444415 5 0 0 0 0 5 0
EGAN00001444475 14 0 0 0 0 14 0
EGAN00001444482 3 0 0 0 0 3 0
EGAN00001444841 13 0 0 0 0 13 0
EGAN00001444984 7 0 0 0 0 7 0
EGAN00001445004 9 0 0 0 0 9 0
EGAN00001445013 7 0 0 1 0 6 0
EGAN00001445033 23 0 0 0 0 23 0
EGAN00001445043 13 0 0 0 0 13 0
EGAN00001445071 24 0 0 0 0 24 0
EGAN00001445077 16 0 0 0 0 16 0
EGAN00001445079 12 0 0 1 0 11 0
EGAN00001445081 12 0 0 0 0 12 0
EGAN00001445085 28 0 0 0 0 28 0
EGAN00001445454 16 0 0 0 0 16 0
EGAN00001445456 8 0 0 0 0 8 0
EGAN00001445463 10 0 0 0 0 10 0
EGAN00001445494 3 0 0 0 0 3 0
EGAN00001445507 9 0 0 0 1 8 0
EGAN00001445512 8 0 0 0 0 8 0
EGAN00001445521 11 0 0 0 0 11 0
EGAN00001445525 15 0 0 0 0 15 0
EGAN00001446662 14 0 0 0 0 14 0
EGAN00001446688 18 0 0 0 0 18 0
EGAN00001446689 6 0 0 1 1 4 0
EGAN00001446697 5 0 0 0 0 5 0
EGAN00001486675 13 0 0 0 0 13 0
EGAN00001486681 14 0 0 0 0 14 0
EGAN00001486687 13 0 0 0 0 13 0
EGAN00001559552 11 0 0 0 0 11 0
EGAN00001559573 17 0 0 0 0 17 0
EGAN00001559631 15 0 0 0 0 15 0
EGAN00001559637 17 0 0 0 0 17 0
EGAN00001559644 14 0 0 0 0 14 0
EGAN00001559648 4 0 0 0 0 4 0
EGAN00001559656 12 0 0 1 0 11 0
EGAN00001559663 16 0 0 0 0 16 0
EGAN00001559670 10 0 0 0 0 10 0
EGAN00001559678 14 0 0 0 0 14 0
EGAN00001559693 7 0 0 0 0 7 0
EGAN00001559701 8 0 0 0 0 8 0
EGAN00001559716 13 0 0 0 0 13 0
EGAN00001559739 8 0 0 0 0 8 0
EGAN00001559761 5 0 0 0 0 5 0
EGAN00001559766 16 0 0 0 1 15 0
EGAN00001559774 4 0 0 0 0 4 0
EGAN00001559782 13 0 0 0 0 13 0
EGAN00001559799 7 0 0 0 0 7 0
EGAN00001559808 7 0 0 0 0 7 0
EGAN00001559814 16 0 0 0 0 16 0
EGAN00001559826 13 0 0 0 0 13 0
EGAN00001559843 10 0 0 0 0 10 0
EGAN00001559849 13 0 0 0 0 13 0
EGAN00001559881 13 0 0 0 0 13 0
EGAN00001559902 17 0 0 0 0 17 0
EGAN00001559926 20 0 0 0 0 20 0
EGAN00001559933 16 0 0 0 0 16 0
EGAN00001559939 5 0 0 0 0 5 0
EGAN00001559962 14 0 0 0 0 14 0
EGAN00001559967 10 0 0 0 0 10 0
EGAN00001559995 7 0 0 0 0 7 0
EGAN00001560016 17 0 0 0 0 17 0
EGAN00001560034 16 0 0 0 0 16 0
EGAN00001560035 23 0 0 0 0 23 0
EGAN00001560050 7 0 0 0 0 7 0
EGAN00001560052 9 0 0 0 0 9 0
EGAN00001560068 7 0 0 0 0 7 0
EGAN00001560084 15 0 0 0 1 14 0
EGAN00001560085 10 0 0 0 0 10 0
EGAN00001560090 16 0 0 0 0 16 0
EGAN00001560096 19 0 0 0 0 19 0
EGAN00001560098 13 0 0 0 0 13 0
EGAN00001560124 16 0 0 0 0 16 0
EGAN00001560145 11 0 0 0 0 11 0
EGAN00001560153 17 0 0 0 1 16 0
EGAN00001560162 10 0 0 0 0 10 0
EGAN00001560183 10 0 0 0 0 10 0
EGAN00001560192 6 0 0 0 0 6 0
EGAN00001560207 12 0 0 0 0 12 0
EGAN00001560214 15 0 0 0 0 15 0
EGAN00001560218 9 0 0 0 0 9 0
EGAN00001560231 10 0 0 0 0 10 0
EGAN00001560243 20 0 0 0 0 20 0
EGAN00001560269 6 0 0 0 0 6 0
EGAN00001560308 5 0 0 0 0 5 0
EGAN00001560313 8 0 0 0 0 8 0
EGAN00001560314 9 0 0 0 0 9 0
EGAN00001560320 7 0 0 0 0 7 0
EGAN00001560322 11 0 0 0 1 10 0
EGAN00001560332 10 0 0 0 0 10 0
EGAN00001560346 19 0 0 0 0 19 0
EGAN00001560356 10 0 0 0 1 9 0
EGAN00001560362 6 0 0 0 0 6 0
EGAN00001560370 7 0 0 0 0 7 0
EGAN00001560386 13 0 0 0 0 13 0
EGAN00001560396 12 0 0 0 0 12 0
EGAN00001560410 8 0 0 0 0 8 0
EGAN00001560418 20 0 0 0 0 20 0
EGAN00001560424 13 0 0 0 0 13 0
EGAN00001560448 15 0 0 0 0 15 0
EGAN00001560453 18 0 0 0 0 18 0
EGAN00001560464 14 0 0 0 0 14 0
EGAN00001560478 9 0 0 0 0 9 0
EGAN00001560485 13 0 0 0 0 13 0
EGAN00001560513 11 0 0 0 0 11 0
EGAN00001560515 12 0 0 0 0 12 0
EGAN00001560516 14 0 0 0 0 14 0
EGAN00001560524 16 0 0 0 0 16 0
EGAN00001560527 4 0 0 0 0 4 0
EGAN00001560540 8 0 0 0 0 8 0
EGAN00001560547 14 0 0 0 0 14 0
EGAN00001560549 13 0 0 0 0 13 0
EGAN00001560559 18 0 0 0 0 18 0
EGAN00001560583 8 0 0 0 0 8 0
EGAN00001560592 6 0 0 0 0 6 0
EGAN00001560595 10 0 0 0 0 10 0
EGAN00001560606 18 0 0 0 0 18 0
EGAN00001560609 11 0 0 0 0 11 0
EGAN00001560616 7 0 0 0 0 7 0
EGAN00001560633 13 0 0 0 0 13 0
EGAN00001560665 7 0 0 0 0 7 0
EGAN00001560675 10 0 0 0 0 10 0
EGAN00001560686 13 0 0 0 0 13 0
EGAN00001560693 5 0 0 0 0 5 0
EGAN00001560695 13 0 0 0 0 13 0
EGAN00001560708 16 0 0 0 0 16 0
EGAN00001560710 14 0 0 0 0 14 0
EGAN00001560737 10 0 0 0 0 10 0
EGAN00001560738 11 0 0 0 0 11 0
EGAN00001560739 9 0 0 0 0 9 0
EGAN00001560761 18 0 0 0 0 18 0
EGAN00001560769 7 0 0 0 0 7 0
EGAN00001560786 8 0 0 0 0 8 0
EGAN00001560788 12 0 0 0 0 12 0
EGAN00001560813 11 0 0 0 0 11 0
EGAN00001560820 14 0 0 0 0 14 0
EGAN00001560821 10 0 0 0 0 10 0
EGAN00001560824 12 0 0 0 0 12 0
EGAN00001560853 11 0 0 0 0 11 0
EGAN00001560869 11 0 0 0 0 11 0
EGAN00001560889 8 0 0 0 0 8 0
EGAN00001560906 7 0 0 0 0 7 0
EGAN00001560912 17 0 0 0 0 17 0
EGAN00001560929 8 0 0 0 0 8 0
EGAN00001560938 11 0 0 0 0 11 0
EGAN00001560951 10 0 0 0 0 10 0
EGAN00001560966 7 0 0 0 0 7 0
EGAN00001560974 13 0 0 0 0 13 0
EGAN00001560985 16 0 0 0 0 16 0
EGAN00001560994 8 0 0 0 0 8 0
EGAN00001560995 15 0 0 0 0 15 0
EGAN00001561020 8 0 0 0 0 8 0
EGAN00001561055 6 0 0 0 0 6 0
EGAN00001561079 19 0 0 0 0 19 0
EGAN00001561085 20 0 0 0 0 20 0
EGAN00001561103 12 0 0 0 0 12 0
EGAN00001561148 14 0 0 0 0 14 0
EGAN00001561154 11 0 0 0 0 11 0
EGAN00001561172 19 0 0 0 0 19 0
EGAN00001561199 3 0 0 0 0 3 0
EGAN00001561200 10 0 0 0 0 10 0
EGAN00001561201 5 0 0 0 0 5 0
EGAN00001561206 11 0 0 0 0 11 0
EGAN00001561221 19 0 0 0 0 19 0
EGAN00001561231 17 0 0 0 0 17 0
EGAN00001561234 16 0 0 0 0 16 0
EGAN00001561251 4 0 0 0 0 4 0
EGAN00001561252 10 0 0 0 0 10 0
EGAN00001561280 11 0 0 0 0 11 0
EGAN00001561296 10 0 0 0 0 10 0
EGAN00001561299 13 0 0 0 0 13 0
EGAN00001561303 14 0 0 0 0 14 0
EGAN00001561312 9 0 0 0 0 9 0
EGAN00001561373 6 0 0 0 0 6 0
EGAN00001561380 5 0 0 0 0 5 0
EGAN00001561393 15 0 0 0 0 15 0
EGAN00001561406 12 0 0 0 0 12 0
EGAN00001561412 2 0 0 0 0 2 0
EGAN00001561414 15 0 0 0 0 15 0
EGAN00001561425 8 0 0 0 0 8 0
EGAN00001561431 15 0 0 0 0 15 0
EGAN00001561442 11 0 0 0 0 11 0
EGAN00001561448 12 0 0 0 0 12 0
EGAN00001561453 8 0 0 0 0 8 0
EGAN00001561456 11 0 0 0 0 11 0
EGAN00001561458 7 0 0 0 1 6 0
EGAN00001561467 8 0 0 0 0 8 0
EGAN00001561476 5 0 0 0 0 5 0
EGAN00001561503 15 0 0 0 0 15 0
EGAN00001561508 15 0 0 0 0 15 0
EGAN00001561510 3 0 0 0 0 3 0
EGAN00001561542 14 0 0 0 0 14 0
EGAN00001561554 12 0 0 0 0 12 0
EGAN00001569013 7 0 0 0 0 7 0
EGAN00001572904 11 0 0 0 0 11 0
EGAN00001572939 12 0 0 0 0 12 0
EGAN00001575966 17 0 0 0 0 17 0
EGAN00001575982 18 0 0 0 0 18 0
EGAN00001576013 13 0 0 0 0 13 0
EGAN00001576017 10 0 0 0 0 10 0
EGAN00001576033 10 0 0 0 0 10 0
EGAN00001576040 12 0 0 0 0 12 0
EGAN00001576047 10 0 0 0 0 10 0
EGAN00001576056 10 0 0 0 0 10 0
EGAN00001576064 7 0 0 0 0 7 0
EGAN00001576068 3 0 0 0 0 3 0
EGAN00001576070 34 0 0 0 0 34 0
EGAN00001576074 35 0 0 0 0 35 0
EGAN00001576094 7 0 0 0 0 7 0
EGAN00001576100 17 0 0 0 0 17 0
EGAN00001576104 14 0 0 0 0 14 0
EGAN00001576114 15 0 0 0 0 15 0
EGAN00001576126 12 0 0 0 1 11 0
EGAN00001576168 18 0 0 0 0 18 0
EGAN00001576188 14 0 0 0 0 14 0
EGAN00001576205 7 0 0 0 0 7 0
EGAN00001576216 2 0 0 0 0 2 0
EGAN00001576226 6 0 0 0 0 6 0
EGAN00001576240 9 0 0 0 0 9 0
EGAN00001576245 10 0 0 0 0 10 0
EGAN00001576247 10 0 0 0 0 10 0
EGAN00001576249 13 0 0 0 0 13 0
EGAN00001576253 11 0 0 0 0 11 0
EGAN00001576258 18 0 0 0 0 18 0
EGAN00001576264 14 0 0 0 0 14 0
EGAN00001576272 14 0 0 0 0 14 0
EGAN00001576273 18 0 0 0 0 18 0
EGAN00001576277 8 0 0 0 0 8 0
EGAN00001576296 24 0 0 0 0 24 0
EGAN00001576314 8 0 0 0 0 8 0
EGAN00001576321 14 0 0 0 0 14 0
EGAN00001576324 17 0 0 0 1 16 0
EGAN00001576334 18 0 0 0 0 18 0
EGAN00001576367 14 0 0 0 0 14 0
EGAN00001576379 11 0 0 0 0 11 0
EGAN00001576393 11 0 0 0 0 11 0
EGAN00001576415 10 0 0 0 0 10 0
EGAN00001576428 15 0 0 0 0 15 0
EGAN00001576431 16 0 0 0 0 16 0
EGAN00001576439 13 0 0 0 0 13 0
EGAN00001576442 14 0 0 0 1 13 0
EGAN00001576452 8 0 0 0 0 8 0
EGAN00001576459 12 0 0 0 0 12 0
EGAN00001576482 10 0 0 0 0 10 0
EGAN00001576490 14 0 0 0 0 14 0
EGAN00001576502 8 0 0 0 0 8 0
EGAN00001576514 15 0 0 0 0 15 0
EGAN00001576515 13 0 0 0 0 13 0
EGAN00001576553 14 0 0 0 0 14 0
EGAN00001576555 6 0 0 0 0 6 0
EGAN00001576558 13 0 0 0 0 13 0
EGAN00001576566 30 0 0 0 0 30 0
EGAN00001576575 16 0 0 0 0 16 0
EGAN00001576611 13 0 0 0 0 13 0
EGAN00001576639 13 0 0 0 0 13 0
EGAN00001576651 15 0 0 0 0 15 0
EGAN00001576682 12 0 0 0 0 12 0
EGAN00001576692 14 0 0 0 0 14 0
EGAN00001576705 10 0 0 0 0 10 0
EGAN00001576718 4 0 0 0 0 4 0
EGAN00001579169 18 0 0 0 0 18 0
EGAN00001579171 6 0 0 0 0 6 0
EGAN00001583153 19 0 0 0 0 19 0
EGAN00001583162 16 0 0 0 0 16 0
EGAN00001583163 13 0 0 0 1 12 0
EGAN00001583178 14 0 0 0 0 14 0
EGAN00001583180 9 0 0 0 0 9 0
EGAN00001583181 2 0 0 0 0 2 0
EGAN00001583193 6 0 0 0 0 6 0
EGAN00001583197 4 0 0 0 0 4 0
EGAN00001583205 13 0 0 0 0 13 0
EGAN00001583212 11 0 0 0 0 11 0
EGAN00001583219 8 0 0 0 0 8 0
EGAN00001583224 16 0 0 0 0 16 0
EGAN00001583226 17 0 0 0 0 16 1
EGAN00001583243 20 0 0 0 0 20 0
EGAN00001583244 13 0 0 0 0 13 0
EGAN00001583254 24 0 0 0 0 24 0
EGAN00001583261 15 0 0 0 0 15 0
EGAN00001583263 7 0 0 0 0 7 0
EGAN00001583265 11 0 0 0 0 11 0
EGAN00001583284 11 0 0 0 0 11 0
EGAN00001583286 14 0 0 0 0 14 0
EGAN00001583301 13 0 0 0 0 13 0
EGAN00001583306 15 0 0 0 0 15 0
EGAN00001583343 10 0 0 0 0 10 0
EGAN00001583345 12 0 0 0 0 12 0
EGAN00001583356 14 0 0 0 0 14 0
EGAN00001583369 8 0 0 0 0 8 0
EGAN00001583385 18 0 0 0 0 18 0
EGAN00001583389 13 0 0 0 0 13 0
EGAN00001583391 16 0 0 0 0 16 0
EGAN00001583392 13 0 0 0 0 13 0
EGAN00001583412 17 0 0 0 0 17 0
EGAN00001583457 14 0 0 0 0 14 0
EGAN00001583470 11 0 0 0 0 11 0
EGAN00001583494 10 0 0 0 0 10 0
EGAN00001583512 9 0 0 0 0 9 0
EGAN00001583541 12 0 0 0 0 12 0
EGAN00001583549 6 0 0 0 0 6 0
EGAN00001583560 5 0 0 0 0 5 0
EGAN00001583568 20 0 0 0 0 20 0
EGAN00001583572 16 0 0 0 0 16 0
EGAN00001583582 9 0 0 0 0 9 0
EGAN00001583601 12 0 0 0 0 12 0
EGAN00001583605 15 0 0 0 0 15 0
EGAN00001583609 10 0 0 0 0 10 0
EGAN00001583611 21 0 0 0 0 21 0
EGAN00001583640 14 0 0 0 0 14 0
EGAN00001583651 11 0 0 0 0 11 0
EGAN00001583686 12 0 0 0 0 12 0
EGAN00001583692 11 0 0 0 0 11 0
EGAN00001583724 13 0 0 0 0 13 0
EGAN00001583742 12 0 0 0 0 12 0
EGAN00001583765 11 0 1 0 1 9 0
EGAN00001583766 16 0 0 0 0 16 0
EGAN00001583772 9 0 0 0 0 9 0
EGAN00001583814 6 0 0 0 0 6 0
EGAN00001583825 11 0 0 0 0 11 0
EGAN00001583828 9 0 0 0 0 9 0
EGAN00001583831 9 0 0 0 0 9 0
EGAN00001583841 17 0 0 0 0 17 0
EGAN00001583853 15 0 0 0 0 15 0
EGAN00001583858 5 0 0 0 0 5 0
EGAN00001583868 10 0 0 0 0 10 0
EGAN00001583899 6 0 0 0 0 6 0
EGAN00001583921 8 0 0 0 0 8 0
EGAN00001583924 16 0 0 0 0 16 0
EGAN00001583925 14 0 0 0 0 14 0
EGAN00001583933 16 0 0 0 0 16 0
EGAN00001584036 6 0 0 0 0 6 0
EGAN00001584047 14 0 0 0 0 14 0
EGAN00001584049 9 0 0 0 0 9 0
EGAN00001584057 16 0 0 0 0 16 0
EGAN00001584062 16 0 0 0 0 16 0
EGAN00001584081 6 0 0 0 0 6 0
EGAN00001584088 10 0 0 0 0 10 0
EGAN00001584090 13 0 0 1 0 12 0
EGAN00001584093 7 0 0 0 1 6 0
EGAN00001584094 21 0 0 0 0 21 0
EGAN00001584105 19 0 0 0 0 19 0
EGAN00001584106 18 0 0 0 0 18 0
EGAN00001584115 20 0 0 0 0 20 0
EGAN00001584121 9 0 0 0 0 9 0
EGAN00001584137 12 0 0 0 0 12 0
EGAN00001584139 10 0 0 0 0 10 0
EGAN00001584140 12 0 0 0 0 12 0
EGAN00001584144 4 0 0 0 0 4 0
EGAN00001584198 11 0 0 0 0 11 0
EGAN00001584205 5 0 0 0 0 5 0
EGAN00001584210 16 0 0 0 0 16 0
EGAN00001584212 7 0 0 0 0 7 0
EGAN00001584219 5 0 0 0 0 5 0
EGAN00001584226 10 0 0 0 0 10 0
EGAN00001584245 8 0 1 0 0 7 0
EGAN00001584254 12 0 0 0 0 12 0
EGAN00001584279 5 0 0 0 0 5 0
EGAN00001584280 7 0 0 0 0 7 0
EGAN00001584292 11 0 0 0 0 11 0
EGAN00001584299 22 0 0 0 0 22 0
EGAN00001584334 22 0 0 0 0 22 0
EGAN00001584348 14 0 0 0 0 14 0
EGAN00001584355 15 0 0 0 0 15 0
EGAN00001584367 11 0 0 0 0 11 0
EGAN00001584368 13 0 0 0 0 13 0
EGAN00001584369 11 0 0 0 0 11 0
EGAN00001584374 7 0 0 0 0 7 0
EGAN00001584384 9 0 0 0 0 9 0
EGAN00001584389 9 0 0 0 0 8 1
EGAN00001584393 12 0 0 0 0 12 0
EGAN00001584404 18 0 0 0 1 17 0
EGAN00001584410 11 0 0 0 0 11 0
EGAN00001584419 15 0 0 0 0 15 0
EGAN00001584421 14 0 0 0 0 14 0
EGAN00001584426 3 0 0 0 0 3 0
EGAN00001584447 8 0 0 0 0 8 0
EGAN00001584469 26 0 0 0 0 26 0
EGAN00001584470 12 0 0 0 0 12 0
EGAN00001584475 17 0 0 0 0 17 0
EGAN00001584497 5 0 0 0 0 5 0
EGAN00001584525 21 0 0 0 0 21 0
EGAN00001584530 18 0 0 0 0 18 0
EGAN00001584531 4 0 0 0 0 4 0
EGAN00001584562 12 0 0 0 0 12 0
EGAN00001584578 15 0 0 0 0 15 0
EGAN00001584585 13 0 0 0 0 13 0
EGAN00001584587 5 0 0 0 0 5 0
EGAN00001584590 15 0 0 0 0 15 0
EGAN00001584594 19 0 0 0 0 19 0
EGAN00001584621 8 0 0 0 0 8 0
EGAN00001584662 12 0 0 0 0 12 0
EGAN00001584670 11 0 0 0 0 11 0
EGAN00001584681 8 0 0 0 0 8 0
EGAN00001584682 17 0 0 0 0 17 0
EGAN00001584686 4 0 0 0 0 4 0
EGAN00001584695 10 0 0 0 0 10 0
EGAN00001584701 13 0 0 0 0 13 0
EGAN00001584748 12 0 0 0 0 12 0
EGAN00001584752 23 0 0 0 0 23 0
EGAN00001584770 10 0 0 0 0 10 0
EGAN00001584776 5 0 0 0 0 5 0
EGAN00001584789 9 0 0 0 0 9 0
EGAN00001584799 11 0 0 0 0 11 0
EGAN00001584807 20 0 0 0 0 20 0
EGAN00001584818 11 0 0 0 0 11 0
EGAN00001584827 5 0 0 0 0 5 0
EGAN00001584831 17 0 0 0 0 17 0
EGAN00001584844 9 0 0 0 0 9 0
EGAN00001584856 13 0 0 0 0 13 0
EGAN00001584876 13 0 0 0 0 13 0
EGAN00001584878 14 0 0 0 0 14 0
EGAN00001584887 18 0 0 0 0 18 0
EGAN00001584890 9 0 0 0 0 9 0
EGAN00001584902 14 0 0 0 0 14 0
EGAN00001584908 7 0 0 0 0 7 0
EGAN00001584924 8 0 0 0 0 8 0
EGAN00001584927 6 0 0 0 0 6 0
EGAN00001584940 14 0 0 0 0 14 0
EGAN00001584952 11 0 0 0 0 11 0
EGAN00001584966 12 0 0 0 0 12 0
EGAN00001584970 13 0 0 0 0 13 0
EGAN00001584972 12 0 0 0 0 12 0
EGAN00001585037 9 0 0 0 0 9 0
EGAN00001585049 13 0 0 0 0 13 0
EGAN00001585062 6 0 0 0 0 6 0
EGAN00001585083 9 0 0 0 0 9 0
EGAN00001585105 13 0 0 0 0 13 0
EGAN00001585131 17 0 0 0 0 17 0
EGAN00001585136 19 0 0 0 0 19 0
EGAN00001585163 21 0 0 0 0 21 0
EGAN00001585167 15 0 0 0 0 15 0
EGAN00001585175 1 0 0 0 0 1 0
EGAN00001585178 6 0 0 0 0 6 0
EGAN00001585191 18 0 0 0 0 18 0
EGAN00001585193 7 0 0 0 0 7 0
EGAN00001585195 6 0 0 0 0 6 0
EGAN00001585197 9 0 0 0 0 9 0
EGAN00001585198 6 0 0 0 0 6 0
EGAN00001585202 12 0 0 0 0 12 0
EGAN00001585228 3 0 0 0 0 3 0
EGAN00001585231 13 0 0 0 0 13 0
EGAN00001585239 12 0 0 0 0 12 0
EGAN00001585244 6 0 0 0 0 6 0
EGAN00001585262 9 0 0 0 0 9 0
EGAN00001585265 24 0 0 0 1 23 0
EGAN00001585280 15 0 0 0 0 15 0
EGAN00001585318 16 0 0 0 0 16 0
EGAN00001585319 23 0 0 0 0 23 0
EGAN00001585322 13 0 0 0 0 13 0
EGAN00001585328 14 0 0 0 1 13 0
EGAN00001585331 8 0 0 0 0 8 0
EGAN00001585337 12 0 0 0 0 12 0
EGAN00001585349 15 0 0 0 0 15 0
EGAN00001585350 9 0 0 0 0 9 0
EGAN00001585368 4 0 0 0 0 4 0
EGAN00001585387 6 0 0 0 0 6 0
EGAN00001585388 17 0 0 0 0 17 0
EGAN00001585391 17 0 0 0 0 17 0
EGAN00001585393 13 0 0 0 0 13 0
EGAN00001585404 13 0 0 0 0 13 0
EGAN00001585423 10 0 0 0 0 10 0
EGAN00001585439 20 0 0 0 0 20 0
EGAN00001585440 9 0 0 0 0 9 0
EGAN00001585449 16 0 0 0 0 16 0
EGAN00001585462 17 0 0 0 0 17 0
EGAN00001585473 7 0 0 0 0 7 0
EGAN00001585477 8 0 0 0 0 8 0
EGAN00001585491 17 0 0 0 1 16 0
EGAN00001585505 11 0 0 0 0 11 0
EGAN00001585506 11 0 0 0 0 11 0
EGAN00001585507 10 0 0 0 0 10 0
EGAN00001585518 11 0 0 0 0 11 0
EGAN00001585529 11 0 0 0 0 11 0
EGAN00001585530 10 0 0 0 0 10 0
EGAN00001585536 12 0 0 0 0 12 0
EGAN00001585557 13 0 0 1 0 12 0
EGAN00001585560 13 0 0 0 0 13 0
EGAN00001585569 5 0 0 0 0 5 0
EGAN00001585604 10 0 0 0 0 10 0
EGAN00001585621 10 0 0 0 0 10 0
EGAN00001585625 18 0 0 0 0 18 0
EGAN00001585628 11 0 0 0 0 11 0
EGAN00001585629 14 0 0 0 0 14 0
EGAN00001585639 14 0 0 0 0 14 0
EGAN00001585649 7 0 0 1 0 6 0
EGAN00001585650 11 0 0 0 0 11 0
EGAN00001585657 7 0 0 0 0 7 0
EGAN00001585676 11 0 0 0 0 11 0
EGAN00001585681 14 0 0 0 0 14 0
EGAN00001585693 9 0 0 0 0 9 0
EGAN00001585705 6 0 0 0 0 6 0
EGAN00001585726 10 0 0 0 0 10 0
EGAN00001585735 13 0 0 0 0 13 0
EGAN00001585751 8 0 0 0 0 8 0
EGAN00001585755 10 0 0 0 0 10 0
EGAN00001585773 7 0 0 0 0 7 0
EGAN00001585802 6 0 0 0 0 6 0
EGAN00001585821 11 0 0 0 0 11 0
EGAN00001585822 3 0 0 0 0 3 0
EGAN00001585840 16 0 0 0 0 16 0
EGAN00001585842 12 0 0 0 0 12 0
EGAN00001585849 8 0 0 0 0 8 0
EGAN00001585852 16 0 0 0 0 16 0
EGAN00001585857 7 0 0 0 0 7 0
EGAN00001585870 11 0 0 0 0 11 0
EGAN00001585871 15 0 0 0 0 15 0
EGAN00001585884 13 0 0 0 0 13 0
EGAN00001585910 9 0 0 0 0 9 0
EGAN00001585946 13 0 0 0 0 13 0
EGAN00001585953 5 0 0 0 0 5 0
EGAN00001585980 15 0 0 0 1 14 0
EGAN00001585989 6 0 0 0 0 6 0
EGAN00001586004 9 0 0 0 0 9 0
EGAN00001586011 9 0 0 0 0 9 0
EGAN00001586036 18 0 0 0 0 18 0
EGAN00001586045 16 0 0 0 0 16 0
EGAN00001586049 16 0 0 0 0 16 0
EGAN00001586050 12 0 0 0 0 12 0
EGAN00001586055 14 0 0 0 0 14 0
EGAN00001586060 18 0 0 0 0 18 0
EGAN00001586066 8 0 0 0 0 8 0
EGAN00001586069 14 0 0 0 0 14 0
EGAN00001586081 9 0 0 0 0 9 0
EGAN00001586083 18 0 0 0 0 18 0
EGAN00001586104 18 0 0 0 0 18 0
EGAN00001586112 11 0 0 0 0 11 0
EGAN00001586117 14 0 0 0 0 14 0
EGAN00001586125 8 0 0 0 0 8 0
EGAN00001586148 12 0 0 0 0 12 0
EGAN00001586165 21 0 0 0 1 20 0
EGAN00001586175 12 0 1 0 0 11 0
EGAN00001586181 10 0 0 0 0 10 0
EGAN00001586191 15 0 0 0 0 15 0
EGAN00001586205 15 0 0 0 0 15 0
EGAN00001586206 11 0 0 0 0 11 0
EGAN00001599246 9 0 0 0 0 9 0
EGAN00001599251 6 0 0 0 0 6 0
EGAN00001599261 14 0 0 0 0 14 0
EGAN00001599262 9 0 0 0 0 9 0
EGAN00001599270 8 0 0 0 0 8 0
EGAN00001599275 9 0 0 0 0 9 0
EGAN00001599281 10 0 0 0 0 10 0
EGAN00001599290 17 0 0 0 0 17 0
EGAN00001599298 6 0 0 0 0 6 0
EGAN00001599353 15 0 0 0 0 15 0
EGAN00001599360 9 0 0 0 0 9 0
EGAN00001599375 9 0 0 0 0 9 0
EGAN00001599391 8 0 0 0 0 8 0
EGAN00001599393 14 0 0 0 0 14 0
EGAN00001599404 9 0 0 0 0 9 0
EGAN00001599406 7 0 0 0 0 7 0
EGAN00001599407 15 0 0 0 0 15 0
EGAN00001599410 4 0 0 0 0 4 0
EGAN00001599411 6 0 0 0 0 6 0
EGAN00001599421 17 0 0 0 0 17 0
EGAN00001599432 7 0 0 0 0 7 0
EGAN00001599445 17 0 0 0 0 17 0
EGAN00001599448 7 0 0 0 0 7 0
EGAN00001599449 14 0 0 0 0 14 0
EGAN00001599452 12 0 0 0 0 12 0
EGAN00001599455 9 0 0 0 0 9 0
EGAN00001599456 17 0 0 0 0 17 0
EGAN00001599457 11 0 0 0 1 10 0
EGAN00001599461 15 0 0 0 0 15 0
EGAN00001599480 17 0 0 0 0 17 0
EGAN00001599501 10 0 0 0 0 10 0
EGAN00001599506 8 0 0 0 0 8 0
EGAN00001599542 16 0 0 0 0 16 0
EGAN00001599555 12 0 0 0 0 12 0
EGAN00001599567 9 0 0 0 0 9 0
EGAN00001599576 6 0 0 0 0 6 0
EGAN00001599593 4 0 0 0 0 4 0
EGAN00001599599 10 0 0 0 0 10 0
EGAN00001599625 17 0 0 0 0 17 0
EGAN00001599637 38 0 0 0 0 38 0
EGAN00001599655 22 0 0 0 0 22 0
EGAN00001599686 14 0 0 0 0 14 0
EGAN00001599694 12 0 0 0 0 12 0
EGAN00001599696 15 0 0 0 0 15 0
EGAN00001599700 10 0 0 0 0 10 0
EGAN00001599703 12 0 0 0 0 12 0
EGAN00001599711 6 0 0 0 0 6 0
EGAN00001599722 6 0 0 0 0 6 0
EGAN00001599749 8 0 0 0 0 8 0
EGAN00001599760 15 0 0 0 0 15 0
EGAN00001599774 8 0 0 0 0 8 0
EGAN00001599777 9 0 0 0 0 9 0
EGAN00001599780 15 0 0 0 0 15 0
EGAN00001599802 10 0 0 0 0 10 0
EGAN00001599817 4 0 0 0 0 4 0
EGAN00001599825 8 0 0 0 0 8 0
EGAN00001599870 7 0 0 0 0 7 0
EGAN00001599876 9 0 0 0 0 9 0
EGAN00001599887 11 0 0 0 0 11 0
EGAN00001599896 4 0 0 0 0 4 0
EGAN00001599904 12 0 0 0 0 12 0
EGAN00001599915 18 0 0 0 0 18 0
EGAN00001599917 7 0 0 0 0 7 0
EGAN00001599932 8 0 0 0 0 8 0
EGAN00001671033 15 0 0 0 0 15 0
EGAN00001671807 12 0 0 0 0 12 0
EGAN00001671828 9 0 0 0 0 9 0
EGAN00001671840 13 0 0 0 0 13 0
EGAN00001671857 13 0 0 0 0 13 0
EGAN00001671875 10 0 0 0 0 10 0
EGAN00001671876 9 0 0 0 0 9 0
EGAN00001671878 5 0 0 0 0 5 0
EGAN00001671882 15 0 0 0 0 15 0
EGAN00001671919 5 0 0 0 0 5 0
EGAN00001671924 8 0 0 0 0 8 0
EGAN00001671928 14 0 0 0 0 14 0
EGAN00001671936 5 0 0 0 0 5 0
EGAN00001671948 6 0 0 0 0 6 0
EGAN00001671983 10 0 0 0 0 10 0
EGAN00001671999 9 0 0 0 0 9 0
EGAN00001672009 9 0 0 0 0 9 0
EGAN00001672013 8 0 0 0 0 8 0
EGAN00001672017 3 0 0 0 0 3 0
EGAN00001672025 10 0 0 0 0 10 0
EGAN00001672026 13 0 0 0 0 13 0
EGAN00001672054 19 0 0 0 0 19 0
EGAN00001672062 11 0 0 0 0 11 0
EGAN00001672074 4 0 0 0 0 4 0
EGAN00001672084 7 0 0 0 0 7 0
EGAN00001672093 15 0 0 0 0 15 0
EGAN00001672100 16 0 0 0 0 16 0
EGAN00001672104 20 0 0 0 0 20 0
EGAN00001672114 5 0 0 0 0 5 0
EGAN00001672116 4 0 0 0 0 4 0
EGAN00001672124 9 0 0 0 0 9 0
EGAN00001672126 8 0 0 0 0 8 0
EGAN00001672134 8 0 0 0 0 8 0
EGAN00001672147 8 0 0 0 0 8 0
EGAN00001672148 10 0 0 0 0 10 0
EGAN00001672152 11 0 0 0 0 11 0
EGAN00001672156 3 0 0 0 0 3 0
EGAN00001672161 8 0 0 0 0 8 0
EGAN00001672165 8 0 1 0 0 7 0
EGAN00001672169 5 0 0 0 0 5 0
EGAN00001672173 11 0 0 0 0 11 0
EGAN00001672178 8 0 0 0 0 8 0
EGAN00001672183 10 0 0 0 0 10 0
EGAN00001672190 11 0 0 0 0 11 0
EGAN00001672197 17 0 0 0 1 16 0
EGAN00001672210 17 0 0 0 0 17 0
EGAN00001672232 6 0 0 0 0 6 0
EGAN00001672243 12 0 0 0 0 12 0
EGAN00001672284 11 0 0 0 0 11 0
EGAN00001672288 7 0 0 0 0 7 0
EGAN00001672308 8 0 0 0 0 8 0
EGAN00001672316 4 0 0 0 0 4 0
EGAN00001672322 7 0 0 0 0 7 0
EGAN00001672330 13 0 0 0 0 13 0
EGAN00001672333 9 0 0 0 0 9 0
EGAN00001672334 3 0 0 0 0 3 0
EGAN00001672345 9 0 0 0 0 9 0
EGAN00001672354 5 0 0 0 0 5 0
EGAN00001672363 7 0 0 0 0 7 0
EGAN00001672376 11 0 0 0 0 11 0
EGAN00001672378 6 0 0 0 0 6 0
EGAN00001672383 27 0 0 0 1 26 0
EGAN00001672411 3 0 0 0 0 3 0
EGAN00001672428 5 0 0 0 0 5 0
EGAN00001672439 11 0 0 0 0 11 0
EGAN00001672452 27 0 0 0 0 27 0
EGAN00001672457 13 0 0 1 0 12 0
EGAN00001672462 9 0 0 0 0 9 0
EGAN00001672511 12 0 0 0 0 12 0
EGAN00001672536 13 0 0 0 0 13 0
EGAN00001672538 10 0 0 0 0 10 0
EGAN00001672542 14 0 0 0 0 14 0
EGAN00001672553 10 0 0 0 0 10 0
EGAN00001672554 6 0 0 0 0 6 0
EGAN00001672565 7 0 0 0 0 7 0
EGAN00001672572 13 0 0 0 0 13 0
EGAN00001672578 5 0 0 0 0 5 0
EGAN00001672580 11 0 0 0 0 11 0
EGAN00001672585 11 0 0 0 0 11 0
EGAN00001672593 16 0 0 0 0 16 0
EGAN00001672597 11 0 0 0 0 11 0
EGAN00001672601 11 0 0 0 0 11 0
EGAN00001672631 8 0 0 0 0 8 0
EGAN00001672646 13 0 0 0 0 13 0
EGAN00001672651 9 0 0 0 0 9 0
EGAN00001672675 5 0 0 0 0 5 0
EGAN00001672687 13 0 0 0 0 13 0
EGAN00001672714 31 0 0 0 0 31 0
EGAN00001672719 10 0 0 0 0 10 0
EGAN00001672736 2 0 0 0 0 2 0
EGAN00001672744 15 0 0 0 0 15 0
EGAN00001672745 7 0 0 0 0 7 0
EGAN00001672751 11 0 0 0 0 11 0
EGAN00001672763 13 0 0 0 0 13 0
EGAN00001672783 10 0 0 0 0 10 0
EGAN00001672790 13 0 0 0 0 13 0
EGAN00001672794 6 0 0 0 0 6 0
EGAN00001672797 14 0 0 0 0 14 0
EGAN00001672813 20 0 0 0 0 20 0
EGAN00001672820 11 0 0 0 0 11 0
EGAN00001672833 8 0 0 0 0 8 0
EGAN00001672839 4 0 0 0 0 4 0
EGAN00001672848 17 0 0 0 0 17 0
EGAN00001672870 8 0 0 0 0 8 0
EGAN00001672873 7 0 0 0 0 7 0
EGAN00001672877 19 0 0 0 0 19 0
EGAN00001672886 9 0 0 0 0 9 0
EGAN00001672896 14 0 0 0 0 14 0
EGAN00001672914 14 0 0 0 0 14 0
EGAN00001672923 15 0 0 0 0 15 0
EGAN00001672926 13 0 0 0 0 13 0
EGAN00001672930 19 0 0 0 0 19 0
EGAN00001672933 11 0 0 0 0 11 0
EGAN00001672940 14 0 0 0 0 14 0
EGAN00001672947 13 0 0 1 0 12 0
EGAN00001672969 11 0 0 0 0 11 0
EGAN00001672988 4 0 0 0 0 4 0
EGAN00001673014 12 0 0 0 0 12 0
EGAN00001673075 14 0 0 0 0 14 0
EGAN00001673103 17 0 0 0 0 17 0
EGAN00001673106 14 0 0 0 0 14 0
EGAN00001673115 8 0 0 0 0 8 0
EGAN00001673116 12 0 0 0 0 12 0
EGAN00001673128 5 0 0 0 0 5 0
EGAN00001673142 3 0 0 0 0 3 0
EGAN00001673167 7 0 0 0 0 7 0
EGAN00001673209 15 0 0 0 0 15 0
EGAN00001673245 8 0 0 0 0 8 0
EGAN00001673252 23 0 0 0 0 23 0
EGAN00001673257 15 0 0 0 0 15 0
EGAN00001673263 11 0 0 0 0 11 0
EGAN00001673285 15 0 0 0 0 15 0
EGAN00001673292 9 0 0 0 0 9 0
EGAN00001673302 13 0 0 0 0 13 0
EGAN00001673321 9 0 0 0 0 9 0
EGAN00001673329 11 0 0 0 0 11 0
EGAN00001673335 17 0 0 0 0 17 0
EGAN00001673347 13 0 0 0 0 13 0
EGAN00001673371 13 0 0 0 0 13 0
EGAN00001673418 13 0 0 0 0 13 0
EGAN00001673422 12 0 0 0 0 12 0
EGAN00001673446 17 0 0 0 0 17 0
EGAN00001673458 8 0 0 0 0 8 0
EGAN00001673521 12 0 0 1 0 11 0
EGAN00001673523 13 0 0 0 0 13 0
EGAN00001673532 3 0 0 0 0 3 0
EGAN00001673562 6 0 0 0 0 6 0
EGAN00001673578 12 0 0 0 1 11 0
EGAN00001673580 17 0 0 0 0 17 0
EGAN00001673583 19 0 0 0 0 19 0
EGAN00001673597 8 0 0 0 0 8 0
EGAN00001673607 14 0 0 0 0 14 0
EGAN00001673611 13 0 0 0 0 13 0
EGAN00001673632 18 0 0 0 0 18 0
EGAN00001673637 14 0 0 0 0 14 0
EGAN00001673670 1 0 0 0 0 1 0
EGAN00001673677 6 0 0 0 0 6 0
EGAN00001673693 8 0 0 0 0 8 0
EGAN00001673700 17 0 0 0 0 17 0
EGAN00001673727 19 0 0 0 0 19 0
EGAN00001673751 14 0 0 0 0 14 0
EGAN00001673782 9 0 0 0 0 9 0
EGAN00001673804 9 0 0 0 0 9 0
EGAN00001673810 14 0 0 0 0 14 0
EGAN00001730343 9 0 0 0 0 9 0
EGAN00001730397 12 0 0 0 0 12 0
EGAN00001730410 12 0 0 0 0 12 0
EGAN00001730434 7 0 0 0 0 7 0
EGAN00001730447 17 0 0 0 0 17 0
EGAN00001730450 12 0 0 0 0 12 0
EGAN00001730455 18 0 0 0 0 18 0
EGAN00001730460 10 0 0 0 0 10 0
EGAN00001730488 8 0 0 0 0 8 0
EGAN00001730502 16 0 0 0 0 16 0
EGAN00001730503 6 0 0 0 0 6 0
EGAN00001730521 7 0 0 0 0 7 0
EGAN00001730523 6 0 0 0 0 6 0
EGAN00001730529 7 0 0 0 0 7 0
EGAN00001740624 6 0 0 0 0 6 0
EGAN00001740630 9 0 0 0 0 9 0
EGAN00001740633 12 0 0 0 0 12 0
EGAN00001740634 7 0 0 0 0 7 0
EGAN00001740641 13 0 0 0 0 13 0
EGAN00001740654 12 0 0 1 0 11 0
EGAN00001740657 4 0 0 0 0 4 0
EGAN00001740658 3 0 0 0 0 3 0
EGAN00001740673 10 0 0 0 0 10 0
EGAN00001740680 7 0 0 0 0 7 0
EGAN00001740686 5 0 0 0 0 5 0
EGAN00001740691 10 0 0 0 0 10 0
EGAN00001740692 17 0 0 0 0 17 0
EGAN00001740695 3 0 0 0 0 3 0
EGAN00001740700 1 0 0 0 0 1 0
EGAN00001740704 5 0 0 0 0 5 0
EGAN00001740742 10 0 0 0 0 10 0
EGAN00001740752 8 0 0 0 0 8 0
EGAN00001740772 10 0 0 0 0 10 0
EGAN00001740774 3 0 0 0 0 3 0
EGAN00001740796 9 0 0 0 0 9 0
EGAN00001740797 3 0 0 0 0 3 0
EGAN00001740802 10 0 0 0 0 10 0
EGAN00001740806 12 0 0 0 0 12 0
EGAN00001740827 23 0 0 0 0 23 0
EGAN00001740848 4 0 0 0 1 3 0
EGAN00001740858 9 0 0 0 0 9 0
EGAN00001740884 13 0 0 0 0 13 0
EGAN00001740885 9 0 0 0 0 9 0
EGAN00001740904 6 0 0 0 0 6 0
EGAN00001740906 10 0 0 0 0 10 0
EGAN00001740907 15 0 0 0 0 15 0
EGAN00001740918 6 0 0 0 0 6 0
EGAN00001740921 13 0 0 0 0 13 0
EGAN00001740927 9 0 0 0 0 9 0
EGAN00001740932 6 0 0 0 0 6 0
EGAN00001740944 8 0 0 0 0 8 0
EGAN00001740955 14 0 0 0 0 14 0
EGAN00001740957 6 0 0 0 0 6 0
EGAN00001740967 11 0 0 0 0 11 0
EGAN00001740970 18 0 0 0 0 18 0
EGAN00001740973 9 0 0 0 0 9 0
EGAN00001740978 7 0 0 0 0 7 0
EGAN00001740988 13 0 0 0 0 13 0
EGAN00001741035 11 0 0 0 0 11 0
EGAN00001741056 7 0 0 0 0 7 0
EGAN00001741057 15 0 0 0 0 15 0
EGAN00001741066 4 0 0 0 0 4 0
EGAN00001741073 4 0 0 0 0 4 0
EGAN00001741075 13 0 0 0 0 13 0
EGAN00001741087 10 0 0 0 0 10 0
EGAN00001741090 6 0 0 0 0 6 0
EGAN00001741093 9 0 0 0 0 9 0
EGAN00001741099 12 0 0 0 0 12 0
EGAN00001741107 3 0 0 0 0 3 0
EGAN00001741120 7 0 0 0 0 7 0
EGAN00001741122 12 0 0 0 0 12 0
EGAN00001741140 8 0 0 0 0 8 0
EGAN00001741150 7 0 0 0 0 7 0
EGAN00001741154 8 0 0 0 0 8 0
EGAN00001797988 9 0 0 0 0 9 0
EGAN00001797994 7 0 0 0 0 7 0
EGAN00001797996 19 0 0 0 0 19 0
EGAN00001798007 13 0 0 0 0 13 0
EGAN00001798008 18 0 0 0 0 18 0
EGAN00001798021 12 0 0 0 0 12 0
EGAN00001798030 18 0 0 0 0 18 0
EGAN00001798074 3 0 0 0 0 3 0
EGAN00001798091 7 0 0 0 0 7 0
EGAN00001798092 7 0 0 0 0 7 0
EGAN00001798104 16 0 0 0 0 16 0
EGAN00001798154 1 0 0 0 0 1 0
EGAN00001798162 14 0 0 1 0 13 0
EGAN00001798177 12 0 0 0 0 12 0
EGAN00001798191 17 0 0 0 0 17 0
EGAN00001798203 15 0 0 0 0 15 0
EGAN00001798255 11 0 0 0 0 11 0
EGAN00001798262 20 0 0 0 0 20 0
EGAN00001798269 15 0 0 0 0 15 0
EGAN00001798282 9 0 0 0 0 9 0
EGAN00001798285 16 0 0 0 0 16 0
EGAN00001798300 11 0 0 0 1 10 0
EGAN00001798317 13 0 0 0 0 13 0
EGAN00001798327 13 0 0 0 0 13 0
EGAN00001798330 11 0 0 0 0 11 0
EGAN00001798339 9 0 0 0 0 9 0
EGAN00001798342 4 0 0 0 0 4 0
EGAN00001798347 7 0 0 0 0 7 0
EGAN00001798348 9 0 0 0 0 9 0
EGAN00001798351 11 0 0 0 0 11 0
EGAN00001798359 6 0 0 0 0 6 0
EGAN00001798360 11 0 0 0 0 11 0
EGAN00001798367 19 0 0 0 0 19 0
EGAN00001798381 12 0 0 0 0 12 0
EGAN00001798382 14 0 0 0 0 14 0
EGAN00001798397 11 0 0 0 0 11 0
EGAN00001798404 11 0 0 0 0 11 0
EGAN00001798412 9 0 0 0 0 9 0
EGAN00001798435 10 0 0 0 0 10 0
EGAN00001798443 10 0 0 0 0 10 0
EGAN00001798445 16 0 0 0 0 16 0
EGAN00001798453 9 0 0 0 0 9 0
EGAN00001798480 17 0 0 0 0 17 0
EGAN00001798482 11 0 0 0 0 11 0
EGAN00001798483 14 0 0 0 0 14 0
EGAN00001798484 5 0 0 0 0 5 0
EGAN00001798492 16 0 0 0 0 16 0
EGAN00001798495 18 0 0 0 0 18 0
EGAN00001798498 16 0 0 0 0 16 0
EGAN00001798506 10 0 0 0 0 10 0
EGAN00001798511 8 0 0 0 0 8 0
EGAN00001798521 14 0 0 0 0 14 0
EGAN00001798534 17 0 0 0 0 17 0
EGAN00001798550 6 0 0 0 0 6 0
EGAN00001798551 13 0 0 0 0 13 0
EGAN00001798564 8 0 0 0 0 8 0
EGAN00001798565 9 0 0 0 0 9 0
EGAN00001798570 9 0 0 0 0 9 0
EGAN00001798574 11 0 0 0 0 11 0
EGAN00001798607 13 0 0 0 0 13 0
EGAN00001798625 7 0 0 0 0 7 0
EGAN00001798626 10 0 0 0 0 10 0
EGAN00001798632 10 0 0 0 0 10 0
EGAN00001798647 8 0 0 0 0 8 0
EGAN00001798653 15 0 0 0 0 15 0
EGAN00001798666 5 0 0 0 0 5 0
EGAN00001798669 11 0 0 1 0 10 0
EGAN00001798695 9 0 0 0 0 9 0
EGAN00001798708 10 0 0 0 0 10 0
EGAN00001830726 12 0 0 0 0 12 0
EGAN00001830730 10 0 0 0 0 10 0
EGAN00001830735 8 0 0 0 0 8 0
EGAN00001830736 7 0 0 0 0 7 0
EGAN00001830748 9 0 0 0 0 9 0
EGAN00001830757 5 0 0 0 0 5 0
EGAN00001830766 11 0 0 0 0 11 0
EGAN00001830784 10 0 0 0 0 10 0
EGAN00001830804 11 0 0 0 0 11 0
EGAN00001830806 2 0 0 0 0 2 0
EGAN00001830813 9 0 0 0 0 9 0
EGAN00001830822 8 0 0 0 0 8 0
EGAN00001830825 2 0 0 0 0 2 0
EGAN00001830830 4 0 0 0 0 4 0
EGAN00001830831 14 0 0 0 0 14 0
EGAN00001830836 13 0 0 0 0 13 0
EGAN00001830837 10 0 0 0 0 10 0
EGAN00001830839 5 0 0 0 0 5 0
EGAN00001830844 4 0 0 0 0 4 0
EGAN00001830849 11 0 0 0 0 11 0
EGAN00001830870 8 0 0 0 0 8 0
EGAN00001830878 11 0 0 0 0 11 0
EGAN00001830880 10 0 0 0 0 10 0
EGAN00001830882 14 0 0 0 0 14 0
EGAN00001830889 15 0 0 0 0 15 0
EGAN00001830896 6 0 0 0 0 6 0
EGAN00001830921 8 0 0 0 0 8 0
EGAN00001830930 9 0 0 0 0 9 0
EGAN00001830942 8 0 0 0 0 8 0
EGAN00001830943 10 0 0 0 0 10 0
EGAN00001830956 20 0 0 0 0 20 0
EGAN00001830959 12 0 0 0 0 12 0
