Sample Depth = A C G T N
EGAN00001008152 23 0 0 0 23 0 0
EGAN00001008240 19 0 0 0 19 0 0
EGAN00001008480 19 0 0 0 19 0 0
EGAN00001021279 33 0 0 0 33 0 0
EGAN00001021287 26 0 0 0 26 0 0
EGAN00001021349 29 0 0 1 28 0 0
EGAN00001021460 5 0 0 0 5 0 0
EGAN00001021482 14 0 0 0 14 0 0
EGAN00001021497 19 0 0 0 19 0 0
EGAN00001021529 23 0 0 0 23 0 0
EGAN00001021566 13 0 0 0 13 0 0
EGAN00001021591 27 0 0 0 27 0 0
EGAN00001021602 20 0 0 0 20 0 0
EGAN00001021616 20 0 0 0 20 0 0
EGAN00001021618 33 0 0 0 33 0 0
EGAN00001021722 17 0 0 0 17 0 0
EGAN00001021724 21 0 0 0 21 0 0
EGAN00001021747 17 0 0 0 17 0 0
EGAN00001021767 29 0 0 0 29 0 0
EGAN00001021773 25 0 0 0 25 0 0
EGAN00001021774 29 0 0 0 29 0 0
EGAN00001021779 13 0 0 0 13 0 0
EGAN00001021807 14 0 0 0 14 0 0
EGAN00001021818 22 0 0 0 22 0 0
EGAN00001021838 33 0 0 0 33 0 0
EGAN00001021842 32 0 0 0 32 0 0
EGAN00001021852 15 0 0 0 15 0 0
EGAN00001021861 29 0 0 0 29 0 0
EGAN00001021877 20 0 0 0 20 0 0
EGAN00001021992 11 0 0 0 11 0 0
EGAN00001021995 23 0 0 0 23 0 0
EGAN00001022009 23 0 0 0 23 0 0
EGAN00001022024 28 0 0 0 28 0 0
EGAN00001022028 18 0 0 0 18 0 0
EGAN00001022070 18 0 0 0 17 1 0
EGAN00001022071 21 0 0 0 21 0 0
EGAN00001022073 20 0 0 0 20 0 0
EGAN00001022269 20 0 1 0 19 0 0
EGAN00001022287 19 0 0 0 19 0 0
EGAN00001022694 19 0 0 0 19 0 0
EGAN00001022728 16 0 0 0 16 0 0
EGAN00001022747 12 0 0 0 12 0 0
EGAN00001022776 21 0 0 0 21 0 0
EGAN00001022786 9 0 0 0 9 0 0
EGAN00001022788 12 0 0 0 12 0 0
EGAN00001022798 16 0 0 0 16 0 0
EGAN00001022907 10 0 0 0 10 0 0
EGAN00001022925 22 0 0 0 20 2 0
EGAN00001022928 20 0 0 0 20 0 0
EGAN00001022933 22 0 0 0 22 0 0
EGAN00001022944 14 0 0 0 14 0 0
EGAN00001022965 16 0 0 0 16 0 0
EGAN00001022970 14 0 0 0 14 0 0
EGAN00001022976 21 0 0 0 21 0 0
EGAN00001022977 17 0 0 0 17 0 0
EGAN00001022985 25 0 0 0 24 1 0
EGAN00001022994 26 0 0 0 26 0 0
EGAN00001022999 27 0 0 0 27 0 0
EGAN00001023013 16 0 0 0 16 0 0
EGAN00001023048 23 0 0 0 22 1 0
EGAN00001023052 15 0 0 0 15 0 0
EGAN00001023062 19 0 0 0 19 0 0
EGAN00001023065 22 0 0 0 22 0 0
EGAN00001023090 22 0 0 0 22 0 0
EGAN00001023109 8 0 0 0 8 0 0
EGAN00001023113 14 0 0 0 14 0 0
EGAN00001023144 17 0 0 0 17 0 0
EGAN00001023149 21 0 0 0 21 0 0
EGAN00001023165 15 0 0 0 15 0 0
EGAN00001023440 15 0 0 0 15 0 0
EGAN00001023443 13 0 0 0 13 0 0
EGAN00001023451 19 0 0 0 19 0 0
EGAN00001023536 18 0 0 0 18 0 0
EGAN00001024052 30 0 0 0 30 0 0
EGAN00001024169 21 0 0 0 21 0 0
EGAN00001024175 19 0 0 0 19 0 0
EGAN00001024242 14 0 0 0 14 0 0
EGAN00001024268 9 0 0 0 9 0 0
EGAN00001024339 15 0 0 0 15 0 0
EGAN00001025821 23 0 0 0 23 0 0
EGAN00001025877 19 0 0 0 19 0 0
EGAN00001026203 23 0 0 0 23 0 0
EGAN00001026429 23 0 0 0 23 0 0
EGAN00001026576 23 0 0 0 23 0 0
EGAN00001026589 27 0 0 0 27 0 0
EGAN00001026598 32 0 0 0 32 0 0
EGAN00001026629 35 0 0 0 35 0 0
EGAN00001026694 17 0 0 0 17 0 0
EGAN00001026814 28 0 0 0 28 0 0
EGAN00001027202 23 0 0 0 23 0 0
EGAN00001027204 16 0 0 0 16 0 0
EGAN00001027205 15 0 0 0 15 0 0
EGAN00001027212 17 0 0 0 17 0 0
EGAN00001027340 24 0 0 0 24 0 0
EGAN00001027395 18 0 0 0 18 0 0
EGAN00001027418 24 0 0 0 24 0 0
EGAN00001027453 29 0 0 1 28 0 0
EGAN00001027462 23 0 0 0 23 0 0
EGAN00001027463 24 0 0 0 24 0 0
EGAN00001027475 21 0 0 0 21 0 0
EGAN00001027505 16 0 0 0 16 0 0
EGAN00001027540 17 0 0 0 17 0 0
EGAN00001073920 22 0 0 0 22 0 0
EGAN00001073921 15 0 0 0 15 0 0
EGAN00001073922 17 0 0 0 17 0 0
EGAN00001074781 30 0 0 0 29 1 0
EGAN00001074834 26 0 0 0 26 0 0
EGAN00001074854 26 0 0 0 25 1 0
EGAN00001074864 20 0 0 0 20 0 0
EGAN00001074869 17 0 0 0 17 0 0
EGAN00001074873 24 0 0 0 24 0 0
EGAN00001074875 13 0 0 0 13 0 0
EGAN00001079317 12 0 0 1 11 0 0
EGAN00001079328 23 0 0 0 23 0 0
EGAN00001079401 18 0 0 0 18 0 0
EGAN00001079414 17 0 0 0 16 1 0
EGAN00001079479 23 0 0 0 23 0 0
EGAN00001079481 25 0 0 1 24 0 0
EGAN00001079505 16 0 0 0 16 0 0
EGAN00001079506 22 0 0 0 22 0 0
EGAN00001079561 19 0 0 0 19 0 0
EGAN00001079572 19 0 0 0 19 0 0
EGAN00001079662 26 0 0 0 25 1 0
EGAN00001079666 17 0 0 0 17 0 0
EGAN00001079696 26 0 0 0 26 0 0
EGAN00001079780 18 0 0 0 18 0 0
EGAN00001080216 18 0 0 0 18 0 0
EGAN00001080226 16 0 0 0 16 0 0
EGAN00001240157 16 0 0 0 16 0 0
EGAN00001240272 17 0 0 0 17 0 0
EGAN00001240612 11 0 0 0 11 0 0
EGAN00001240628 23 0 0 0 23 0 0
EGAN00001240764 18 0 0 0 18 0 0
EGAN00001240779 11 0 0 0 11 0 0
EGAN00001240905 21 0 0 0 21 0 0
EGAN00001241156 16 0 0 0 16 0 0
EGAN00001241214 13 0 0 0 13 0 0
EGAN00001241247 30 0 0 0 30 0 0
EGAN00001241334 35 0 0 0 35 0 0
EGAN00001241394 21 0 0 0 21 0 0
EGAN00001241506 16 0 0 0 16 0 0
EGAN00001241817 18 0 0 0 17 1 0
EGAN00001241861 23 0 0 0 23 0 0
EGAN00001241906 7 0 0 0 7 0 0
EGAN00001241963 26 0 0 0 26 0 0
EGAN00001241982 25 0 0 0 25 0 0
EGAN00001242082 18 0 0 0 18 0 0
EGAN00001242253 15 0 0 1 14 0 0
EGAN00001242280 20 0 0 0 20 0 0
EGAN00001242309 24 0 1 0 23 0 0
EGAN00001242516 15 0 0 0 15 0 0
EGAN00001242562 19 0 0 0 19 0 0
EGAN00001242628 15 0 0 0 15 0 0
EGAN00001242652 22 0 0 0 22 0 0
EGAN00001242720 21 0 0 0 21 0 0
EGAN00001242723 17 0 0 0 17 0 0
EGAN00001242952 13 0 0 0 13 0 0
EGAN00001243036 9 0 0 0 9 0 0
EGAN00001243053 31 0 0 0 31 0 0
EGAN00001243054 18 0 0 0 18 0 0
EGAN00001243109 17 0 0 0 17 0 0
EGAN00001243140 29 0 0 1 28 0 0
EGAN00001243144 25 0 0 0 25 0 0
EGAN00001243226 17 0 0 0 17 0 0
EGAN00001243294 12 0 0 0 12 0 0
EGAN00001243323 18 0 0 0 18 0 0
EGAN00001243343 23 0 0 0 23 0 0
EGAN00001243402 20 0 0 0 20 0 0
EGAN00001243503 13 0 0 0 13 0 0
EGAN00001243681 19 0 0 0 19 0 0
EGAN00001243731 14 0 0 0 14 0 0
EGAN00001243755 16 0 0 0 16 0 0
EGAN00001243780 11 0 0 0 11 0 0
EGAN00001243786 22 0 0 0 22 0 0
EGAN00001243946 12 0 0 0 12 0 0
EGAN00001244068 17 0 0 0 17 0 0
EGAN00001244108 18 0 0 0 18 0 0
EGAN00001244157 26 0 0 0 25 1 0
EGAN00001244308 17 0 0 0 17 0 0
EGAN00001244475 22 0 0 0 22 0 0
EGAN00001244572 27 0 0 0 27 0 0
EGAN00001244592 19 0 0 0 19 0 0
EGAN00001244659 15 0 0 0 15 0 0
EGAN00001244730 20 0 0 0 20 0 0
EGAN00001244763 15 0 0 0 15 0 0
EGAN00001244776 21 0 0 0 21 0 0
EGAN00001245103 21 0 0 0 21 0 0
EGAN00001245122 23 0 0 0 23 0 0
EGAN00001245134 17 0 0 0 17 0 0
EGAN00001245179 16 0 0 0 16 0 0
EGAN00001245323 23 0 0 0 23 0 0
EGAN00001245434 14 0 0 0 14 0 0
EGAN00001245840 18 0 0 0 18 0 0
EGAN00001246009 16 0 0 0 16 0 0
EGAN00001246021 17 0 0 0 17 0 0
EGAN00001246023 15 0 0 0 15 0 0
EGAN00001246063 11 0 0 0 11 0 0
EGAN00001246077 12 0 0 0 12 0 0
EGAN00001246246 14 0 0 0 14 0 0
EGAN00001246783 23 0 0 0 23 0 0
EGAN00001247049 18 0 0 0 18 0 0
EGAN00001247152 20 0 0 0 20 0 0
EGAN00001247246 27 0 0 0 27 0 0
EGAN00001247313 15 0 0 0 15 0 0
EGAN00001247500 20 0 0 0 20 0 0
EGAN00001247568 16 0 0 0 16 0 0
EGAN00001247658 15 0 0 0 15 0 0
EGAN00001247674 14 0 0 0 14 0 0
EGAN00001247681 11 0 0 0 11 0 0
EGAN00001267728 29 0 0 0 29 0 0
EGAN00001267991 15 0 0 0 15 0 0
EGAN00001277294 16 0 0 0 16 0 0
EGAN00001277295 21 0 0 0 21 0 0
EGAN00001385049 17 0 1 0 15 1 0
EGAN00001385050 13 0 0 0 13 0 0
EGAN00001385053 18 0 0 0 18 0 0
EGAN00001385060 14 0 0 0 14 0 0
EGAN00001385062 19 0 0 0 19 0 0
EGAN00001385083 24 0 0 0 23 1 0
EGAN00001385135 13 0 0 0 13 0 0
EGAN00001385146 23 0 0 0 23 0 0
EGAN00001385155 20 0 0 0 20 0 0
EGAN00001385160 18 0 0 0 18 0 0
EGAN00001385169 10 0 0 0 10 0 0
EGAN00001385173 14 0 0 0 14 0 0
EGAN00001385177 25 0 0 1 24 0 0
EGAN00001385180 17 0 0 0 17 0 0
EGAN00001385182 20 0 0 0 20 0 0
EGAN00001385184 22 0 0 0 22 0 0
EGAN00001385193 22 0 0 0 22 0 0
EGAN00001385212 14 0 0 0 13 1 0
EGAN00001385222 16 0 0 0 16 0 0
EGAN00001385223 16 0 0 0 16 0 0
EGAN00001385232 22 0 0 0 22 0 0
EGAN00001385237 7 0 0 0 7 0 0
EGAN00001385246 23 0 0 0 23 0 0
EGAN00001385268 16 0 0 0 16 0 0
EGAN00001385280 17 0 0 0 17 0 0
EGAN00001385284 21 0 0 0 20 1 0
EGAN00001385305 19 0 0 0 19 0 0
EGAN00001385313 21 0 0 0 21 0 0
EGAN00001385352 20 0 0 0 20 0 0
EGAN00001385361 21 0 0 0 20 1 0
EGAN00001385393 21 0 0 0 21 0 0
EGAN00001385395 16 0 0 0 16 0 0
EGAN00001385442 22 0 0 0 22 0 0
EGAN00001385443 24 0 0 0 24 0 0
EGAN00001385444 17 0 0 0 17 0 0
EGAN00001385447 22 0 0 0 22 0 0
EGAN00001385448 12 0 0 0 12 0 0
EGAN00001385449 12 0 0 0 12 0 0
EGAN00001385467 24 0 0 0 24 0 0
EGAN00001385469 24 0 0 0 24 0 0
EGAN00001385479 14 0 0 1 13 0 0
EGAN00001385496 14 0 0 0 14 0 0
EGAN00001385516 18 0 0 0 18 0 0
EGAN00001385522 20 0 0 0 20 0 0
EGAN00001385535 18 0 0 0 18 0 0
EGAN00001385539 13 0 0 0 13 0 0
EGAN00001385550 20 0 0 0 20 0 0
EGAN00001385578 24 0 0 0 24 0 0
EGAN00001385611 24 0 0 0 24 0 0
EGAN00001385616 21 0 0 0 21 0 0
EGAN00001385617 25 0 0 0 25 0 0
EGAN00001385627 14 0 0 0 14 0 0
EGAN00001385651 24 0 0 0 24 0 0
EGAN00001385655 17 0 0 0 17 0 0
EGAN00001385657 21 0 0 0 21 0 0
EGAN00001385673 9 0 0 0 9 0 0
EGAN00001385678 23 0 0 0 23 0 0
EGAN00001385688 22 0 0 0 22 0 0
EGAN00001385695 21 0 0 0 21 0 0
EGAN00001385699 17 0 0 0 17 0 0
EGAN00001385709 13 0 0 0 13 0 0
EGAN00001385738 26 0 0 0 26 0 0
EGAN00001385744 26 0 0 0 26 0 0
EGAN00001385746 23 0 0 0 23 0 0
EGAN00001385749 22 0 0 0 22 0 0
EGAN00001385752 14 0 0 0 14 0 0
EGAN00001385756 18 0 0 0 18 0 0
EGAN00001385760 21 0 0 0 21 0 0
EGAN00001385768 25 0 0 0 25 0 0
EGAN00001403187 16 0 0 0 16 0 0
EGAN00001403699 12 0 0 0 12 0 0
EGAN00001403701 14 0 0 0 14 0 0
EGAN00001403713 20 0 0 0 20 0 0
EGAN00001403722 18 0 0 0 18 0 0
EGAN00001403725 17 0 0 0 17 0 0
EGAN00001403739 14 0 0 0 14 0 0
EGAN00001403743 18 0 0 0 18 0 0
EGAN00001403756 17 0 0 0 17 0 0
EGAN00001403757 12 0 0 0 12 0 0
EGAN00001403763 12 0 0 0 12 0 0
EGAN00001403785 17 0 0 0 17 0 0
EGAN00001403786 19 0 0 0 19 0 0
EGAN00001403795 23 0 0 0 23 0 0
EGAN00001403805 22 0 0 0 21 0 1
EGAN00001403812 12 0 0 0 12 0 0
EGAN00001403819 19 0 0 0 19 0 0
EGAN00001403823 15 0 0 0 15 0 0
EGAN00001403825 17 0 0 0 17 0 0
EGAN00001403838 18 0 0 0 18 0 0
EGAN00001403845 20 0 0 0 20 0 0
EGAN00001403870 26 0 0 0 26 0 0
EGAN00001403873 15 0 0 0 15 0 0
EGAN00001403874 14 0 0 0 14 0 0
EGAN00001403892 14 0 0 0 14 0 0
EGAN00001403903 13 0 0 0 13 0 0
EGAN00001403909 25 0 0 0 25 0 0
EGAN00001403920 20 0 0 0 20 0 0
EGAN00001403930 17 0 0 0 17 0 0
EGAN00001403933 29 0 0 0 29 0 0
EGAN00001403939 17 0 0 0 17 0 0
EGAN00001403943 23 0 0 0 23 0 0
EGAN00001403953 23 0 0 0 23 0 0
EGAN00001403963 23 0 0 0 23 0 0
EGAN00001403980 21 0 0 0 21 0 0
EGAN00001403981 23 0 0 0 23 0 0
EGAN00001403994 14 0 0 0 14 0 0
EGAN00001404034 15 0 0 0 14 1 0
EGAN00001404044 17 0 0 0 17 0 0
EGAN00001404050 26 0 0 0 26 0 0
EGAN00001404075 27 0 0 0 27 0 0
EGAN00001404090 20 0 0 0 20 0 0
EGAN00001404108 21 0 0 0 21 0 0
EGAN00001404119 19 0 0 0 19 0 0
EGAN00001404147 20 0 0 0 20 0 0
EGAN00001404151 27 0 0 0 27 0 0
EGAN00001404154 21 0 0 0 21 0 0
EGAN00001404484 24 0 0 0 24 0 0
EGAN00001439009 22 0 0 0 22 0 0
EGAN00001439015 13 0 0 0 13 0 0
EGAN00001439114 15 0 0 0 15 0 0
EGAN00001439126 17 0 0 0 17 0 0
EGAN00001439127 19 0 0 0 19 0 0
EGAN00001439130 18 0 0 0 18 0 0
EGAN00001439141 19 0 0 0 19 0 0
EGAN00001439154 18 0 0 0 18 0 0
EGAN00001439168 16 0 0 0 16 0 0
EGAN00001439176 11 0 0 0 11 0 0
EGAN00001439191 16 0 0 0 16 0 0
EGAN00001439204 12 0 0 0 12 0 0
EGAN00001439205 17 0 0 0 16 1 0
EGAN00001439214 15 0 0 0 15 0 0
EGAN00001439216 16 0 0 0 16 0 0
EGAN00001439223 15 0 0 0 15 0 0
EGAN00001439229 13 0 0 0 13 0 0
EGAN00001439230 9 0 0 0 9 0 0
EGAN00001439797 11 0 0 0 11 0 0
EGAN00001440377 18 0 0 0 18 0 0
EGAN00001440389 17 0 0 0 17 0 0
EGAN00001440396 16 0 0 0 16 0 0
EGAN00001440398 11 0 0 0 11 0 0
EGAN00001440407 22 0 0 0 22 0 0
EGAN00001440429 26 0 0 0 26 0 0
EGAN00001440468 18 0 0 0 18 0 0
EGAN00001440476 22 0 0 0 22 0 0
EGAN00001440495 19 0 0 0 19 0 0
EGAN00001440500 11 0 0 0 11 0 0
EGAN00001440514 12 0 0 0 12 0 0
EGAN00001440523 6 0 0 0 6 0 0
EGAN00001440524 23 0 0 0 23 0 0
EGAN00001440539 19 0 0 0 19 0 0
EGAN00001440542 12 0 0 0 12 0 0
EGAN00001440566 21 0 0 0 21 0 0
EGAN00001440641 34 0 0 0 34 0 0
EGAN00001440710 13 0 0 0 13 0 0
EGAN00001440723 22 0 0 0 22 0 0
EGAN00001442167 25 0 0 0 25 0 0
EGAN00001442174 25 0 0 0 25 0 0
EGAN00001442203 10 0 0 0 10 0 0
EGAN00001442204 22 0 0 0 22 0 0
EGAN00001442210 14 0 0 0 14 0 0
EGAN00001442231 14 0 0 0 14 0 0
EGAN00001442238 9 0 0 0 9 0 0
EGAN00001442436 21 0 0 0 21 0 0
EGAN00001442449 18 0 0 0 18 0 0
EGAN00001442458 25 0 0 0 25 0 0
EGAN00001442474 16 0 0 0 16 0 0
EGAN00001442489 17 0 0 0 17 0 0
EGAN00001443772 22 0 0 0 22 0 0
EGAN00001444312 19 0 0 0 18 0 1
EGAN00001444317 19 0 0 0 19 0 0
EGAN00001444318 20 0 0 0 20 0 0
EGAN00001444415 17 0 0 0 17 0 0
EGAN00001444475 20 0 0 0 20 0 0
EGAN00001444482 18 0 0 0 18 0 0
EGAN00001444841 17 0 0 0 17 0 0
EGAN00001444984 19 0 0 0 19 0 0
EGAN00001445004 16 0 0 0 16 0 0
EGAN00001445013 24 0 0 1 23 0 0
EGAN00001445033 24 0 0 0 24 0 0
EGAN00001445043 13 0 0 0 13 0 0
EGAN00001445071 17 0 0 0 17 0 0
EGAN00001445077 24 0 0 0 24 0 0
EGAN00001445079 18 0 0 0 18 0 0
EGAN00001445081 31 0 0 0 31 0 0
EGAN00001445085 20 0 0 0 20 0 0
EGAN00001445454 18 0 0 0 17 1 0
EGAN00001445456 24 0 0 0 24 0 0
EGAN00001445463 20 0 0 0 20 0 0
EGAN00001445494 21 0 0 0 21 0 0
EGAN00001445507 16 0 0 0 16 0 0
EGAN00001445512 11 0 0 0 11 0 0
EGAN00001445521 12 0 0 0 12 0 0
EGAN00001445525 15 0 0 0 15 0 0
EGAN00001446662 19 0 0 0 19 0 0
EGAN00001446688 19 0 0 0 19 0 0
EGAN00001446689 18 0 0 0 18 0 0
EGAN00001446697 7 0 0 0 7 0 0
EGAN00001486675 25 0 0 0 25 0 0
EGAN00001486681 18 0 0 0 18 0 0
EGAN00001486687 18 0 0 0 18 0 0
EGAN00001559552 16 0 0 0 16 0 0
EGAN00001559573 22 0 0 0 22 0 0
EGAN00001559631 13 0 0 0 13 0 0
EGAN00001559637 22 0 0 0 22 0 0
EGAN00001559644 11 0 0 0 11 0 0
EGAN00001559648 16 0 0 0 16 0 0
EGAN00001559656 19 0 0 0 19 0 0
EGAN00001559663 22 0 0 0 22 0 0
EGAN00001559670 18 0 0 0 18 0 0
EGAN00001559678 15 0 0 0 15 0 0
EGAN00001559693 11 0 0 0 11 0 0
EGAN00001559701 18 0 0 0 18 0 0
EGAN00001559716 13 0 0 0 13 0 0
EGAN00001559739 16 0 0 0 16 0 0
EGAN00001559761 15 0 0 0 15 0 0
EGAN00001559766 21 0 0 0 21 0 0
EGAN00001559774 16 0 1 0 15 0 0
EGAN00001559782 13 0 0 0 13 0 0
EGAN00001559799 23 0 0 0 23 0 0
EGAN00001559808 21 0 1 0 20 0 0
EGAN00001559814 16 0 0 0 16 0 0
EGAN00001559826 21 0 0 0 21 0 0
EGAN00001559843 12 0 0 0 12 0 0
EGAN00001559849 27 0 0 0 27 0 0
EGAN00001559881 13 0 0 0 13 0 0
EGAN00001559902 13 0 0 0 13 0 0
EGAN00001559926 18 0 0 0 18 0 0
EGAN00001559933 30 0 0 0 30 0 0
EGAN00001559939 14 0 0 0 14 0 0
EGAN00001559962 16 0 0 0 16 0 0
EGAN00001559967 8 0 0 0 8 0 0
EGAN00001559995 9 0 0 0 9 0 0
EGAN00001560016 24 0 0 0 24 0 0
EGAN00001560034 20 0 0 0 20 0 0
EGAN00001560035 19 0 0 0 19 0 0
EGAN00001560050 17 0 0 0 17 0 0
EGAN00001560052 16 0 0 0 16 0 0
EGAN00001560068 17 0 0 0 17 0 0
EGAN00001560084 25 0 0 0 25 0 0
EGAN00001560085 19 0 0 0 19 0 0
EGAN00001560090 18 0 0 0 18 0 0
EGAN00001560096 22 0 0 0 22 0 0
EGAN00001560098 14 0 0 0 14 0 0
EGAN00001560124 17 0 0 0 17 0 0
EGAN00001560145 23 0 0 0 23 0 0
EGAN00001560153 26 0 0 0 26 0 0
EGAN00001560162 16 0 0 0 16 0 0
EGAN00001560183 14 0 0 0 14 0 0
EGAN00001560192 23 0 0 0 23 0 0
EGAN00001560207 21 0 0 0 21 0 0
EGAN00001560214 30 0 0 0 30 0 0
EGAN00001560218 25 0 0 0 25 0 0
EGAN00001560231 21 0 0 0 21 0 0
EGAN00001560243 19 0 0 0 19 0 0
EGAN00001560269 22 0 0 0 22 0 0
EGAN00001560308 17 0 0 0 17 0 0
EGAN00001560313 16 0 0 0 16 0 0
EGAN00001560314 26 0 0 0 26 0 0
EGAN00001560320 12 0 0 0 12 0 0
EGAN00001560322 18 0 0 0 18 0 0
EGAN00001560332 8 0 0 0 8 0 0
EGAN00001560346 20 0 0 0 20 0 0
EGAN00001560356 19 0 0 0 19 0 0
EGAN00001560362 22 0 0 0 22 0 0
EGAN00001560370 16 0 0 0 16 0 0
EGAN00001560386 21 0 0 0 21 0 0
EGAN00001560396 14 0 0 0 14 0 0
EGAN00001560410 25 0 0 0 25 0 0
EGAN00001560418 18 0 0 0 18 0 0
EGAN00001560424 28 0 0 0 28 0 0
EGAN00001560448 25 0 0 0 25 0 0
EGAN00001560453 25 0 0 0 25 0 0
EGAN00001560464 26 0 0 0 26 0 0
EGAN00001560478 18 0 0 0 18 0 0
EGAN00001560485 27 0 0 0 27 0 0
EGAN00001560513 26 0 0 0 26 0 0
EGAN00001560515 22 0 0 0 22 0 0
EGAN00001560516 27 0 0 0 27 0 0
EGAN00001560524 20 0 0 0 20 0 0
EGAN00001560527 19 0 0 0 19 0 0
EGAN00001560540 17 0 0 0 17 0 0
EGAN00001560547 15 0 0 0 15 0 0
EGAN00001560549 15 0 0 0 15 0 0
EGAN00001560559 26 0 0 0 26 0 0
EGAN00001560583 18 0 0 0 18 0 0
EGAN00001560592 17 0 0 0 17 0 0
EGAN00001560595 16 0 0 0 16 0 0
EGAN00001560606 20 0 0 0 20 0 0
EGAN00001560609 25 0 0 0 25 0 0
EGAN00001560616 27 0 0 1 25 1 0
EGAN00001560633 12 0 0 0 12 0 0
EGAN00001560665 29 0 0 1 28 0 0
EGAN00001560675 10 0 0 0 10 0 0
EGAN00001560686 17 0 0 0 17 0 0
EGAN00001560693 14 0 0 0 14 0 0
EGAN00001560695 21 0 0 0 21 0 0
EGAN00001560708 21 0 0 0 21 0 0
EGAN00001560710 20 0 0 0 20 0 0
EGAN00001560737 26 0 0 0 26 0 0
EGAN00001560738 19 0 0 0 19 0 0
EGAN00001560739 22 0 0 0 22 0 0
EGAN00001560761 31 0 0 0 31 0 0
EGAN00001560769 18 0 0 0 18 0 0
EGAN00001560786 24 0 0 0 24 0 0
EGAN00001560788 23 0 0 0 23 0 0
EGAN00001560813 21 0 0 0 21 0 0
EGAN00001560820 14 0 0 0 14 0 0
EGAN00001560821 17 0 0 0 17 0 0
EGAN00001560824 16 0 0 0 16 0 0
EGAN00001560853 25 0 0 0 25 0 0
EGAN00001560869 20 0 0 0 20 0 0
EGAN00001560889 33 0 0 0 33 0 0
EGAN00001560906 24 0 0 0 24 0 0
EGAN00001560912 21 0 0 0 21 0 0
EGAN00001560929 14 0 0 0 14 0 0
EGAN00001560938 26 0 0 0 26 0 0
EGAN00001560951 17 0 0 0 17 0 0
EGAN00001560966 17 0 0 0 17 0 0
EGAN00001560974 22 0 0 0 22 0 0
EGAN00001560985 18 0 0 0 18 0 0
EGAN00001560994 13 0 0 0 13 0 0
EGAN00001560995 23 0 0 0 23 0 0
EGAN00001561020 15 0 0 0 15 0 0
EGAN00001561055 16 0 0 0 16 0 0
EGAN00001561079 24 0 0 0 24 0 0
EGAN00001561085 22 0 0 0 22 0 0
EGAN00001561103 16 0 0 0 16 0 0
EGAN00001561148 17 0 0 0 17 0 0
EGAN00001561154 16 0 0 0 16 0 0
EGAN00001561172 12 0 0 0 12 0 0
EGAN00001561199 20 0 0 0 20 0 0
EGAN00001561200 28 0 0 0 28 0 0
EGAN00001561201 21 0 0 0 21 0 0
EGAN00001561206 23 0 0 0 23 0 0
EGAN00001561221 23 0 0 0 23 0 0
EGAN00001561231 21 0 0 0 21 0 0
EGAN00001561234 30 0 0 0 29 1 0
EGAN00001561251 17 0 0 0 17 0 0
EGAN00001561252 15 0 0 0 15 0 0
EGAN00001561280 14 0 0 0 14 0 0
EGAN00001561296 14 0 0 0 14 0 0
EGAN00001561299 18 0 0 0 18 0 0
EGAN00001561303 14 0 0 0 14 0 0
EGAN00001561312 21 0 0 0 21 0 0
EGAN00001561373 21 0 0 0 21 0 0
EGAN00001561380 17 0 0 0 17 0 0
EGAN00001561393 18 0 0 0 18 0 0
EGAN00001561406 22 0 0 0 22 0 0
EGAN00001561412 37 0 0 0 37 0 0
EGAN00001561414 22 0 0 0 22 0 0
EGAN00001561425 11 0 0 0 11 0 0
EGAN00001561431 27 0 0 0 27 0 0
EGAN00001561442 19 0 0 0 19 0 0
EGAN00001561448 25 0 0 0 25 0 0
EGAN00001561453 24 0 0 0 24 0 0
EGAN00001561456 22 0 0 0 21 1 0
EGAN00001561458 15 0 1 0 14 0 0
EGAN00001561467 15 0 0 0 15 0 0
EGAN00001561476 32 0 0 0 32 0 0
EGAN00001561503 19 0 0 0 19 0 0
EGAN00001561508 19 0 0 0 19 0 0
EGAN00001561510 24 0 0 0 24 0 0
EGAN00001561542 17 0 0 0 17 0 0
EGAN00001561554 12 0 0 0 12 0 0
EGAN00001569013 18 0 0 0 18 0 0
EGAN00001572904 15 0 0 0 15 0 0
EGAN00001572939 14 0 0 0 14 0 0
EGAN00001575966 18 0 0 0 18 0 0
EGAN00001575982 14 0 0 0 14 0 0
EGAN00001576013 18 0 0 0 18 0 0
EGAN00001576017 16 0 0 0 16 0 0
EGAN00001576033 33 0 0 0 33 0 0
EGAN00001576040 32 0 0 1 31 0 0
EGAN00001576047 15 0 0 0 15 0 0
EGAN00001576056 18 0 0 0 18 0 0
EGAN00001576064 35 0 0 0 35 0 0
EGAN00001576068 16 0 0 0 16 0 0
EGAN00001576070 37 0 0 0 37 0 0
EGAN00001576074 22 0 0 0 22 0 0
EGAN00001576094 19 0 0 0 19 0 0
EGAN00001576100 19 0 0 0 19 0 0
EGAN00001576104 25 0 0 0 25 0 0
EGAN00001576114 23 0 0 0 22 0 1
EGAN00001576126 16 0 0 0 16 0 0
EGAN00001576168 24 0 0 0 24 0 0
EGAN00001576188 15 0 0 0 15 0 0
EGAN00001576205 28 0 0 0 28 0 0
EGAN00001576216 9 0 0 0 9 0 0
EGAN00001576226 12 0 0 0 12 0 0
EGAN00001576240 21 0 0 0 21 0 0
EGAN00001576245 19 0 0 0 19 0 0
EGAN00001576247 12 0 0 0 12 0 0
EGAN00001576249 17 0 0 0 17 0 0
EGAN00001576253 15 0 0 0 15 0 0
EGAN00001576258 7 0 0 0 7 0 0
EGAN00001576264 13 0 0 0 13 0 0
EGAN00001576272 36 0 0 0 36 0 0
EGAN00001576273 15 0 0 0 15 0 0
EGAN00001576277 9 0 0 0 9 0 0
EGAN00001576296 25 0 0 0 25 0 0
EGAN00001576314 21 0 0 0 21 0 0
EGAN00001576321 16 0 0 0 16 0 0
EGAN00001576324 30 0 0 1 29 0 0
EGAN00001576334 15 0 0 0 15 0 0
EGAN00001576367 20 0 0 0 20 0 0
EGAN00001576379 17 0 0 0 17 0 0
EGAN00001576393 21 0 0 0 21 0 0
EGAN00001576415 15 0 0 0 15 0 0
EGAN00001576428 18 0 0 0 18 0 0
EGAN00001576431 20 0 0 0 20 0 0
EGAN00001576439 18 0 0 0 18 0 0
EGAN00001576442 17 0 0 0 17 0 0
EGAN00001576452 16 0 0 0 16 0 0
EGAN00001576459 19 0 0 0 19 0 0
EGAN00001576482 9 0 0 0 9 0 0
EGAN00001576490 24 0 0 0 24 0 0
EGAN00001576502 18 0 0 0 18 0 0
EGAN00001576514 14 0 0 0 14 0 0
EGAN00001576515 11 0 0 0 11 0 0
EGAN00001576553 29 0 0 0 29 0 0
EGAN00001576555 20 0 0 0 20 0 0
EGAN00001576558 26 0 0 0 26 0 0
EGAN00001576566 29 0 0 0 29 0 0
EGAN00001576575 25 0 0 0 25 0 0
EGAN00001576611 12 0 0 0 12 0 0
EGAN00001576639 14 0 0 0 14 0 0
EGAN00001576651 32 0 0 1 31 0 0
EGAN00001576682 22 0 0 0 22 0 0
EGAN00001576692 24 0 0 0 24 0 0
EGAN00001576705 19 0 0 0 19 0 0
EGAN00001576718 15 0 0 0 15 0 0
EGAN00001579169 30 0 0 0 30 0 0
EGAN00001579171 23 0 0 0 23 0 0
EGAN00001583153 22 0 0 0 22 0 0
EGAN00001583162 21 0 0 0 21 0 0
EGAN00001583163 18 0 0 0 18 0 0
EGAN00001583178 10 0 0 0 10 0 0
EGAN00001583180 24 0 0 0 24 0 0
EGAN00001583181 16 0 0 0 16 0 0
EGAN00001583193 14 0 0 0 14 0 0
EGAN00001583197 21 0 0 0 21 0 0
EGAN00001583205 13 0 0 0 13 0 0
EGAN00001583212 14 0 0 0 14 0 0
EGAN00001583219 13 0 0 0 13 0 0
EGAN00001583224 12 0 0 0 12 0 0
EGAN00001583226 24 0 0 0 24 0 0
EGAN00001583243 22 0 0 0 22 0 0
EGAN00001583244 23 0 0 0 23 0 0
EGAN00001583254 20 0 0 0 20 0 0
EGAN00001583261 22 0 0 0 22 0 0
EGAN00001583263 21 0 0 0 20 1 0
EGAN00001583265 22 0 0 0 21 1 0
EGAN00001583284 16 0 0 0 16 0 0
EGAN00001583286 14 0 0 0 14 0 0
EGAN00001583301 20 0 0 0 20 0 0
EGAN00001583306 19 0 0 0 19 0 0
EGAN00001583343 17 0 0 0 17 0 0
EGAN00001583345 19 0 0 0 19 0 0
EGAN00001583356 24 0 0 0 24 0 0
EGAN00001583369 24 0 0 0 24 0 0
EGAN00001583385 13 0 0 0 13 0 0
EGAN00001583389 17 0 0 0 17 0 0
EGAN00001583391 17 0 0 0 17 0 0
EGAN00001583392 14 0 0 0 14 0 0
EGAN00001583412 19 0 0 0 19 0 0
EGAN00001583457 24 0 0 0 24 0 0
EGAN00001583470 22 0 0 1 21 0 0
EGAN00001583494 20 0 0 0 20 0 0
EGAN00001583512 16 0 0 0 16 0 0
EGAN00001583541 21 0 0 0 21 0 0
EGAN00001583549 16 0 0 0 16 0 0
EGAN00001583560 15 0 0 0 15 0 0
EGAN00001583568 12 0 0 0 12 0 0
EGAN00001583572 21 0 1 0 20 0 0
EGAN00001583582 20 0 0 0 20 0 0
EGAN00001583601 29 0 0 0 29 0 0
EGAN00001583605 18 0 0 0 18 0 0
EGAN00001583609 17 0 0 0 17 0 0
EGAN00001583611 15 0 0 0 15 0 0
EGAN00001583640 17 0 0 0 17 0 0
EGAN00001583651 18 0 0 0 18 0 0
EGAN00001583686 23 0 0 0 23 0 0
EGAN00001583692 22 0 0 0 22 0 0
EGAN00001583724 19 0 0 0 19 0 0
EGAN00001583742 17 0 0 0 17 0 0
EGAN00001583765 23 0 0 0 23 0 0
EGAN00001583766 25 0 0 0 25 0 0
EGAN00001583772 14 0 0 1 13 0 0
EGAN00001583814 18 0 0 0 18 0 0
EGAN00001583825 24 0 0 0 24 0 0
EGAN00001583828 14 0 0 0 14 0 0
EGAN00001583831 22 0 0 0 22 0 0
EGAN00001583841 23 0 1 0 22 0 0
EGAN00001583853 30 0 0 1 29 0 0
EGAN00001583858 25 0 0 0 25 0 0
EGAN00001583868 21 0 0 0 21 0 0
EGAN00001583899 23 0 0 0 23 0 0
EGAN00001583921 15 0 0 0 15 0 0
EGAN00001583924 17 0 0 1 16 0 0
EGAN00001583925 19 0 1 0 18 0 0
EGAN00001583933 19 0 0 0 19 0 0
EGAN00001584036 14 0 0 1 13 0 0
EGAN00001584047 20 0 0 0 20 0 0
EGAN00001584049 17 0 0 0 17 0 0
EGAN00001584057 21 0 0 0 21 0 0
EGAN00001584062 18 0 0 1 17 0 0
EGAN00001584081 22 0 0 0 22 0 0
EGAN00001584088 23 0 0 0 23 0 0
EGAN00001584090 23 0 0 0 23 0 0
EGAN00001584093 21 0 0 0 21 0 0
EGAN00001584094 28 0 0 0 28 0 0
EGAN00001584105 22 0 0 0 22 0 0
EGAN00001584106 19 0 0 0 19 0 0
EGAN00001584115 10 0 0 0 10 0 0
EGAN00001584121 16 0 0 0 16 0 0
EGAN00001584137 28 0 1 0 27 0 0
EGAN00001584139 10 0 0 0 10 0 0
EGAN00001584140 17 0 0 0 17 0 0
EGAN00001584144 12 0 0 0 11 1 0
EGAN00001584198 17 0 0 0 17 0 0
EGAN00001584205 18 0 0 0 18 0 0
EGAN00001584210 29 0 0 0 29 0 0
EGAN00001584212 19 0 0 0 19 0 0
EGAN00001584219 17 0 0 0 17 0 0
EGAN00001584226 20 0 0 0 20 0 0
EGAN00001584245 24 0 0 0 24 0 0
EGAN00001584254 25 0 0 0 24 0 1
EGAN00001584279 16 0 0 0 16 0 0
EGAN00001584280 13 0 0 0 13 0 0
EGAN00001584292 16 0 0 0 16 0 0
EGAN00001584299 20 0 0 0 20 0 0
EGAN00001584334 16 0 0 0 16 0 0
EGAN00001584348 16 0 0 1 15 0 0
EGAN00001584355 12 0 0 0 12 0 0
EGAN00001584367 22 0 0 0 22 0 0
EGAN00001584368 27 0 0 0 27 0 0
EGAN00001584369 22 0 0 0 22 0 0
EGAN00001584374 15 0 0 1 14 0 0
EGAN00001584384 20 0 0 0 20 0 0
EGAN00001584389 31 0 0 0 31 0 0
EGAN00001584393 16 0 0 0 16 0 0
EGAN00001584404 19 0 0 0 19 0 0
EGAN00001584410 21 0 0 0 21 0 0
EGAN00001584419 16 0 0 0 15 1 0
EGAN00001584421 22 0 0 0 22 0 0
EGAN00001584426 23 0 0 0 23 0 0
EGAN00001584447 13 0 0 0 13 0 0
EGAN00001584469 30 0 0 1 29 0 0
EGAN00001584470 18 0 0 0 18 0 0
EGAN00001584475 23 0 0 0 23 0 0
EGAN00001584497 14 0 0 0 14 0 0
EGAN00001584525 25 0 0 0 25 0 0
EGAN00001584530 17 0 0 0 17 0 0
EGAN00001584531 27 0 0 0 27 0 0
EGAN00001584562 16 0 0 0 16 0 0
EGAN00001584578 15 0 0 0 15 0 0
EGAN00001584585 24 0 0 0 24 0 0
EGAN00001584587 17 0 0 0 17 0 0
EGAN00001584590 18 0 0 0 17 1 0
EGAN00001584594 24 0 0 0 23 1 0
EGAN00001584621 17 0 0 0 17 0 0
EGAN00001584662 27 0 0 0 27 0 0
EGAN00001584670 12 0 0 0 12 0 0
EGAN00001584681 14 0 0 0 14 0 0
EGAN00001584682 15 0 0 0 15 0 0
EGAN00001584686 21 0 0 0 21 0 0
EGAN00001584695 19 0 0 0 19 0 0
EGAN00001584701 13 0 0 0 13 0 0
EGAN00001584748 14 0 0 0 14 0 0
EGAN00001584752 25 0 0 0 25 0 0
EGAN00001584770 22 0 0 0 21 1 0
EGAN00001584776 16 0 0 0 16 0 0
EGAN00001584789 16 0 0 0 16 0 0
EGAN00001584799 22 0 0 0 22 0 0
EGAN00001584807 18 0 1 0 17 0 0
EGAN00001584818 11 0 0 0 11 0 0
EGAN00001584827 15 0 0 0 15 0 0
EGAN00001584831 19 0 0 0 19 0 0
EGAN00001584844 20 0 0 0 20 0 0
EGAN00001584856 24 0 0 0 24 0 0
EGAN00001584876 22 0 0 0 22 0 0
EGAN00001584878 12 0 0 0 12 0 0
EGAN00001584887 16 0 0 0 16 0 0
EGAN00001584890 22 0 0 0 22 0 0
EGAN00001584902 25 0 0 0 25 0 0
EGAN00001584908 11 0 0 0 11 0 0
EGAN00001584924 20 0 0 0 20 0 0
EGAN00001584927 9 0 0 0 9 0 0
EGAN00001584940 17 0 0 0 17 0 0
EGAN00001584952 22 0 0 0 22 0 0
EGAN00001584966 15 0 0 0 15 0 0
EGAN00001584970 17 0 0 0 17 0 0
EGAN00001584972 15 0 0 0 15 0 0
EGAN00001585037 18 0 0 0 18 0 0
EGAN00001585049 15 0 0 0 15 0 0
EGAN00001585062 13 0 0 0 13 0 0
EGAN00001585083 19 0 0 0 19 0 0
EGAN00001585105 25 0 0 0 25 0 0
EGAN00001585131 24 0 0 0 24 0 0
EGAN00001585136 11 0 0 0 11 0 0
EGAN00001585163 17 0 0 0 17 0 0
EGAN00001585167 14 0 0 0 13 1 0
EGAN00001585175 21 0 0 0 21 0 0
EGAN00001585178 15 0 0 0 15 0 0
EGAN00001585191 15 0 0 0 15 0 0
EGAN00001585193 22 0 0 0 22 0 0
EGAN00001585195 21 0 0 0 21 0 0
EGAN00001585197 14 0 0 0 14 0 0
EGAN00001585198 13 0 0 0 13 0 0
EGAN00001585202 10 0 0 0 10 0 0
EGAN00001585228 26 0 0 0 26 0 0
EGAN00001585231 33 0 0 0 33 0 0
EGAN00001585239 24 0 0 0 24 0 0
EGAN00001585244 12 0 0 0 12 0 0
EGAN00001585262 8 0 0 0 8 0 0
EGAN00001585265 21 0 0 0 21 0 0
EGAN00001585280 15 0 0 0 15 0 0
EGAN00001585318 16 0 0 0 16 0 0
EGAN00001585319 19 0 0 0 19 0 0
EGAN00001585322 17 0 0 0 17 0 0
EGAN00001585328 18 0 0 0 18 0 0
EGAN00001585331 19 0 0 0 19 0 0
EGAN00001585337 24 0 0 0 24 0 0
EGAN00001585349 24 0 0 0 24 0 0
EGAN00001585350 21 0 0 0 21 0 0
EGAN00001585368 10 0 0 0 10 0 0
EGAN00001585387 17 0 0 0 17 0 0
EGAN00001585388 16 0 0 0 16 0 0
EGAN00001585391 21 0 0 0 21 0 0
EGAN00001585393 16 0 0 0 16 0 0
EGAN00001585404 13 0 0 0 13 0 0
EGAN00001585423 14 0 0 0 14 0 0
EGAN00001585439 18 0 0 0 17 1 0
EGAN00001585440 17 0 1 0 16 0 0
EGAN00001585449 26 0 0 0 26 0 0
EGAN00001585462 18 0 0 0 18 0 0
EGAN00001585473 24 0 0 0 24 0 0
EGAN00001585477 15 0 0 0 15 0 0
EGAN00001585491 17 0 0 0 17 0 0
EGAN00001585505 17 0 0 0 17 0 0
EGAN00001585506 18 0 0 0 18 0 0
EGAN00001585507 25 0 0 0 25 0 0
EGAN00001585518 25 0 0 0 25 0 0
EGAN00001585529 21 0 0 0 21 0 0
EGAN00001585530 26 0 0 0 26 0 0
EGAN00001585536 21 0 0 0 21 0 0
EGAN00001585557 18 0 0 0 18 0 0
EGAN00001585560 15 0 0 0 15 0 0
EGAN00001585569 27 0 0 0 27 0 0
EGAN00001585604 15 0 0 0 15 0 0
EGAN00001585621 19 0 0 0 19 0 0
EGAN00001585625 22 0 0 0 22 0 0
EGAN00001585628 22 0 0 0 22 0 0
EGAN00001585629 19 0 0 0 19 0 0
EGAN00001585639 20 0 0 0 20 0 0
EGAN00001585649 23 0 0 0 23 0 0
EGAN00001585650 14 0 0 0 14 0 0
EGAN00001585657 18 0 0 0 18 0 0
EGAN00001585676 14 0 0 0 14 0 0
EGAN00001585681 21 0 0 0 21 0 0
EGAN00001585693 12 0 0 0 12 0 0
EGAN00001585705 14 0 0 0 14 0 0
EGAN00001585726 24 0 0 0 24 0 0
EGAN00001585735 28 0 0 0 28 0 0
EGAN00001585751 20 0 0 0 20 0 0
EGAN00001585755 22 0 0 0 22 0 0
EGAN00001585773 15 0 0 0 15 0 0
EGAN00001585802 25 0 0 0 25 0 0
EGAN00001585821 15 0 0 0 15 0 0
EGAN00001585822 15 0 0 0 15 0 0
EGAN00001585840 16 0 0 0 16 0 0
EGAN00001585842 13 0 0 0 13 0 0
EGAN00001585849 17 0 0 0 17 0 0
EGAN00001585852 15 0 0 0 15 0 0
EGAN00001585857 15 0 0 0 15 0 0
EGAN00001585870 18 0 0 0 18 0 0
EGAN00001585871 16 0 0 0 16 0 0
EGAN00001585884 18 0 0 0 18 0 0
EGAN00001585910 21 0 0 0 21 0 0
EGAN00001585946 10 0 0 0 10 0 0
EGAN00001585953 22 0 0 0 22 0 0
EGAN00001585980 16 0 0 0 16 0 0
EGAN00001585989 20 0 0 0 19 1 0
EGAN00001586004 17 0 0 0 17 0 0
EGAN00001586011 21 0 0 0 21 0 0
EGAN00001586036 21 0 0 0 21 0 0
EGAN00001586045 22 0 0 0 22 0 0
EGAN00001586049 26 0 0 0 26 0 0
EGAN00001586050 24 0 0 0 24 0 0
EGAN00001586055 20 0 0 0 20 0 0
EGAN00001586060 24 0 0 0 24 0 0
EGAN00001586066 25 0 0 0 25 0 0
EGAN00001586069 10 0 0 0 10 0 0
EGAN00001586081 17 0 0 0 17 0 0
EGAN00001586083 30 0 0 0 30 0 0
EGAN00001586104 22 0 0 0 22 0 0
EGAN00001586112 16 0 0 0 16 0 0
EGAN00001586117 21 0 0 0 21 0 0
EGAN00001586125 20 0 0 0 20 0 0
EGAN00001586148 20 0 0 0 20 0 0
EGAN00001586165 18 0 0 0 18 0 0
EGAN00001586175 18 0 0 0 18 0 0
EGAN00001586181 11 0 0 0 11 0 0
EGAN00001586191 15 0 0 0 15 0 0
EGAN00001586205 9 0 0 0 9 0 0
EGAN00001586206 10 0 0 0 10 0 0
EGAN00001599246 19 0 0 0 19 0 0
EGAN00001599251 11 0 0 0 11 0 0
EGAN00001599261 16 0 0 0 16 0 0
EGAN00001599262 16 0 0 0 16 0 0
EGAN00001599270 19 0 0 0 19 0 0
EGAN00001599275 29 0 1 0 28 0 0
EGAN00001599281 25 0 0 0 25 0 0
EGAN00001599290 10 0 0 0 10 0 0
EGAN00001599298 19 0 0 0 19 0 0
EGAN00001599353 23 0 0 0 23 0 0
EGAN00001599360 19 0 0 0 19 0 0
EGAN00001599375 14 0 0 0 14 0 0
EGAN00001599391 19 0 0 0 19 0 0
EGAN00001599393 22 0 0 0 22 0 0
EGAN00001599404 18 0 0 0 18 0 0
EGAN00001599406 18 0 0 0 18 0 0
EGAN00001599407 19 0 0 0 19 0 0
EGAN00001599410 23 0 0 0 23 0 0
EGAN00001599411 16 0 0 0 16 0 0
EGAN00001599421 20 0 0 0 20 0 0
EGAN00001599432 23 0 0 0 23 0 0
EGAN00001599445 19 0 0 0 19 0 0
EGAN00001599448 10 0 0 0 10 0 0
EGAN00001599449 27 0 0 0 27 0 0
EGAN00001599452 21 0 0 0 21 0 0
EGAN00001599455 24 0 0 0 24 0 0
EGAN00001599456 11 0 0 0 11 0 0
EGAN00001599457 20 0 0 0 20 0 0
EGAN00001599461 23 0 0 0 23 0 0
EGAN00001599480 26 0 0 0 26 0 0
EGAN00001599501 19 0 0 0 19 0 0
EGAN00001599506 24 0 0 0 24 0 0
EGAN00001599542 16 0 0 0 16 0 0
EGAN00001599555 18 0 0 0 18 0 0
EGAN00001599567 12 0 0 0 12 0 0
EGAN00001599576 10 0 0 0 10 0 0
EGAN00001599593 28 0 0 0 28 0 0
EGAN00001599599 22 0 0 0 22 0 0
EGAN00001599625 17 0 0 0 17 0 0
EGAN00001599637 5 0 0 0 5 0 0
EGAN00001599655 34 0 0 0 34 0 0
EGAN00001599686 21 0 0 0 21 0 0
EGAN00001599694 22 0 0 0 22 0 0
EGAN00001599696 17 0 0 0 17 0 0
EGAN00001599700 15 0 0 0 15 0 0
EGAN00001599703 19 0 0 0 19 0 0
EGAN00001599711 26 0 0 0 26 0 0
EGAN00001599722 27 0 0 0 27 0 0
EGAN00001599749 18 0 0 0 18 0 0
EGAN00001599760 14 0 0 0 14 0 0
EGAN00001599774 22 0 0 0 22 0 0
EGAN00001599777 18 0 0 0 18 0 0
EGAN00001599780 16 0 0 0 16 0 0
EGAN00001599802 14 0 0 0 14 0 0
EGAN00001599817 10 0 0 0 10 0 0
EGAN00001599825 22 0 0 0 22 0 0
EGAN00001599870 22 0 0 0 22 0 0
EGAN00001599876 14 0 0 0 14 0 0
EGAN00001599887 15 0 0 0 15 0 0
EGAN00001599896 22 0 0 0 22 0 0
EGAN00001599904 21 0 0 0 21 0 0
EGAN00001599915 11 0 0 0 11 0 0
EGAN00001599917 13 0 0 0 13 0 0
EGAN00001599932 23 0 0 0 23 0 0
EGAN00001671033 14 0 0 0 14 0 0
EGAN00001671807 16 0 0 0 15 1 0
EGAN00001671828 15 0 0 0 15 0 0
EGAN00001671840 12 0 0 0 12 0 0
EGAN00001671857 16 0 0 0 16 0 0
EGAN00001671875 16 0 0 1 15 0 0
EGAN00001671876 11 0 0 0 11 0 0
EGAN00001671878 18 0 0 0 18 0 0
EGAN00001671882 22 0 0 0 22 0 0
EGAN00001671919 24 0 0 0 24 0 0
EGAN00001671924 20 0 0 0 20 0 0
EGAN00001671928 27 0 0 0 27 0 0
EGAN00001671936 18 0 0 0 18 0 0
EGAN00001671948 17 0 0 0 17 0 0
EGAN00001671983 14 0 0 0 14 0 0
EGAN00001671999 21 0 0 0 21 0 0
EGAN00001672009 16 0 0 0 16 0 0
EGAN00001672013 16 0 0 0 16 0 0
EGAN00001672017 15 0 0 0 15 0 0
EGAN00001672025 18 0 0 0 18 0 0
EGAN00001672026 19 0 0 0 19 0 0
EGAN00001672054 40 0 0 1 39 0 0
EGAN00001672062 20 0 0 0 20 0 0
EGAN00001672074 19 0 0 0 19 0 0
EGAN00001672084 23 0 0 0 23 0 0
EGAN00001672093 27 0 0 0 27 0 0
EGAN00001672100 23 0 0 0 23 0 0
EGAN00001672104 18 0 0 0 18 0 0
EGAN00001672114 15 0 0 0 15 0 0
EGAN00001672116 13 0 0 0 13 0 0
EGAN00001672124 17 0 0 0 17 0 0
EGAN00001672126 25 0 0 1 24 0 0
EGAN00001672134 23 0 0 0 23 0 0
EGAN00001672147 24 0 0 0 24 0 0
EGAN00001672148 17 0 0 0 17 0 0
EGAN00001672152 18 0 0 0 18 0 0
EGAN00001672156 14 0 0 0 14 0 0
EGAN00001672161 16 0 0 0 16 0 0
EGAN00001672165 13 0 0 0 13 0 0
EGAN00001672169 15 0 0 0 15 0 0
EGAN00001672173 13 0 0 0 13 0 0
EGAN00001672178 9 0 0 0 9 0 0
EGAN00001672183 20 0 0 0 20 0 0
EGAN00001672190 16 0 0 0 16 0 0
EGAN00001672197 27 0 0 0 27 0 0
EGAN00001672210 22 0 0 0 22 0 0
EGAN00001672232 30 0 0 0 30 0 0
EGAN00001672243 18 0 0 0 18 0 0
EGAN00001672284 18 0 0 0 18 0 0
EGAN00001672288 15 0 0 0 15 0 0
EGAN00001672308 15 0 0 0 15 0 0
EGAN00001672316 19 0 0 0 19 0 0
EGAN00001672322 15 0 0 0 15 0 0
EGAN00001672330 18 0 0 0 18 0 0
EGAN00001672333 20 0 0 0 20 0 0
EGAN00001672334 16 0 0 0 16 0 0
EGAN00001672345 15 0 0 0 15 0 0
EGAN00001672354 21 0 0 0 21 0 0
EGAN00001672363 21 0 0 0 21 0 0
EGAN00001672376 17 0 1 0 16 0 0
EGAN00001672378 13 0 0 0 13 0 0
EGAN00001672383 9 0 0 0 9 0 0
EGAN00001672411 18 0 0 0 18 0 0
EGAN00001672428 17 0 0 0 17 0 0
EGAN00001672439 20 0 0 0 20 0 0
EGAN00001672452 14 0 0 0 14 0 0
EGAN00001672457 18 0 0 0 18 0 0
EGAN00001672462 19 0 0 0 19 0 0
EGAN00001672511 10 0 0 0 10 0 0
EGAN00001672536 16 0 0 0 16 0 0
EGAN00001672538 18 0 0 0 18 0 0
EGAN00001672542 19 0 0 0 19 0 0
EGAN00001672553 14 0 0 0 14 0 0
EGAN00001672554 12 0 0 0 12 0 0
EGAN00001672565 28 0 0 0 27 1 0
EGAN00001672572 15 0 0 0 15 0 0
EGAN00001672578 17 0 0 0 17 0 0
EGAN00001672580 15 0 0 0 15 0 0
EGAN00001672585 19 0 0 0 19 0 0
EGAN00001672593 23 0 0 0 23 0 0
EGAN00001672597 18 0 0 0 18 0 0
EGAN00001672601 18 0 0 0 18 0 0
EGAN00001672631 23 0 0 0 23 0 0
EGAN00001672646 16 0 0 0 16 0 0
EGAN00001672651 22 0 0 0 22 0 0
EGAN00001672675 9 0 0 0 9 0 0
EGAN00001672687 25 0 0 0 25 0 0
EGAN00001672714 31 0 0 0 31 0 0
EGAN00001672719 17 0 0 0 17 0 0
EGAN00001672736 23 0 0 0 23 0 0
EGAN00001672744 12 0 0 0 12 0 0
EGAN00001672745 24 0 0 0 24 0 0
EGAN00001672751 21 0 0 0 21 0 0
EGAN00001672763 11 0 0 0 11 0 0
EGAN00001672783 16 0 0 0 16 0 0
EGAN00001672790 15 0 0 0 15 0 0
EGAN00001672794 17 0 0 0 17 0 0
EGAN00001672797 18 0 0 0 18 0 0
EGAN00001672813 20 0 0 0 20 0 0
EGAN00001672820 20 0 0 0 20 0 0
EGAN00001672833 25 0 0 0 25 0 0
EGAN00001672839 17 0 0 0 17 0 0
EGAN00001672848 16 0 0 0 16 0 0
EGAN00001672870 14 0 0 0 14 0 0
EGAN00001672873 16 0 0 0 16 0 0
EGAN00001672877 14 0 0 0 14 0 0
EGAN00001672886 18 0 0 0 18 0 0
EGAN00001672896 16 0 0 0 16 0 0
EGAN00001672914 17 0 1 0 16 0 0
EGAN00001672923 21 0 0 0 21 0 0
EGAN00001672926 21 0 0 0 21 0 0
EGAN00001672930 12 0 0 0 12 0 0
EGAN00001672933 21 0 0 0 21 0 0
EGAN00001672940 20 0 0 0 19 0 1
EGAN00001672947 11 0 0 0 11 0 0
EGAN00001672969 22 0 0 0 22 0 0
EGAN00001672988 6 0 0 0 5 1 0
EGAN00001673014 19 0 0 1 18 0 0
EGAN00001673075 24 0 0 0 24 0 0
EGAN00001673103 23 0 0 0 23 0 0
EGAN00001673106 27 0 0 0 27 0 0
EGAN00001673115 24 0 0 0 24 0 0
EGAN00001673116 13 0 0 0 13 0 0
EGAN00001673128 27 0 0 0 27 0 0
EGAN00001673142 17 0 0 0 17 0 0
EGAN00001673167 26 0 0 0 26 0 0
EGAN00001673209 19 0 0 0 19 0 0
EGAN00001673245 17 0 0 0 17 0 0
EGAN00001673252 21 0 0 0 21 0 0
EGAN00001673257 13 0 0 0 13 0 0
EGAN00001673263 27 0 0 0 27 0 0
EGAN00001673285 18 0 0 0 18 0 0
EGAN00001673292 18 0 0 0 18 0 0
EGAN00001673302 22 0 0 0 21 1 0
EGAN00001673321 18 0 0 0 18 0 0
EGAN00001673329 13 0 0 0 13 0 0
EGAN00001673335 27 0 0 0 27 0 0
EGAN00001673347 18 0 0 0 18 0 0
EGAN00001673371 22 0 0 0 22 0 0
EGAN00001673418 20 0 0 0 20 0 0
EGAN00001673422 23 0 0 0 23 0 0
EGAN00001673446 23 0 0 0 23 0 0
EGAN00001673458 14 0 0 0 14 0 0
EGAN00001673521 19 0 0 0 19 0 0
EGAN00001673523 18 0 0 0 18 0 0
EGAN00001673532 21 0 0 0 21 0 0
EGAN00001673562 11 0 0 0 11 0 0
EGAN00001673578 20 0 0 0 20 0 0
EGAN00001673580 22 0 0 0 22 0 0
EGAN00001673583 16 0 0 0 16 0 0
EGAN00001673597 21 0 0 0 21 0 0
EGAN00001673607 9 0 0 0 9 0 0
EGAN00001673611 24 0 0 0 24 0 0
EGAN00001673632 18 0 0 0 18 0 0
EGAN00001673637 14 0 0 0 14 0 0
EGAN00001673670 11 0 0 0 11 0 0
EGAN00001673677 21 0 0 0 20 1 0
EGAN00001673693 20 0 0 0 20 0 0
EGAN00001673700 23 0 0 0 23 0 0
EGAN00001673727 16 0 0 0 16 0 0
EGAN00001673751 22 0 0 0 22 0 0
EGAN00001673782 23 0 0 0 23 0 0
EGAN00001673804 20 0 0 0 20 0 0
EGAN00001673810 21 0 0 0 21 0 0
EGAN00001730343 17 0 0 0 17 0 0
EGAN00001730397 19 0 0 0 19 0 0
EGAN00001730410 15 0 0 0 15 0 0
EGAN00001730434 6 0 0 0 6 0 0
EGAN00001730447 15 0 0 0 15 0 0
EGAN00001730450 20 0 0 0 19 1 0
EGAN00001730455 17 0 0 1 16 0 0
EGAN00001730460 24 0 0 0 24 0 0
EGAN00001730488 15 0 0 0 15 0 0
EGAN00001730502 15 0 0 0 15 0 0
EGAN00001730503 19 0 0 0 19 0 0
EGAN00001730521 11 0 0 0 11 0 0
EGAN00001730523 10 0 0 0 10 0 0
EGAN00001730529 9 0 0 0 9 0 0
EGAN00001740624 19 0 0 0 19 0 0
EGAN00001740630 21 0 0 0 21 0 0
EGAN00001740633 16 0 0 0 16 0 0
EGAN00001740634 32 0 0 0 32 0 0
EGAN00001740641 25 0 0 0 25 0 0
EGAN00001740654 21 0 0 0 21 0 0
EGAN00001740657 17 0 0 0 17 0 0
EGAN00001740658 18 0 0 0 18 0 0
EGAN00001740673 14 0 0 0 14 0 0
EGAN00001740680 16 0 0 0 16 0 0
EGAN00001740686 10 0 0 0 10 0 0
EGAN00001740691 17 0 0 0 17 0 0
EGAN00001740692 23 0 0 0 23 0 0
EGAN00001740695 19 0 0 0 19 0 0
EGAN00001740700 13 0 0 0 13 0 0
EGAN00001740704 12 0 0 0 12 0 0
EGAN00001740742 22 0 0 0 22 0 0
EGAN00001740752 20 0 0 0 20 0 0
EGAN00001740772 18 0 0 0 18 0 0
EGAN00001740774 19 0 0 0 19 0 0
EGAN00001740796 13 0 0 0 13 0 0
EGAN00001740797 19 0 0 0 19 0 0
EGAN00001740802 14 0 0 0 14 0 0
EGAN00001740806 7 0 0 0 7 0 0
EGAN00001740827 20 0 0 0 20 0 0
EGAN00001740848 14 0 0 0 14 0 0
EGAN00001740858 18 0 0 0 18 0 0
EGAN00001740884 19 0 0 0 19 0 0
EGAN00001740885 23 0 0 0 23 0 0
EGAN00001740904 16 0 0 0 16 0 0
EGAN00001740906 15 0 0 0 15 0 0
EGAN00001740907 18 0 0 0 18 0 0
EGAN00001740918 10 0 0 0 10 0 0
EGAN00001740921 16 0 1 0 15 0 0
EGAN00001740927 18 0 0 0 18 0 0
EGAN00001740932 16 0 0 0 16 0 0
EGAN00001740944 20 0 0 1 19 0 0
EGAN00001740955 12 0 0 0 12 0 0
EGAN00001740957 12 0 0 0 12 0 0
EGAN00001740967 24 0 0 0 23 1 0
EGAN00001740970 21 0 0 0 21 0 0
EGAN00001740973 10 0 0 0 10 0 0
EGAN00001740978 23 0 0 0 23 0 0
EGAN00001740988 14 0 0 0 14 0 0
EGAN00001741035 14 0 0 0 14 0 0
EGAN00001741056 31 0 0 0 31 0 0
EGAN00001741057 22 0 0 0 21 1 0
EGAN00001741066 17 0 0 0 17 0 0
EGAN00001741073 18 0 0 0 18 0 0
EGAN00001741075 17 0 0 0 17 0 0
EGAN00001741087 13 0 0 0 13 0 0
EGAN00001741090 19 0 0 0 19 0 0
EGAN00001741093 20 0 0 0 20 0 0
EGAN00001741099 15 0 0 0 15 0 0
EGAN00001741107 22 0 0 0 22 0 0
EGAN00001741120 22 0 0 0 22 0 0
EGAN00001741122 12 0 0 0 12 0 0
EGAN00001741140 13 0 0 0 13 0 0
EGAN00001741150 16 0 0 0 16 0 0
EGAN00001741154 12 0 0 0 12 0 0
EGAN00001797988 20 0 0 0 20 0 0
EGAN00001797994 22 0 0 0 22 0 0
EGAN00001797996 19 0 0 0 19 0 0
EGAN00001798007 20 0 0 0 20 0 0
EGAN00001798008 18 0 0 0 18 0 0
EGAN00001798021 10 0 0 0 10 0 0
EGAN00001798030 14 0 0 0 14 0 0
EGAN00001798074 7 0 0 0 7 0 0
EGAN00001798091 21 0 0 0 21 0 0
EGAN00001798092 16 0 0 0 16 0 0
EGAN00001798104 24 0 0 0 24 0 0
EGAN00001798154 16 0 0 0 16 0 0
EGAN00001798162 23 0 0 0 23 0 0
EGAN00001798177 20 0 0 0 20 0 0
EGAN00001798191 32 0 0 0 32 0 0
EGAN00001798203 12 0 0 0 12 0 0
EGAN00001798255 12 0 0 0 12 0 0
EGAN00001798262 18 0 0 0 18 0 0
EGAN00001798269 29 0 0 0 29 0 0
EGAN00001798282 19 0 0 0 19 0 0
EGAN00001798285 19 0 0 0 19 0 0
EGAN00001798300 17 0 0 0 17 0 0
EGAN00001798317 14 0 0 0 14 0 0
EGAN00001798327 25 0 0 0 25 0 0
EGAN00001798330 17 0 0 0 17 0 0
EGAN00001798339 16 0 0 0 16 0 0
EGAN00001798342 15 0 0 0 15 0 0
EGAN00001798347 21 0 0 0 21 0 0
EGAN00001798348 18 0 0 0 18 0 0
EGAN00001798351 20 0 0 0 20 0 0
EGAN00001798359 22 0 0 0 21 0 1
EGAN00001798360 18 0 0 0 18 0 0
EGAN00001798367 20 0 0 0 20 0 0
EGAN00001798381 21 0 0 0 21 0 0
EGAN00001798382 18 0 0 0 18 0 0
EGAN00001798397 20 0 0 1 19 0 0
EGAN00001798404 23 0 0 0 23 0 0
EGAN00001798412 21 0 0 0 20 0 1
EGAN00001798435 9 0 0 0 9 0 0
EGAN00001798443 14 0 0 0 14 0 0
EGAN00001798445 18 0 0 0 18 0 0
EGAN00001798453 25 0 0 0 25 0 0
EGAN00001798480 36 0 0 0 36 0 0
EGAN00001798482 16 0 0 0 15 0 1
EGAN00001798483 11 0 0 0 11 0 0
EGAN00001798484 24 0 0 0 24 0 0
EGAN00001798492 25 0 0 0 25 0 0
EGAN00001798495 21 0 0 0 21 0 0
EGAN00001798498 16 0 0 0 16 0 0
EGAN00001798506 23 0 0 0 23 0 0
EGAN00001798511 20 0 0 0 20 0 0
EGAN00001798521 19 0 0 0 19 0 0
EGAN00001798534 19 0 0 0 19 0 0
EGAN00001798550 15 0 0 0 15 0 0
EGAN00001798551 15 0 0 0 15 0 0
EGAN00001798564 11 0 0 0 11 0 0
EGAN00001798565 21 0 0 0 20 1 0
EGAN00001798570 18 0 0 0 18 0 0
EGAN00001798574 16 0 0 0 16 0 0
EGAN00001798607 21 0 0 0 21 0 0
EGAN00001798625 21 0 0 0 21 0 0
EGAN00001798626 24 0 0 0 24 0 0
EGAN00001798632 13 0 0 0 13 0 0
EGAN00001798647 25 0 0 0 24 1 0
EGAN00001798653 18 0 0 0 18 0 0
EGAN00001798666 15 0 0 0 15 0 0
EGAN00001798669 15 0 0 0 15 0 0
EGAN00001798695 17 0 0 0 17 0 0
EGAN00001798708 24 0 0 0 24 0 0
EGAN00001830726 18 0 0 0 18 0 0
EGAN00001830730 20 0 0 0 20 0 0
EGAN00001830735 27 0 0 0 27 0 0
EGAN00001830736 29 0 0 0 29 0 0
EGAN00001830748 28 0 0 0 28 0 0
EGAN00001830757 15 0 0 0 15 0 0
EGAN00001830766 12 0 0 0 12 0 0
EGAN00001830784 18 0 0 0 18 0 0
EGAN00001830804 13 0 0 0 13 0 0
EGAN00001830806 21 0 0 0 21 0 0
EGAN00001830813 13 0 0 0 13 0 0
EGAN00001830822 16 0 0 0 16 0 0
EGAN00001830825 24 0 0 0 24 0 0
EGAN00001830830 14 0 0 0 14 0 0
EGAN00001830831 15 0 0 0 15 0 0
EGAN00001830836 20 0 0 0 20 0 0
EGAN00001830837 17 0 0 0 17 0 0
EGAN00001830839 16 0 0 0 16 0 0
EGAN00001830844 11 0 0 0 11 0 0
EGAN00001830849 22 0 0 0 22 0 0
EGAN00001830870 15 0 0 0 15 0 0
EGAN00001830878 22 0 0 0 22 0 0
EGAN00001830880 9 0 0 0 9 0 0
EGAN00001830882 13 0 0 0 13 0 0
EGAN00001830889 11 0 0 0 11 0 0
EGAN00001830896 18 0 0 0 18 0 0
EGAN00001830921 24 0 0 0 24 0 0
EGAN00001830930 16 0 0 0 16 0 0
EGAN00001830942 25 0 0 0 25 0 0
EGAN00001830943 16 0 0 0 16 0 0
EGAN00001830956 16 0 0 0 16 0 0
EGAN00001830959 15 0 0 0 15 0 0
