Sample Depth = A C G T N
EGAN00001008152 25 0 0 0 0 25 0
EGAN00001008240 28 0 0 0 0 28 0
EGAN00001008480 20 0 0 0 0 20 0
EGAN00001021279 23 0 0 0 0 23 0
EGAN00001021287 28 0 0 0 0 28 0
EGAN00001021349 30 0 0 0 1 29 0
EGAN00001021460 6 0 0 0 0 6 0
EGAN00001021482 25 0 0 0 0 25 0
EGAN00001021497 19 0 0 0 0 19 0
EGAN00001021529 24 0 0 1 0 23 0
EGAN00001021566 22 0 0 0 0 22 0
EGAN00001021591 32 0 0 0 0 32 0
EGAN00001021602 24 0 0 0 1 23 0
EGAN00001021616 20 0 0 0 0 20 0
EGAN00001021618 29 0 0 0 0 29 0
EGAN00001021722 27 0 0 0 0 27 0
EGAN00001021724 21 0 0 0 0 21 0
EGAN00001021747 23 0 0 0 0 23 0
EGAN00001021767 22 0 0 0 0 22 0
EGAN00001021773 26 0 0 0 0 26 0
EGAN00001021774 17 0 0 1 0 16 0
EGAN00001021779 23 0 0 0 0 23 0
EGAN00001021807 17 0 0 0 0 17 0
EGAN00001021818 29 0 0 1 1 27 0
EGAN00001021838 15 0 0 0 0 15 0
EGAN00001021842 24 0 0 0 0 24 0
EGAN00001021852 19 0 0 0 0 19 0
EGAN00001021861 22 0 0 0 0 22 0
EGAN00001021877 21 0 0 0 0 21 0
EGAN00001021992 17 0 0 0 0 17 0
EGAN00001021995 15 0 0 0 0 15 0
EGAN00001022009 20 0 0 0 1 19 0
EGAN00001022024 30 0 0 0 0 30 0
EGAN00001022028 19 0 0 0 0 19 0
EGAN00001022070 16 0 1 0 0 15 0
EGAN00001022071 27 0 0 0 0 27 0
EGAN00001022073 20 0 0 0 0 20 0
EGAN00001022269 16 0 0 0 0 16 0
EGAN00001022287 19 0 0 0 0 19 0
EGAN00001022694 35 0 0 0 0 35 0
EGAN00001022728 18 0 0 0 0 18 0
EGAN00001022747 21 0 0 0 0 21 0
EGAN00001022776 30 0 0 0 0 30 0
EGAN00001022786 19 0 0 0 0 19 0
EGAN00001022788 21 0 0 0 0 21 0
EGAN00001022798 15 0 1 0 0 14 0
EGAN00001022907 12 0 0 0 0 12 0
EGAN00001022925 25 0 0 0 0 25 0
EGAN00001022928 27 0 0 0 0 27 0
EGAN00001022933 11 0 0 0 0 11 0
EGAN00001022944 19 0 0 0 1 18 0
EGAN00001022965 31 0 0 0 0 31 0
EGAN00001022970 24 0 0 0 0 24 0
EGAN00001022976 26 0 0 0 0 26 0
EGAN00001022977 31 0 0 0 0 31 0
EGAN00001022985 18 0 0 0 0 18 0
EGAN00001022994 22 0 0 0 0 22 0
EGAN00001022999 31 0 0 0 0 31 0
EGAN00001023013 29 0 0 0 0 29 0
EGAN00001023048 21 0 0 0 0 21 0
EGAN00001023052 19 0 0 0 1 18 0
EGAN00001023062 29 0 0 0 0 29 0
EGAN00001023065 25 0 0 0 0 25 0
EGAN00001023090 17 0 0 0 0 17 0
EGAN00001023109 14 0 0 0 0 14 0
EGAN00001023113 22 0 0 0 0 22 0
EGAN00001023144 25 0 0 0 0 25 0
EGAN00001023149 11 0 0 0 0 11 0
EGAN00001023165 17 0 0 0 0 17 0
EGAN00001023440 19 0 0 0 0 19 0
EGAN00001023443 13 0 0 0 0 13 0
EGAN00001023451 24 0 0 0 0 24 0
EGAN00001023536 25 0 0 0 0 25 0
EGAN00001024052 27 0 0 0 0 27 0
EGAN00001024169 25 0 0 0 0 25 0
EGAN00001024175 17 0 1 0 0 16 0
EGAN00001024242 22 0 0 0 0 22 0
EGAN00001024268 26 0 0 0 0 26 0
EGAN00001024339 22 0 0 0 0 22 0
EGAN00001025821 20 0 0 0 0 20 0
EGAN00001025877 26 0 0 0 0 26 0
EGAN00001026203 17 0 0 0 0 17 0
EGAN00001026429 18 0 0 0 0 18 0
EGAN00001026576 21 0 0 0 0 21 0
EGAN00001026589 27 0 0 0 0 27 0
EGAN00001026598 26 0 0 0 1 25 0
EGAN00001026629 23 0 0 0 0 23 0
EGAN00001026694 26 0 0 1 0 25 0
EGAN00001026814 20 0 0 0 0 20 0
EGAN00001027202 24 0 1 1 0 22 0
EGAN00001027204 24 0 0 0 0 24 0
EGAN00001027205 22 0 0 0 0 22 0
EGAN00001027212 22 0 0 0 0 22 0
EGAN00001027340 32 0 0 0 0 32 0
EGAN00001027395 16 0 0 1 0 15 0
EGAN00001027418 16 0 0 0 0 16 0
EGAN00001027453 24 0 0 0 0 24 0
EGAN00001027462 19 0 0 0 0 19 0
EGAN00001027463 17 0 0 0 0 17 0
EGAN00001027475 24 0 0 0 0 24 0
EGAN00001027505 29 0 0 0 0 29 0
EGAN00001027540 28 0 0 0 0 28 0
EGAN00001073920 13 0 0 1 0 12 0
EGAN00001073921 17 0 0 0 0 17 0
EGAN00001073922 20 0 0 0 0 20 0
EGAN00001074781 24 0 0 0 0 24 0
EGAN00001074834 23 0 0 0 0 23 0
EGAN00001074854 34 0 0 0 0 34 0
EGAN00001074864 20 0 0 0 0 20 0
EGAN00001074869 27 0 0 0 0 27 0
EGAN00001074873 23 0 0 0 0 23 0
EGAN00001074875 18 0 0 0 0 18 0
EGAN00001079317 28 0 0 0 0 28 0
EGAN00001079328 15 0 0 0 0 15 0
EGAN00001079401 26 0 0 0 0 26 0
EGAN00001079414 9 0 0 0 0 9 0
EGAN00001079479 22 0 0 0 0 22 0
EGAN00001079481 13 0 0 1 0 12 0
EGAN00001079505 14 0 0 0 0 14 0
EGAN00001079506 27 0 0 0 0 27 0
EGAN00001079561 27 0 0 0 0 27 0
EGAN00001079572 13 0 0 0 0 13 0
EGAN00001079662 21 0 0 0 0 21 0
EGAN00001079666 13 0 0 0 0 13 0
EGAN00001079696 23 0 0 0 0 23 0
EGAN00001079780 22 0 0 0 0 22 0
EGAN00001080216 17 0 0 0 0 17 0
EGAN00001080226 35 0 0 0 0 35 0
EGAN00001240157 13 0 0 0 0 13 0
EGAN00001240272 17 0 0 0 0 17 0
EGAN00001240612 16 0 0 0 0 16 0
EGAN00001240628 15 0 0 0 0 15 0
EGAN00001240764 21 0 0 0 0 21 0
EGAN00001240779 15 0 0 0 0 15 0
EGAN00001240905 25 0 0 0 0 25 0
EGAN00001241156 18 0 0 0 0 18 0
EGAN00001241214 16 0 0 0 0 16 0
EGAN00001241247 19 0 0 0 0 19 0
EGAN00001241334 13 0 0 0 0 13 0
EGAN00001241394 26 0 0 0 0 26 0
EGAN00001241506 19 0 0 0 0 19 0
EGAN00001241817 18 0 0 0 0 18 0
EGAN00001241861 24 0 0 0 0 24 0
EGAN00001241906 13 0 0 0 0 13 0
EGAN00001241963 30 0 0 0 0 30 0
EGAN00001241982 21 0 0 0 0 21 0
EGAN00001242082 21 0 0 0 1 20 0
EGAN00001242253 14 0 0 0 0 14 0
EGAN00001242280 16 0 0 0 0 16 0
EGAN00001242309 16 0 0 0 0 16 0
EGAN00001242516 23 0 0 0 0 23 0
EGAN00001242562 12 0 0 0 0 12 0
EGAN00001242628 15 0 0 0 0 15 0
EGAN00001242652 24 0 0 0 0 24 0
EGAN00001242720 19 0 0 0 0 19 0
EGAN00001242723 13 0 0 0 0 13 0
EGAN00001242952 20 0 0 0 0 20 0
EGAN00001243036 13 0 0 0 0 13 0
EGAN00001243053 25 0 0 0 0 25 0
EGAN00001243054 11 0 0 0 0 11 0
EGAN00001243109 21 0 0 0 0 21 0
EGAN00001243140 20 0 0 0 0 20 0
EGAN00001243144 29 0 0 0 0 29 0
EGAN00001243226 13 0 0 0 0 13 0
EGAN00001243294 18 0 0 0 0 18 0
EGAN00001243323 21 0 0 0 0 21 0
EGAN00001243343 15 0 0 0 0 15 0
EGAN00001243402 10 0 0 0 0 10 0
EGAN00001243503 21 0 0 0 0 21 0
EGAN00001243681 18 0 0 0 0 18 0
EGAN00001243731 16 0 0 0 0 16 0
EGAN00001243755 22 0 0 0 0 22 0
EGAN00001243780 19 0 0 0 0 19 0
EGAN00001243786 19 0 0 0 0 19 0
EGAN00001243946 25 0 0 0 1 24 0
EGAN00001244068 16 0 0 0 0 16 0
EGAN00001244108 29 0 0 0 0 29 0
EGAN00001244157 30 0 0 0 0 30 0
EGAN00001244308 21 0 0 0 0 21 0
EGAN00001244475 25 0 0 0 0 25 0
EGAN00001244572 20 0 0 0 0 20 0
EGAN00001244592 14 0 0 0 0 14 0
EGAN00001244659 15 0 0 0 0 15 0
EGAN00001244730 25 0 0 0 0 25 0
EGAN00001244763 21 0 0 0 0 21 0
EGAN00001244776 23 0 0 0 0 23 0
EGAN00001245103 23 0 0 0 0 23 0
EGAN00001245122 23 0 0 0 0 23 0
EGAN00001245134 21 0 0 0 0 20 1
EGAN00001245179 15 0 0 0 0 15 0
EGAN00001245323 19 0 0 0 0 19 0
EGAN00001245434 24 0 0 0 0 24 0
EGAN00001245840 19 0 0 0 0 19 0
EGAN00001246009 16 0 0 1 0 15 0
EGAN00001246021 17 0 0 0 0 17 0
EGAN00001246023 11 0 0 0 0 11 0
EGAN00001246063 20 0 0 0 0 20 0
EGAN00001246077 15 0 0 0 0 15 0
EGAN00001246246 19 0 0 0 0 19 0
EGAN00001246783 22 0 0 0 0 22 0
EGAN00001247049 29 0 0 0 0 29 0
EGAN00001247152 12 0 0 0 0 12 0
EGAN00001247246 18 0 0 0 0 18 0
EGAN00001247313 25 0 0 0 0 25 0
EGAN00001247500 14 0 0 0 0 14 0
EGAN00001247568 19 0 0 0 0 19 0
EGAN00001247658 14 0 0 0 0 14 0
EGAN00001247674 15 0 0 0 0 15 0
EGAN00001247681 14 0 0 0 0 14 0
EGAN00001267728 23 0 0 0 0 23 0
EGAN00001267991 20 0 0 0 0 20 0
EGAN00001277294 19 0 0 1 0 18 0
EGAN00001277295 20 0 0 0 0 20 0
EGAN00001385049 21 0 0 0 0 21 0
EGAN00001385050 17 0 0 0 0 17 0
EGAN00001385053 18 0 0 0 0 18 0
EGAN00001385060 18 0 0 0 0 18 0
EGAN00001385062 17 0 0 0 0 17 0
EGAN00001385083 21 0 0 1 0 20 0
EGAN00001385135 19 0 0 0 0 19 0
EGAN00001385146 20 0 0 0 0 20 0
EGAN00001385155 20 0 0 0 1 19 0
EGAN00001385160 20 0 0 0 0 20 0
EGAN00001385169 24 0 0 0 0 24 0
EGAN00001385173 15 0 0 0 0 15 0
EGAN00001385177 26 0 0 0 0 26 0
EGAN00001385180 15 0 0 0 0 15 0
EGAN00001385182 17 0 0 0 0 17 0
EGAN00001385184 17 0 0 0 0 17 0
EGAN00001385193 17 0 0 0 1 16 0
EGAN00001385212 14 0 0 0 0 14 0
EGAN00001385222 14 0 0 0 0 14 0
EGAN00001385223 22 0 0 0 0 22 0
EGAN00001385232 30 0 0 0 1 29 0
EGAN00001385237 21 0 0 0 0 21 0
EGAN00001385246 16 0 0 0 0 16 0
EGAN00001385268 27 0 0 0 0 27 0
EGAN00001385280 16 0 0 0 0 16 0
EGAN00001385284 23 0 0 0 0 23 0
EGAN00001385305 17 0 0 0 0 17 0
EGAN00001385313 16 0 0 0 0 16 0
EGAN00001385352 29 0 0 0 0 29 0
EGAN00001385361 26 0 0 0 1 25 0
EGAN00001385393 19 0 0 0 0 19 0
EGAN00001385395 15 0 0 0 0 15 0
EGAN00001385442 16 0 0 0 0 16 0
EGAN00001385443 19 0 0 0 0 19 0
EGAN00001385444 18 0 0 1 1 16 0
EGAN00001385447 12 0 0 0 0 12 0
EGAN00001385448 13 0 0 0 0 13 0
EGAN00001385449 8 0 0 0 0 8 0
EGAN00001385467 20 0 0 0 1 19 0
EGAN00001385469 20 0 0 0 0 20 0
EGAN00001385479 13 0 0 1 0 12 0
EGAN00001385496 14 0 0 0 0 14 0
EGAN00001385516 26 0 0 0 0 26 0
EGAN00001385522 19 0 0 0 0 19 0
EGAN00001385535 22 0 0 0 0 22 0
EGAN00001385539 19 0 0 0 0 19 0
EGAN00001385550 17 0 0 0 0 17 0
EGAN00001385578 27 0 0 0 0 27 0
EGAN00001385611 10 0 0 0 0 10 0
EGAN00001385616 20 0 0 0 0 20 0
EGAN00001385617 14 0 0 0 0 14 0
EGAN00001385627 19 0 0 0 0 19 0
EGAN00001385651 28 0 0 0 0 28 0
EGAN00001385655 14 0 0 0 0 14 0
EGAN00001385657 16 0 0 0 0 16 0
EGAN00001385673 27 0 0 0 0 27 0
EGAN00001385678 16 0 0 0 0 16 0
EGAN00001385688 22 0 0 0 0 22 0
EGAN00001385695 24 0 0 0 0 24 0
EGAN00001385699 19 0 0 0 0 19 0
EGAN00001385709 19 0 0 0 0 19 0
EGAN00001385738 25 0 0 0 0 25 0
EGAN00001385744 25 0 0 0 0 25 0
EGAN00001385746 26 0 0 0 0 26 0
EGAN00001385749 17 0 0 0 0 17 0
EGAN00001385752 18 0 0 0 0 18 0
EGAN00001385756 17 0 0 0 0 17 0
EGAN00001385760 20 0 0 0 0 20 0
EGAN00001385768 15 0 0 0 0 15 0
EGAN00001403187 8 0 0 0 0 8 0
EGAN00001403699 20 0 0 0 0 20 0
EGAN00001403701 13 0 0 0 0 13 0
EGAN00001403713 15 0 0 0 0 15 0
EGAN00001403722 11 0 0 0 0 11 0
EGAN00001403725 11 0 0 0 0 11 0
EGAN00001403739 21 0 0 0 0 21 0
EGAN00001403743 20 0 0 0 0 20 0
EGAN00001403756 17 0 0 0 0 17 0
EGAN00001403757 13 0 0 0 1 12 0
EGAN00001403763 19 0 0 0 0 19 0
EGAN00001403785 22 0 0 0 0 22 0
EGAN00001403786 18 0 0 0 0 18 0
EGAN00001403795 16 0 0 0 1 15 0
EGAN00001403805 19 0 0 0 0 19 0
EGAN00001403812 19 0 0 0 0 19 0
EGAN00001403819 21 0 0 0 0 21 0
EGAN00001403823 10 0 0 0 0 10 0
EGAN00001403825 18 0 0 0 0 18 0
EGAN00001403838 28 0 0 0 0 28 0
EGAN00001403845 21 0 0 0 0 21 0
EGAN00001403870 22 0 0 0 0 22 0
EGAN00001403873 18 0 0 0 0 18 0
EGAN00001403874 24 0 0 0 0 24 0
EGAN00001403892 15 0 0 0 0 15 0
EGAN00001403903 29 0 0 0 0 29 0
EGAN00001403909 26 0 0 0 0 26 0
EGAN00001403920 10 0 0 0 0 10 0
EGAN00001403930 23 0 0 0 0 23 0
EGAN00001403933 22 0 0 0 0 22 0
EGAN00001403939 21 0 0 0 0 21 0
EGAN00001403943 20 0 0 0 0 20 0
EGAN00001403953 17 0 0 0 0 17 0
EGAN00001403963 13 0 0 0 0 13 0
EGAN00001403980 25 0 0 0 0 25 0
EGAN00001403981 20 0 0 0 0 20 0
EGAN00001403994 12 0 0 0 0 12 0
EGAN00001404034 22 0 0 0 0 22 0
EGAN00001404044 22 0 0 0 0 22 0
EGAN00001404050 24 0 0 0 0 24 0
EGAN00001404075 16 0 0 0 0 16 0
EGAN00001404090 17 0 0 0 0 17 0
EGAN00001404108 20 0 0 0 0 20 0
EGAN00001404119 20 0 0 0 0 20 0
EGAN00001404147 17 0 0 0 0 17 0
EGAN00001404151 18 0 0 0 0 18 0
EGAN00001404154 24 0 0 1 0 23 0
EGAN00001404484 21 0 0 0 1 20 0
EGAN00001439009 20 0 0 0 0 20 0
EGAN00001439015 17 0 0 0 0 17 0
EGAN00001439114 14 0 0 0 0 14 0
EGAN00001439126 12 0 0 0 0 12 0
EGAN00001439127 22 0 0 0 0 22 0
EGAN00001439130 17 0 0 0 0 17 0
EGAN00001439141 17 0 0 0 0 17 0
EGAN00001439154 16 0 0 0 0 16 0
EGAN00001439168 22 0 0 0 0 22 0
EGAN00001439176 17 0 0 0 0 17 0
EGAN00001439191 19 0 0 0 0 19 0
EGAN00001439204 13 0 0 0 0 13 0
EGAN00001439205 22 0 0 0 0 22 0
EGAN00001439214 23 0 0 0 0 23 0
EGAN00001439216 18 0 0 0 0 18 0
EGAN00001439223 15 0 0 0 0 15 0
EGAN00001439229 20 0 0 0 0 20 0
EGAN00001439230 8 0 0 0 0 8 0
EGAN00001439797 22 0 0 0 0 22 0
EGAN00001440377 17 0 0 0 0 17 0
EGAN00001440389 16 0 0 0 0 16 0
EGAN00001440396 25 0 0 0 0 25 0
EGAN00001440398 4 0 0 0 0 4 0
EGAN00001440407 16 0 0 0 0 16 0
EGAN00001440429 25 0 0 0 0 25 0
EGAN00001440468 15 0 0 0 0 15 0
EGAN00001440476 12 0 0 0 0 12 0
EGAN00001440495 15 0 0 0 0 15 0
EGAN00001440500 24 0 0 0 0 24 0
EGAN00001440514 19 0 0 0 0 19 0
EGAN00001440523 14 0 0 0 0 14 0
EGAN00001440524 22 0 0 0 0 22 0
EGAN00001440539 31 0 0 0 0 31 0
EGAN00001440542 17 0 0 0 0 17 0
EGAN00001440566 21 0 0 0 0 21 0
EGAN00001440641 23 0 0 0 0 23 0
EGAN00001440710 23 0 0 0 0 23 0
EGAN00001440723 19 0 0 0 0 19 0
EGAN00001442167 20 0 0 0 0 20 0
EGAN00001442174 26 0 0 0 0 26 0
EGAN00001442203 20 0 0 0 0 20 0
EGAN00001442204 19 0 0 0 0 19 0
EGAN00001442210 20 0 0 0 0 20 0
EGAN00001442231 19 0 0 0 0 19 0
EGAN00001442238 16 0 0 0 0 16 0
EGAN00001442436 26 0 0 0 0 26 0
EGAN00001442449 29 0 0 0 0 29 0
EGAN00001442458 27 0 0 0 0 27 0
EGAN00001442474 20 0 0 0 0 20 0
EGAN00001442489 12 0 0 0 0 12 0
EGAN00001443772 19 0 0 0 0 19 0
EGAN00001444312 10 0 0 0 0 10 0
EGAN00001444317 24 0 0 0 0 24 0
EGAN00001444318 20 0 0 0 0 20 0
EGAN00001444415 18 0 0 0 0 18 0
EGAN00001444475 26 0 0 0 0 26 0
EGAN00001444482 14 0 0 0 0 14 0
EGAN00001444841 21 0 0 0 0 21 0
EGAN00001444984 17 0 0 0 0 17 0
EGAN00001445004 19 0 0 0 0 19 0
EGAN00001445013 10 0 0 0 1 9 0
EGAN00001445033 18 0 0 0 0 18 0
EGAN00001445043 16 0 0 0 0 16 0
EGAN00001445071 19 0 0 0 0 19 0
EGAN00001445077 21 0 0 0 0 21 0
EGAN00001445079 24 0 0 0 0 24 0
EGAN00001445081 24 0 0 0 0 24 0
EGAN00001445085 16 0 0 0 0 16 0
EGAN00001445454 23 0 0 2 0 21 0
EGAN00001445456 18 0 0 0 0 18 0
EGAN00001445463 16 0 0 0 0 16 0
EGAN00001445494 14 0 0 0 0 14 0
EGAN00001445507 15 0 0 0 0 15 0
EGAN00001445512 14 0 0 0 0 14 0
EGAN00001445521 10 0 0 0 0 10 0
EGAN00001445525 15 0 1 0 0 14 0
EGAN00001446662 22 0 0 0 0 22 0
EGAN00001446688 19 0 0 0 0 19 0
EGAN00001446689 16 0 0 1 0 15 0
EGAN00001446697 10 0 0 0 0 10 0
EGAN00001486675 29 0 0 0 0 29 0
EGAN00001486681 24 0 0 0 0 24 0
EGAN00001486687 27 0 0 0 0 26 1
EGAN00001559552 14 0 0 0 0 14 0
EGAN00001559573 20 0 0 0 0 20 0
EGAN00001559631 16 0 0 0 0 16 0
EGAN00001559637 21 0 0 0 0 21 0
EGAN00001559644 19 0 0 1 0 18 0
EGAN00001559648 21 0 0 0 0 21 0
EGAN00001559656 16 0 0 0 0 16 0
EGAN00001559663 18 0 0 0 1 17 0
EGAN00001559670 22 0 0 0 0 22 0
EGAN00001559678 14 0 0 0 0 14 0
EGAN00001559693 19 0 0 1 0 18 0
EGAN00001559701 15 0 0 0 1 14 0
EGAN00001559716 14 0 0 0 0 14 0
EGAN00001559739 23 0 0 0 0 23 0
EGAN00001559761 17 0 0 0 0 17 0
EGAN00001559766 18 0 0 0 0 18 0
EGAN00001559774 9 0 0 0 0 9 0
EGAN00001559782 17 0 0 0 0 17 0
EGAN00001559799 21 0 0 1 0 20 0
EGAN00001559808 21 0 0 0 0 21 0
EGAN00001559814 14 0 0 0 0 14 0
EGAN00001559826 20 0 0 0 0 20 0
EGAN00001559843 18 0 0 0 0 18 0
EGAN00001559849 19 0 0 0 0 19 0
EGAN00001559881 19 0 0 0 0 19 0
EGAN00001559902 18 0 0 0 0 18 0
EGAN00001559926 20 0 0 0 0 20 0
EGAN00001559933 18 0 0 0 1 17 0
EGAN00001559939 19 0 0 0 0 19 0
EGAN00001559962 25 0 0 0 0 25 0
EGAN00001559967 26 0 0 0 0 26 0
EGAN00001559995 14 0 0 0 0 14 0
EGAN00001560016 12 0 0 0 0 12 0
EGAN00001560034 27 0 0 0 0 27 0
EGAN00001560035 19 0 0 0 0 19 0
EGAN00001560050 19 0 0 0 1 18 0
EGAN00001560052 20 0 0 0 0 20 0
EGAN00001560068 19 0 0 0 0 19 0
EGAN00001560084 25 0 0 0 0 25 0
EGAN00001560085 21 0 0 0 0 21 0
EGAN00001560090 17 0 0 0 0 17 0
EGAN00001560096 31 0 0 0 0 30 1
EGAN00001560098 18 0 0 0 0 18 0
EGAN00001560124 32 0 0 0 0 32 0
EGAN00001560145 35 0 0 0 0 35 0
EGAN00001560153 15 0 0 0 0 15 0
EGAN00001560162 13 0 0 0 0 13 0
EGAN00001560183 12 0 0 0 0 12 0
EGAN00001560192 30 0 0 0 0 30 0
EGAN00001560207 25 0 0 0 0 25 0
EGAN00001560214 14 0 0 0 0 14 0
EGAN00001560218 19 0 0 0 0 19 0
EGAN00001560231 18 0 0 0 0 18 0
EGAN00001560243 17 0 0 0 0 17 0
EGAN00001560269 26 0 0 0 0 26 0
EGAN00001560308 22 0 0 0 0 22 0
EGAN00001560313 20 0 0 0 0 20 0
EGAN00001560314 13 0 0 0 0 13 0
EGAN00001560320 15 0 0 0 0 15 0
EGAN00001560322 30 0 0 0 0 30 0
EGAN00001560332 24 0 0 0 1 23 0
EGAN00001560346 16 0 0 0 0 16 0
EGAN00001560356 24 0 0 0 0 24 0
EGAN00001560362 30 0 0 0 0 30 0
EGAN00001560370 21 0 0 0 0 21 0
EGAN00001560386 23 0 0 0 0 23 0
EGAN00001560396 13 0 0 0 0 13 0
EGAN00001560410 20 0 0 0 0 20 0
EGAN00001560418 18 0 0 0 0 18 0
EGAN00001560424 24 0 0 1 0 23 0
EGAN00001560448 22 0 0 0 0 22 0
EGAN00001560453 24 0 0 0 0 24 0
EGAN00001560464 24 0 0 0 0 24 0
EGAN00001560478 17 0 0 0 0 17 0
EGAN00001560485 18 0 0 0 0 18 0
EGAN00001560513 20 0 0 0 0 20 0
EGAN00001560515 21 0 0 0 0 21 0
EGAN00001560516 13 0 0 0 0 13 0
EGAN00001560524 14 0 0 0 0 14 0
EGAN00001560527 23 0 0 0 0 23 0
EGAN00001560540 24 0 0 0 0 24 0
EGAN00001560547 23 0 0 1 0 22 0
EGAN00001560549 19 0 0 0 0 19 0
EGAN00001560559 25 0 0 0 0 25 0
EGAN00001560583 18 0 0 0 0 18 0
EGAN00001560592 8 0 0 0 0 8 0
EGAN00001560595 14 0 0 0 0 14 0
EGAN00001560606 25 0 0 0 0 25 0
EGAN00001560609 26 0 0 0 0 26 0
EGAN00001560616 22 0 0 0 0 22 0
EGAN00001560633 15 0 0 0 0 15 0
EGAN00001560665 14 0 0 0 0 14 0
EGAN00001560675 18 0 0 0 0 18 0
EGAN00001560686 27 0 0 0 0 27 0
EGAN00001560693 19 0 0 0 0 19 0
EGAN00001560695 14 0 0 0 0 14 0
EGAN00001560708 20 0 0 0 0 20 0
EGAN00001560710 26 0 0 0 1 25 0
EGAN00001560737 17 0 0 0 0 17 0
EGAN00001560738 17 0 0 0 0 17 0
EGAN00001560739 19 0 0 0 0 19 0
EGAN00001560761 18 0 0 0 0 18 0
EGAN00001560769 16 0 0 0 0 16 0
EGAN00001560786 25 0 0 0 0 25 0
EGAN00001560788 23 0 0 0 0 23 0
EGAN00001560813 14 0 0 0 0 14 0
EGAN00001560820 17 0 0 0 0 17 0
EGAN00001560821 21 0 0 0 0 21 0
EGAN00001560824 20 0 0 0 0 20 0
EGAN00001560853 23 0 0 0 0 23 0
EGAN00001560869 19 0 0 0 0 19 0
EGAN00001560889 16 0 0 0 0 16 0
EGAN00001560906 24 0 0 1 0 23 0
EGAN00001560912 12 0 0 0 0 12 0
EGAN00001560929 20 0 0 0 0 20 0
EGAN00001560938 15 0 0 0 0 15 0
EGAN00001560951 24 0 0 0 0 24 0
EGAN00001560966 15 0 0 0 0 15 0
EGAN00001560974 21 0 0 0 0 21 0
EGAN00001560985 27 0 0 0 0 27 0
EGAN00001560994 21 0 0 0 0 21 0
EGAN00001560995 20 0 0 0 0 20 0
EGAN00001561020 19 0 0 0 0 19 0
EGAN00001561055 22 0 0 0 0 22 0
EGAN00001561079 26 0 0 0 0 26 0
EGAN00001561085 19 0 0 0 0 19 0
EGAN00001561103 22 0 0 0 0 22 0
EGAN00001561148 22 0 0 0 0 22 0
EGAN00001561154 21 0 0 0 0 21 0
EGAN00001561172 25 0 0 0 0 25 0
EGAN00001561199 10 0 0 0 0 10 0
EGAN00001561200 16 0 0 0 0 16 0
EGAN00001561201 15 0 0 0 0 15 0
EGAN00001561206 20 0 0 0 0 20 0
EGAN00001561221 13 0 0 0 0 13 0
EGAN00001561231 13 0 0 0 0 13 0
EGAN00001561234 27 0 0 0 0 27 0
EGAN00001561251 20 0 0 0 0 20 0
EGAN00001561252 27 0 0 0 0 27 0
EGAN00001561280 12 0 0 0 0 12 0
EGAN00001561296 22 0 0 0 0 22 0
EGAN00001561299 21 0 0 0 0 21 0
EGAN00001561303 18 0 0 1 0 17 0
EGAN00001561312 25 0 0 0 0 25 0
EGAN00001561373 18 0 0 0 0 18 0
EGAN00001561380 24 0 0 0 0 24 0
EGAN00001561393 11 0 0 0 0 11 0
EGAN00001561406 19 0 0 0 1 18 0
EGAN00001561412 28 0 0 0 0 28 0
EGAN00001561414 24 0 0 0 0 24 0
EGAN00001561425 14 0 0 0 0 14 0
EGAN00001561431 17 0 0 0 0 17 0
EGAN00001561442 20 0 0 0 0 20 0
EGAN00001561448 22 0 0 0 0 22 0
EGAN00001561453 12 0 0 0 0 12 0
EGAN00001561456 22 0 0 0 0 22 0
EGAN00001561458 22 0 0 0 0 22 0
EGAN00001561467 14 0 0 0 0 14 0
EGAN00001561476 24 0 0 0 0 24 0
EGAN00001561503 17 0 0 0 0 17 0
EGAN00001561508 17 0 0 0 0 17 0
EGAN00001561510 20 0 0 1 0 19 0
EGAN00001561542 14 0 0 0 0 14 0
EGAN00001561554 16 0 0 0 0 16 0
EGAN00001569013 20 0 0 0 0 20 0
EGAN00001572904 21 0 0 0 0 21 0
EGAN00001572939 17 0 0 0 0 17 0
EGAN00001575966 21 0 0 0 0 21 0
EGAN00001575982 23 0 0 0 0 23 0
EGAN00001576013 26 0 0 0 0 26 0
EGAN00001576017 24 0 0 0 0 24 0
EGAN00001576033 26 0 0 0 0 26 0
EGAN00001576040 29 0 0 0 0 29 0
EGAN00001576047 17 0 0 0 0 17 0
EGAN00001576056 26 0 0 0 0 26 0
EGAN00001576064 24 0 0 0 0 24 0
EGAN00001576068 28 0 0 0 0 28 0
EGAN00001576070 36 0 0 0 0 36 0
EGAN00001576074 27 0 1 0 0 26 0
EGAN00001576094 23 0 0 0 0 23 0
EGAN00001576100 24 0 0 0 0 24 0
EGAN00001576104 25 0 0 0 0 25 0
EGAN00001576114 16 0 0 0 0 16 0
EGAN00001576126 21 0 0 0 0 21 0
EGAN00001576168 24 0 0 0 0 24 0
EGAN00001576188 22 0 0 0 0 22 0
EGAN00001576205 25 0 0 0 0 25 0
EGAN00001576216 21 0 0 0 0 21 0
EGAN00001576226 24 0 0 0 1 23 0
EGAN00001576240 17 0 0 0 0 17 0
EGAN00001576245 19 0 0 0 0 19 0
EGAN00001576247 13 0 0 0 0 13 0
EGAN00001576249 18 0 0 0 0 18 0
EGAN00001576253 21 0 0 0 0 21 0
EGAN00001576258 26 0 0 0 0 26 0
EGAN00001576264 13 0 0 0 0 13 0
EGAN00001576272 23 0 0 0 0 23 0
EGAN00001576273 21 0 0 0 0 21 0
EGAN00001576277 15 0 0 0 0 15 0
EGAN00001576296 18 0 0 0 0 18 0
EGAN00001576314 22 0 0 0 0 22 0
EGAN00001576321 24 0 0 0 0 24 0
EGAN00001576324 21 0 0 0 0 21 0
EGAN00001576334 21 0 1 0 0 20 0
EGAN00001576367 24 0 0 0 0 24 0
EGAN00001576379 26 0 0 0 0 26 0
EGAN00001576393 14 0 0 0 0 14 0
EGAN00001576415 20 0 0 0 0 20 0
EGAN00001576428 26 0 0 0 0 26 0
EGAN00001576431 26 0 0 0 0 26 0
EGAN00001576439 17 0 0 0 0 17 0
EGAN00001576442 20 0 0 0 0 20 0
EGAN00001576452 15 0 0 0 0 15 0
EGAN00001576459 18 0 0 0 0 18 0
EGAN00001576482 27 0 0 0 0 27 0
EGAN00001576490 28 0 0 0 0 28 0
EGAN00001576502 28 0 0 0 0 28 0
EGAN00001576514 10 0 0 0 0 10 0
EGAN00001576515 21 0 0 0 0 21 0
EGAN00001576553 19 0 0 1 0 18 0
EGAN00001576555 22 0 0 0 0 22 0
EGAN00001576558 19 0 0 0 0 19 0
EGAN00001576566 41 0 0 0 0 41 0
EGAN00001576575 22 0 0 0 0 22 0
EGAN00001576611 15 0 0 0 0 15 0
EGAN00001576639 12 0 0 0 0 12 0
EGAN00001576651 38 0 0 0 0 38 0
EGAN00001576682 21 0 0 0 0 21 0
EGAN00001576692 19 0 0 0 0 19 0
EGAN00001576705 13 0 0 0 0 13 0
EGAN00001576718 16 0 0 0 0 16 0
EGAN00001579169 19 0 0 0 0 19 0
EGAN00001579171 17 0 0 0 0 17 0
EGAN00001583153 23 0 0 0 0 23 0
EGAN00001583162 18 0 0 0 0 18 0
EGAN00001583163 17 0 0 0 1 16 0
EGAN00001583178 16 0 0 0 0 16 0
EGAN00001583180 23 0 0 0 0 23 0
EGAN00001583181 11 0 0 0 0 10 1
EGAN00001583193 13 0 0 0 0 13 0
EGAN00001583197 25 0 0 0 0 25 0
EGAN00001583205 21 0 0 0 0 21 0
EGAN00001583212 21 0 0 0 0 21 0
EGAN00001583219 21 0 0 0 0 21 0
EGAN00001583224 20 0 0 0 0 20 0
EGAN00001583226 19 0 1 0 0 18 0
EGAN00001583243 14 0 0 0 0 14 0
EGAN00001583244 27 0 0 0 0 27 0
EGAN00001583254 18 0 0 0 0 18 0
EGAN00001583261 19 0 0 0 0 19 0
EGAN00001583263 20 0 0 0 0 20 0
EGAN00001583265 25 0 0 0 0 25 0
EGAN00001583284 25 0 0 0 0 25 0
EGAN00001583286 20 0 0 0 0 20 0
EGAN00001583301 25 0 0 0 0 25 0
EGAN00001583306 19 0 0 0 0 19 0
EGAN00001583343 16 0 0 0 0 16 0
EGAN00001583345 23 0 0 0 0 23 0
EGAN00001583356 24 0 0 0 1 23 0
EGAN00001583369 20 0 0 0 0 20 0
EGAN00001583385 14 0 0 0 0 14 0
EGAN00001583389 25 0 0 0 0 25 0
EGAN00001583391 19 0 0 0 0 19 0
EGAN00001583392 20 0 0 0 0 20 0
EGAN00001583412 20 0 0 0 0 20 0
EGAN00001583457 29 0 0 0 0 29 0
EGAN00001583470 22 0 0 0 0 22 0
EGAN00001583494 12 0 0 0 0 12 0
EGAN00001583512 13 0 0 0 0 13 0
EGAN00001583541 18 0 0 0 0 17 1
EGAN00001583549 19 0 0 0 0 19 0
EGAN00001583560 18 0 0 0 0 18 0
EGAN00001583568 15 0 0 0 0 15 0
EGAN00001583572 17 0 0 0 0 17 0
EGAN00001583582 24 0 0 0 0 24 0
EGAN00001583601 30 0 0 0 0 30 0
EGAN00001583605 18 0 0 0 0 18 0
EGAN00001583609 24 0 0 0 0 24 0
EGAN00001583611 17 0 0 0 0 17 0
EGAN00001583640 23 0 0 0 0 23 0
EGAN00001583651 12 0 0 0 0 12 0
EGAN00001583686 22 0 0 0 0 22 0
EGAN00001583692 19 0 0 0 0 19 0
EGAN00001583724 19 0 0 0 0 19 0
EGAN00001583742 25 0 0 0 0 25 0
EGAN00001583765 21 0 0 0 0 21 0
EGAN00001583766 15 0 0 0 0 15 0
EGAN00001583772 13 0 0 0 0 13 0
EGAN00001583814 19 0 0 0 0 19 0
EGAN00001583825 16 0 0 0 0 16 0
EGAN00001583828 23 0 0 0 0 23 0
EGAN00001583831 21 0 0 0 0 21 0
EGAN00001583841 18 0 0 0 0 18 0
EGAN00001583853 26 0 0 0 0 26 0
EGAN00001583858 17 0 0 0 0 17 0
EGAN00001583868 14 0 0 0 0 14 0
EGAN00001583899 21 0 0 0 1 20 0
EGAN00001583921 18 0 0 1 0 17 0
EGAN00001583924 22 0 0 0 0 22 0
EGAN00001583925 5 0 0 0 0 5 0
EGAN00001583933 19 0 0 0 0 19 0
EGAN00001584036 23 0 0 0 0 23 0
EGAN00001584047 17 0 0 0 0 17 0
EGAN00001584049 13 0 0 0 0 13 0
EGAN00001584057 18 0 0 0 0 18 0
EGAN00001584062 20 0 0 0 0 20 0
EGAN00001584081 22 0 0 1 0 21 0
EGAN00001584088 15 0 0 0 0 15 0
EGAN00001584090 19 0 0 0 0 19 0
EGAN00001584093 16 0 0 0 0 16 0
EGAN00001584094 26 0 0 0 0 26 0
EGAN00001584105 20 0 0 0 0 20 0
EGAN00001584106 26 0 0 0 0 26 0
EGAN00001584115 12 0 0 0 0 12 0
EGAN00001584121 20 0 0 0 0 20 0
EGAN00001584137 22 0 0 0 0 22 0
EGAN00001584139 19 0 0 0 0 19 0
EGAN00001584140 28 0 0 0 0 28 0
EGAN00001584144 18 0 0 0 0 18 0
EGAN00001584198 11 0 0 0 0 11 0
EGAN00001584205 9 0 0 0 0 9 0
EGAN00001584210 17 0 0 0 0 17 0
EGAN00001584212 20 0 0 0 0 20 0
EGAN00001584219 25 0 0 0 0 25 0
EGAN00001584226 13 0 0 0 0 13 0
EGAN00001584245 17 0 0 0 0 17 0
EGAN00001584254 22 0 0 0 0 21 1
EGAN00001584279 12 0 0 0 0 12 0
EGAN00001584280 25 0 0 0 0 25 0
EGAN00001584292 23 0 0 0 0 23 0
EGAN00001584299 19 0 0 0 0 19 0
EGAN00001584334 19 0 0 0 0 19 0
EGAN00001584348 26 0 0 0 0 26 0
EGAN00001584355 16 0 0 0 0 16 0
EGAN00001584367 21 0 0 0 0 21 0
EGAN00001584368 20 0 0 0 0 20 0
EGAN00001584369 19 0 0 0 0 19 0
EGAN00001584374 13 0 0 0 0 13 0
EGAN00001584384 14 0 0 0 0 14 0
EGAN00001584389 19 0 0 0 1 18 0
EGAN00001584393 21 0 0 0 0 21 0
EGAN00001584404 15 0 0 0 0 15 0
EGAN00001584410 20 0 0 0 0 20 0
EGAN00001584419 18 0 0 0 0 18 0
EGAN00001584421 22 0 0 0 0 22 0
EGAN00001584426 14 0 0 0 0 14 0
EGAN00001584447 10 0 0 0 0 10 0
EGAN00001584469 23 0 0 0 0 23 0
EGAN00001584470 21 0 0 0 0 21 0
EGAN00001584475 16 0 0 0 0 16 0
EGAN00001584497 21 0 0 0 0 21 0
EGAN00001584525 26 0 0 0 0 26 0
EGAN00001584530 21 0 0 0 0 21 0
EGAN00001584531 20 0 0 0 0 20 0
EGAN00001584562 12 0 0 0 0 12 0
EGAN00001584578 18 0 0 0 0 18 0
EGAN00001584585 15 0 0 0 0 15 0
EGAN00001584587 11 0 0 0 0 11 0
EGAN00001584590 27 0 0 0 0 27 0
EGAN00001584594 30 0 0 0 0 30 0
EGAN00001584621 17 0 0 0 0 17 0
EGAN00001584662 17 0 0 0 0 17 0
EGAN00001584670 18 0 0 0 0 18 0
EGAN00001584681 17 0 0 0 0 17 0
EGAN00001584682 19 0 0 0 0 19 0
EGAN00001584686 23 0 0 0 0 23 0
EGAN00001584695 19 0 0 0 0 19 0
EGAN00001584701 20 0 0 0 0 20 0
EGAN00001584748 14 0 0 0 0 14 0
EGAN00001584752 27 0 0 0 0 27 0
EGAN00001584770 17 0 0 0 0 17 0
EGAN00001584776 18 0 0 0 0 18 0
EGAN00001584789 15 0 0 0 0 15 0
EGAN00001584799 15 0 0 1 0 14 0
EGAN00001584807 29 0 0 0 0 29 0
EGAN00001584818 15 0 0 0 0 15 0
EGAN00001584827 25 0 0 0 0 25 0
EGAN00001584831 21 0 0 0 0 21 0
EGAN00001584844 22 0 0 0 0 22 0
EGAN00001584856 19 0 0 0 0 19 0
EGAN00001584876 15 0 0 0 0 15 0
EGAN00001584878 24 0 0 0 0 24 0
EGAN00001584887 24 0 0 0 0 24 0
EGAN00001584890 16 0 0 0 0 16 0
EGAN00001584902 14 0 0 0 0 14 0
EGAN00001584908 15 0 0 0 0 15 0
EGAN00001584924 18 0 0 0 0 18 0
EGAN00001584927 17 0 0 0 0 17 0
EGAN00001584940 12 0 0 0 0 12 0
EGAN00001584952 24 0 0 0 0 24 0
EGAN00001584966 15 0 0 0 0 15 0
EGAN00001584970 16 0 0 0 0 16 0
EGAN00001584972 11 0 0 0 0 11 0
EGAN00001585037 20 0 0 0 0 20 0
EGAN00001585049 10 0 0 0 0 10 0
EGAN00001585062 20 0 0 0 0 20 0
EGAN00001585083 11 0 0 0 0 11 0
EGAN00001585105 17 0 0 0 0 17 0
EGAN00001585131 22 0 0 0 0 22 0
EGAN00001585136 26 0 0 1 0 25 0
EGAN00001585163 19 0 0 0 0 19 0
EGAN00001585167 17 0 0 0 0 17 0
EGAN00001585175 23 0 0 0 0 23 0
EGAN00001585178 24 0 0 0 0 24 0
EGAN00001585191 20 0 0 0 0 20 0
EGAN00001585193 24 0 0 1 0 23 0
EGAN00001585195 18 0 0 0 0 18 0
EGAN00001585197 13 0 0 0 0 13 0
EGAN00001585198 17 0 0 0 0 17 0
EGAN00001585202 13 0 0 0 0 13 0
EGAN00001585228 23 0 0 0 0 23 0
EGAN00001585231 37 0 0 0 0 37 0
EGAN00001585239 21 0 0 0 0 21 0
EGAN00001585244 22 0 0 0 0 22 0
EGAN00001585262 22 0 0 0 0 22 0
EGAN00001585265 23 0 0 0 0 23 0
EGAN00001585280 20 0 0 0 0 20 0
EGAN00001585318 16 0 0 0 0 16 0
EGAN00001585319 20 0 0 0 0 20 0
EGAN00001585322 23 0 0 0 0 23 0
EGAN00001585328 34 0 0 0 0 34 0
EGAN00001585331 20 0 0 0 0 20 0
EGAN00001585337 18 0 0 0 0 18 0
EGAN00001585349 14 0 0 0 0 14 0
EGAN00001585350 25 0 0 0 0 25 0
EGAN00001585368 21 0 0 0 1 20 0
EGAN00001585387 21 0 0 0 0 21 0
EGAN00001585388 18 0 0 1 0 17 0
EGAN00001585391 17 0 0 0 0 17 0
EGAN00001585393 30 0 0 0 0 30 0
EGAN00001585404 17 0 0 0 0 17 0
EGAN00001585423 19 0 0 0 0 19 0
EGAN00001585439 19 0 0 0 0 19 0
EGAN00001585440 13 0 0 0 0 13 0
EGAN00001585449 24 0 0 0 0 24 0
EGAN00001585462 17 0 0 0 0 17 0
EGAN00001585473 12 0 0 0 0 12 0
EGAN00001585477 13 0 0 0 0 13 0
EGAN00001585491 24 0 0 0 0 24 0
EGAN00001585505 28 0 0 0 0 28 0
EGAN00001585506 16 0 0 0 0 16 0
EGAN00001585507 12 0 0 0 0 12 0
EGAN00001585518 19 0 0 0 0 19 0
EGAN00001585529 23 0 0 1 0 22 0
EGAN00001585530 21 0 0 0 0 21 0
EGAN00001585536 27 0 0 1 0 26 0
EGAN00001585557 14 0 0 0 0 14 0
EGAN00001585560 23 0 0 0 0 23 0
EGAN00001585569 17 0 0 0 0 17 0
EGAN00001585604 13 0 0 0 0 13 0
EGAN00001585621 24 0 0 0 0 24 0
EGAN00001585625 30 0 0 0 0 30 0
EGAN00001585628 19 0 0 0 0 19 0
EGAN00001585629 12 0 0 0 0 12 0
EGAN00001585639 11 0 0 0 0 11 0
EGAN00001585649 25 0 0 0 0 25 0
EGAN00001585650 27 0 0 0 1 26 0
EGAN00001585657 14 0 0 0 0 14 0
EGAN00001585676 19 0 0 0 1 18 0
EGAN00001585681 17 0 0 0 0 17 0
EGAN00001585693 16 0 0 0 0 16 0
EGAN00001585705 16 0 0 0 0 16 0
EGAN00001585726 20 0 0 0 0 20 0
EGAN00001585735 26 0 0 1 0 25 0
EGAN00001585751 16 0 0 0 0 16 0
EGAN00001585755 10 0 0 0 0 10 0
EGAN00001585773 22 0 0 0 0 22 0
EGAN00001585802 19 0 0 0 0 19 0
EGAN00001585821 19 0 0 0 0 19 0
EGAN00001585822 19 0 0 0 0 19 0
EGAN00001585840 20 0 0 0 0 20 0
EGAN00001585842 24 0 0 0 0 24 0
EGAN00001585849 21 0 0 0 0 21 0
EGAN00001585852 11 0 0 0 0 11 0
EGAN00001585857 23 0 0 0 0 23 0
EGAN00001585870 22 0 0 0 0 22 0
EGAN00001585871 20 0 0 0 0 20 0
EGAN00001585884 21 0 0 0 0 21 0
EGAN00001585910 25 0 0 0 0 25 0
EGAN00001585946 20 0 0 0 0 20 0
EGAN00001585953 11 0 0 0 0 11 0
EGAN00001585980 15 0 0 0 0 15 0
EGAN00001585989 15 0 0 0 0 15 0
EGAN00001586004 13 0 0 0 0 13 0
EGAN00001586011 30 0 0 0 0 30 0
EGAN00001586036 18 0 0 0 0 18 0
EGAN00001586045 16 0 0 0 0 16 0
EGAN00001586049 17 0 0 0 0 17 0
EGAN00001586050 17 0 0 0 0 17 0
EGAN00001586055 20 0 0 0 0 20 0
EGAN00001586060 25 0 0 0 0 25 0
EGAN00001586066 19 0 0 0 0 19 0
EGAN00001586069 14 0 0 0 0 14 0
EGAN00001586081 24 0 0 0 1 23 0
EGAN00001586083 19 0 0 0 0 19 0
EGAN00001586104 19 0 0 0 0 19 0
EGAN00001586112 18 0 0 0 0 18 0
EGAN00001586117 27 0 0 0 0 27 0
EGAN00001586125 16 0 0 0 0 16 0
EGAN00001586148 34 0 0 0 0 34 0
EGAN00001586165 19 0 0 0 0 19 0
EGAN00001586175 25 0 0 0 0 24 1
EGAN00001586181 16 0 0 0 0 16 0
EGAN00001586191 22 0 0 0 0 22 0
EGAN00001586205 17 0 0 0 0 17 0
EGAN00001586206 18 0 0 0 0 18 0
EGAN00001599246 11 0 0 0 0 11 0
EGAN00001599251 8 0 0 0 0 8 0
EGAN00001599261 24 0 0 0 0 24 0
EGAN00001599262 12 0 0 0 0 12 0
EGAN00001599270 24 0 0 0 0 24 0
EGAN00001599275 14 0 0 0 0 14 0
EGAN00001599281 19 0 0 0 0 19 0
EGAN00001599290 23 0 0 0 0 23 0
EGAN00001599298 14 0 0 0 0 14 0
EGAN00001599353 24 0 0 0 0 24 0
EGAN00001599360 18 0 0 0 0 18 0
EGAN00001599375 18 0 0 0 0 18 0
EGAN00001599391 31 0 0 0 0 31 0
EGAN00001599393 26 0 0 0 0 26 0
EGAN00001599404 23 0 0 0 0 23 0
EGAN00001599406 11 0 0 0 0 11 0
EGAN00001599407 14 0 0 0 0 14 0
EGAN00001599410 14 0 0 0 0 14 0
EGAN00001599411 11 0 0 0 0 11 0
EGAN00001599421 19 0 0 0 0 19 0
EGAN00001599432 21 0 0 0 0 21 0
EGAN00001599445 25 0 0 0 0 25 0
EGAN00001599448 17 0 0 0 0 17 0
EGAN00001599449 15 0 0 0 0 15 0
EGAN00001599452 16 0 0 0 0 16 0
EGAN00001599455 25 0 0 1 0 24 0
EGAN00001599456 23 0 0 0 0 23 0
EGAN00001599457 19 0 0 0 0 19 0
EGAN00001599461 25 0 0 0 0 25 0
EGAN00001599480 23 0 0 0 0 23 0
EGAN00001599501 27 0 0 0 0 27 0
EGAN00001599506 17 0 0 0 0 17 0
EGAN00001599542 17 0 0 0 0 17 0
EGAN00001599555 18 0 0 0 0 18 0
EGAN00001599567 19 0 0 0 0 19 0
EGAN00001599576 21 0 0 0 0 21 0
EGAN00001599593 18 0 0 0 1 17 0
EGAN00001599599 22 0 0 0 0 22 0
EGAN00001599625 23 0 0 0 0 23 0
EGAN00001599637 18 0 0 0 0 18 0
EGAN00001599655 35 0 0 0 0 35 0
EGAN00001599686 22 0 0 0 0 21 1
EGAN00001599694 18 0 0 0 0 18 0
EGAN00001599696 21 0 0 0 0 21 0
EGAN00001599700 14 0 0 0 0 14 0
EGAN00001599703 21 0 0 0 0 21 0
EGAN00001599711 14 0 0 0 0 14 0
EGAN00001599722 22 0 0 0 0 22 0
EGAN00001599749 17 0 0 0 0 17 0
EGAN00001599760 18 0 0 0 0 18 0
EGAN00001599774 17 0 0 0 0 17 0
EGAN00001599777 25 0 0 0 0 25 0
EGAN00001599780 20 0 0 0 0 20 0
EGAN00001599802 14 0 0 0 0 14 0
EGAN00001599817 15 0 0 0 0 15 0
EGAN00001599825 23 0 0 0 0 23 0
EGAN00001599870 20 0 0 0 0 20 0
EGAN00001599876 11 0 0 0 0 11 0
EGAN00001599887 20 0 0 0 0 20 0
EGAN00001599896 23 0 0 0 1 22 0
EGAN00001599904 23 0 0 0 0 23 0
EGAN00001599915 17 0 0 0 0 17 0
EGAN00001599917 12 0 0 0 0 12 0
EGAN00001599932 17 0 0 0 0 17 0
EGAN00001671033 18 0 0 0 0 18 0
EGAN00001671807 27 0 0 0 0 27 0
EGAN00001671828 29 0 0 0 0 29 0
EGAN00001671840 13 0 0 0 0 13 0
EGAN00001671857 20 0 0 0 0 20 0
EGAN00001671875 20 0 0 0 0 20 0
EGAN00001671876 15 0 0 0 0 15 0
EGAN00001671878 22 0 0 0 0 22 0
EGAN00001671882 12 0 0 0 0 12 0
EGAN00001671919 25 0 0 0 0 25 0
EGAN00001671924 20 0 0 0 0 20 0
EGAN00001671928 17 0 0 0 0 17 0
EGAN00001671936 11 0 0 0 0 11 0
EGAN00001671948 17 0 0 0 0 17 0
EGAN00001671983 14 0 0 0 0 14 0
EGAN00001671999 16 0 0 0 0 16 0
EGAN00001672009 16 0 0 0 0 16 0
EGAN00001672013 17 0 0 0 0 17 0
EGAN00001672017 9 0 0 0 0 9 0
EGAN00001672025 19 0 0 0 0 19 0
EGAN00001672026 16 0 0 0 1 15 0
EGAN00001672054 26 0 0 0 0 26 0
EGAN00001672062 16 0 0 0 0 16 0
EGAN00001672074 15 0 0 0 0 15 0
EGAN00001672084 18 0 0 0 0 18 0
EGAN00001672093 18 0 0 0 0 18 0
EGAN00001672100 17 0 0 0 0 17 0
EGAN00001672104 14 0 0 0 0 14 0
EGAN00001672114 28 0 0 0 0 28 0
EGAN00001672116 12 0 0 0 0 12 0
EGAN00001672124 10 0 0 0 0 10 0
EGAN00001672126 18 0 0 0 0 18 0
EGAN00001672134 19 0 0 0 0 19 0
EGAN00001672147 26 0 0 0 0 26 0
EGAN00001672148 16 0 0 0 0 16 0
EGAN00001672152 12 0 1 0 0 11 0
EGAN00001672156 20 0 0 0 0 20 0
EGAN00001672161 19 0 0 0 0 19 0
EGAN00001672165 15 0 0 0 0 15 0
EGAN00001672169 23 0 0 0 0 23 0
EGAN00001672173 15 0 0 0 0 15 0
EGAN00001672178 21 0 0 0 0 21 0
EGAN00001672183 22 0 0 0 0 22 0
EGAN00001672190 28 0 0 0 0 28 0
EGAN00001672197 23 0 0 0 0 23 0
EGAN00001672210 14 0 0 0 0 14 0
EGAN00001672232 18 0 0 0 0 18 0
EGAN00001672243 24 0 0 0 0 24 0
EGAN00001672284 18 0 0 0 0 18 0
EGAN00001672288 16 0 0 0 0 16 0
EGAN00001672308 13 0 0 0 0 13 0
EGAN00001672316 9 0 0 0 0 9 0
EGAN00001672322 16 0 0 0 0 16 0
EGAN00001672330 20 0 0 0 0 20 0
EGAN00001672333 25 0 0 0 0 25 0
EGAN00001672334 14 0 0 0 0 14 0
EGAN00001672345 17 0 0 0 0 17 0
EGAN00001672354 21 0 0 0 0 21 0
EGAN00001672363 18 0 0 0 0 18 0
EGAN00001672376 18 0 0 0 0 18 0
EGAN00001672378 23 0 0 0 0 23 0
EGAN00001672383 12 0 0 0 0 12 0
EGAN00001672411 14 0 0 0 0 14 0
EGAN00001672428 19 0 0 0 0 19 0
EGAN00001672439 30 0 0 0 0 30 0
EGAN00001672452 20 0 0 0 0 20 0
EGAN00001672457 8 0 0 0 0 8 0
EGAN00001672462 22 0 0 0 0 22 0
EGAN00001672511 12 0 0 0 0 12 0
EGAN00001672536 19 0 0 0 0 19 0
EGAN00001672538 18 0 0 0 0 18 0
EGAN00001672542 21 0 0 0 0 21 0
EGAN00001672553 20 0 0 0 0 20 0
EGAN00001672554 16 0 0 0 0 16 0
EGAN00001672565 23 0 0 0 0 23 0
EGAN00001672572 15 0 0 0 0 15 0
EGAN00001672578 18 0 0 0 0 18 0
EGAN00001672580 14 0 0 0 0 14 0
EGAN00001672585 21 0 0 0 1 20 0
EGAN00001672593 17 0 0 0 0 17 0
EGAN00001672597 19 0 0 0 0 19 0
EGAN00001672601 14 0 0 0 0 14 0
EGAN00001672631 25 0 0 0 0 25 0
EGAN00001672646 27 0 0 0 0 27 0
EGAN00001672651 20 0 0 0 0 20 0
EGAN00001672675 9 0 0 0 0 9 0
EGAN00001672687 17 0 0 0 0 17 0
EGAN00001672714 42 0 0 0 0 42 0
EGAN00001672719 23 0 0 0 0 23 0
EGAN00001672736 15 0 0 0 0 15 0
EGAN00001672744 18 0 0 0 0 18 0
EGAN00001672745 22 0 0 0 0 22 0
EGAN00001672751 15 0 0 0 0 15 0
EGAN00001672763 19 0 0 1 0 18 0
EGAN00001672783 8 0 0 0 0 8 0
EGAN00001672790 18 0 0 0 0 18 0
EGAN00001672794 18 0 0 0 1 17 0
EGAN00001672797 15 0 0 0 0 15 0
EGAN00001672813 18 0 0 0 0 18 0
EGAN00001672820 25 0 0 0 0 25 0
EGAN00001672833 20 0 0 0 0 20 0
EGAN00001672839 20 0 0 0 0 20 0
EGAN00001672848 16 0 0 0 0 16 0
EGAN00001672870 24 0 0 0 0 24 0
EGAN00001672873 16 0 0 0 0 16 0
EGAN00001672877 28 0 0 1 1 26 0
EGAN00001672886 24 0 0 0 1 23 0
EGAN00001672896 20 0 0 0 0 20 0
EGAN00001672914 18 0 0 0 0 18 0
EGAN00001672923 21 0 0 0 0 21 0
EGAN00001672926 14 0 0 0 0 14 0
EGAN00001672930 16 0 0 0 0 16 0
EGAN00001672933 20 0 0 0 0 20 0
EGAN00001672940 20 0 0 0 0 20 0
EGAN00001672947 20 0 0 0 0 20 0
EGAN00001672969 20 0 0 0 0 20 0
EGAN00001672988 14 0 0 0 0 14 0
EGAN00001673014 20 0 0 0 0 20 0
EGAN00001673075 16 0 0 0 0 16 0
EGAN00001673103 19 0 0 0 0 19 0
EGAN00001673106 19 0 0 0 0 19 0
EGAN00001673115 15 0 0 0 0 15 0
EGAN00001673116 14 0 0 0 0 14 0
EGAN00001673128 32 0 0 0 0 32 0
EGAN00001673142 19 0 0 0 0 19 0
EGAN00001673167 23 0 0 0 0 23 0
EGAN00001673209 20 0 0 0 0 20 0
EGAN00001673245 21 0 0 0 0 21 0
EGAN00001673252 15 0 0 0 0 15 0
EGAN00001673257 22 0 0 0 1 21 0
EGAN00001673263 22 0 0 0 0 22 0
EGAN00001673285 16 0 0 0 1 15 0
EGAN00001673292 28 0 0 0 0 28 0
EGAN00001673302 18 0 0 0 0 18 0
EGAN00001673321 20 0 0 0 0 20 0
EGAN00001673329 30 0 0 0 0 30 0
EGAN00001673335 22 0 1 0 0 21 0
EGAN00001673347 10 0 0 0 0 10 0
EGAN00001673371 25 0 0 0 0 25 0
EGAN00001673418 12 0 0 0 0 12 0
EGAN00001673422 23 0 0 0 0 23 0
EGAN00001673446 30 0 0 0 0 30 0
EGAN00001673458 16 0 0 0 0 16 0
EGAN00001673521 22 0 0 0 0 22 0
EGAN00001673523 29 0 0 0 0 29 0
EGAN00001673532 20 0 0 0 0 20 0
EGAN00001673562 20 0 1 0 0 19 0
EGAN00001673578 16 0 0 0 0 16 0
EGAN00001673580 21 0 0 0 0 21 0
EGAN00001673583 27 0 0 0 0 27 0
EGAN00001673597 25 0 0 0 0 25 0
EGAN00001673607 15 0 0 0 0 15 0
EGAN00001673611 24 0 0 0 0 24 0
EGAN00001673632 28 0 0 0 0 28 0
EGAN00001673637 19 0 0 0 0 19 0
EGAN00001673670 12 0 0 0 0 12 0
EGAN00001673677 16 0 0 0 0 16 0
EGAN00001673693 19 0 0 0 0 19 0
EGAN00001673700 16 0 0 0 0 16 0
EGAN00001673727 17 0 0 0 0 17 0
EGAN00001673751 30 0 0 0 0 30 0
EGAN00001673782 20 0 0 0 0 20 0
EGAN00001673804 14 0 0 0 0 14 0
EGAN00001673810 18 0 0 0 0 18 0
EGAN00001730343 14 0 0 0 0 14 0
EGAN00001730397 17 0 0 0 0 17 0
EGAN00001730410 20 0 0 0 0 20 0
EGAN00001730434 20 0 0 0 0 20 0
EGAN00001730447 18 0 0 0 0 18 0
EGAN00001730450 16 0 0 0 0 16 0
EGAN00001730455 22 0 0 0 0 22 0
EGAN00001730460 22 0 0 0 0 22 0
EGAN00001730488 20 0 0 0 0 20 0
EGAN00001730502 21 0 0 0 0 21 0
EGAN00001730503 23 0 0 0 0 23 0
EGAN00001730521 17 0 0 0 0 17 0
EGAN00001730523 18 0 0 0 0 18 0
EGAN00001730529 18 0 0 0 0 18 0
EGAN00001740624 18 0 0 0 0 18 0
EGAN00001740630 17 0 0 0 0 17 0
EGAN00001740633 15 0 0 0 0 15 0
EGAN00001740634 17 0 0 0 0 17 0
EGAN00001740641 26 0 0 0 0 26 0
EGAN00001740654 21 0 0 0 1 20 0
EGAN00001740657 14 0 0 0 0 14 0
EGAN00001740658 16 0 0 0 0 16 0
EGAN00001740673 18 0 0 0 0 18 0
EGAN00001740680 23 0 0 0 0 23 0
EGAN00001740686 19 0 0 0 0 19 0
EGAN00001740691 19 0 0 0 0 19 0
EGAN00001740692 13 0 0 0 0 13 0
EGAN00001740695 15 0 0 0 0 15 0
EGAN00001740700 17 0 0 0 0 17 0
EGAN00001740704 8 0 0 0 0 8 0
EGAN00001740742 15 0 0 0 0 15 0
EGAN00001740752 27 0 0 0 0 27 0
EGAN00001740772 19 0 0 0 0 19 0
EGAN00001740774 17 0 0 0 0 17 0
EGAN00001740796 17 0 0 0 0 17 0
EGAN00001740797 21 0 0 0 0 21 0
EGAN00001740802 18 0 0 0 0 18 0
EGAN00001740806 22 0 0 0 0 22 0
EGAN00001740827 18 0 0 0 0 18 0
EGAN00001740848 13 0 0 0 0 13 0
EGAN00001740858 12 0 0 0 0 12 0
EGAN00001740884 18 0 0 0 0 18 0
EGAN00001740885 20 0 0 0 0 20 0
EGAN00001740904 11 0 0 0 0 11 0
EGAN00001740906 10 0 0 0 0 10 0
EGAN00001740907 19 0 0 0 0 19 0
EGAN00001740918 18 0 0 0 0 18 0
EGAN00001740921 26 0 0 0 0 26 0
EGAN00001740927 25 0 0 0 0 25 0
EGAN00001740932 20 0 0 0 0 20 0
EGAN00001740944 22 0 0 0 0 22 0
EGAN00001740955 21 0 0 0 0 21 0
EGAN00001740957 10 0 0 0 0 10 0
EGAN00001740967 23 0 0 0 0 23 0
EGAN00001740970 24 0 0 0 0 24 0
EGAN00001740973 15 0 0 0 0 15 0
EGAN00001740978 21 0 0 0 0 21 0
EGAN00001740988 15 0 0 0 0 15 0
EGAN00001741035 22 0 0 0 1 21 0
EGAN00001741056 18 0 0 0 0 18 0
EGAN00001741057 24 0 0 0 0 24 0
EGAN00001741066 27 0 0 0 0 27 0
EGAN00001741073 11 0 0 0 0 11 0
EGAN00001741075 22 0 0 0 0 22 0
EGAN00001741087 10 0 0 0 0 10 0
EGAN00001741090 18 0 0 0 0 18 0
EGAN00001741093 19 0 0 0 0 19 0
EGAN00001741099 19 0 0 0 0 19 0
EGAN00001741107 17 0 0 0 0 17 0
EGAN00001741120 19 0 0 0 0 19 0
EGAN00001741122 15 0 0 0 0 15 0
EGAN00001741140 20 0 0 0 0 20 0
EGAN00001741150 17 0 0 0 0 17 0
EGAN00001741154 15 0 0 0 0 15 0
EGAN00001797988 18 0 0 0 0 18 0
EGAN00001797994 20 0 0 0 0 20 0
EGAN00001797996 21 0 0 0 0 21 0
EGAN00001798007 18 0 0 0 0 18 0
EGAN00001798008 19 0 0 0 0 19 0
EGAN00001798021 11 0 0 0 0 11 0
EGAN00001798030 15 0 0 0 0 15 0
EGAN00001798074 17 0 0 0 0 17 0
EGAN00001798091 18 0 0 0 0 18 0
EGAN00001798092 22 0 0 0 0 22 0
EGAN00001798104 7 0 0 0 0 7 0
EGAN00001798154 13 0 0 0 0 13 0
EGAN00001798162 22 0 0 0 0 22 0
EGAN00001798177 23 0 0 0 0 23 0
EGAN00001798191 33 0 0 0 0 33 0
EGAN00001798203 17 0 0 0 0 17 0
EGAN00001798255 20 0 0 0 0 20 0
EGAN00001798262 19 0 0 0 0 19 0
EGAN00001798269 21 0 0 0 0 21 0
EGAN00001798282 17 0 0 0 0 17 0
EGAN00001798285 24 0 0 0 0 24 0
EGAN00001798300 17 0 0 0 0 17 0
EGAN00001798317 14 0 0 0 0 14 0
EGAN00001798327 30 0 0 0 0 30 0
EGAN00001798330 13 0 0 0 0 13 0
EGAN00001798339 19 0 0 0 0 19 0
EGAN00001798342 13 0 0 0 0 13 0
EGAN00001798347 21 0 0 0 0 21 0
EGAN00001798348 19 0 0 0 0 19 0
EGAN00001798351 23 0 0 0 0 23 0
EGAN00001798359 17 0 0 0 0 17 0
EGAN00001798360 17 0 0 0 0 17 0
EGAN00001798367 17 0 0 0 0 17 0
EGAN00001798381 18 0 0 0 0 18 0
EGAN00001798382 20 0 0 0 0 20 0
EGAN00001798397 18 0 0 0 0 18 0
EGAN00001798404 22 0 0 0 0 22 0
EGAN00001798412 22 0 0 0 0 22 0
EGAN00001798435 16 0 0 0 0 16 0
EGAN00001798443 11 0 0 0 0 11 0
EGAN00001798445 13 0 0 0 0 13 0
EGAN00001798453 20 0 0 0 0 20 0
EGAN00001798480 23 0 0 0 0 23 0
EGAN00001798482 12 0 0 0 0 12 0
EGAN00001798483 19 0 0 0 0 19 0
EGAN00001798484 18 0 0 0 0 18 0
EGAN00001798492 22 0 0 0 0 22 0
EGAN00001798495 26 0 0 0 0 26 0
EGAN00001798498 15 0 0 0 0 15 0
EGAN00001798506 22 0 0 0 0 22 0
EGAN00001798511 18 0 0 0 0 18 0
EGAN00001798521 22 0 0 0 0 22 0
EGAN00001798534 17 0 0 0 0 17 0
EGAN00001798550 15 0 0 0 0 15 0
EGAN00001798551 19 0 0 0 0 19 0
EGAN00001798564 17 0 0 0 0 17 0
EGAN00001798565 27 0 0 0 0 27 0
EGAN00001798570 23 0 0 0 0 23 0
EGAN00001798574 16 0 0 0 0 16 0
EGAN00001798607 24 0 0 0 0 24 0
EGAN00001798625 24 0 0 0 0 24 0
EGAN00001798626 19 0 0 0 0 19 0
EGAN00001798632 16 0 0 0 0 16 0
EGAN00001798647 14 0 0 0 0 14 0
EGAN00001798653 14 0 0 0 0 14 0
EGAN00001798666 22 0 0 0 0 22 0
EGAN00001798669 8 0 0 0 0 8 0
EGAN00001798695 16 0 0 0 0 16 0
EGAN00001798708 18 0 0 0 0 18 0
EGAN00001830726 14 0 0 0 0 14 0
EGAN00001830730 13 0 0 0 0 13 0
EGAN00001830735 13 0 0 0 0 13 0
EGAN00001830736 20 0 0 0 0 20 0
EGAN00001830748 22 0 0 0 0 22 0
EGAN00001830757 27 0 0 0 0 27 0
EGAN00001830766 15 0 0 0 0 15 0
EGAN00001830784 14 0 0 0 0 14 0
EGAN00001830804 15 0 1 0 0 14 0
EGAN00001830806 15 0 0 0 0 15 0
EGAN00001830813 16 0 0 0 0 16 0
EGAN00001830822 12 0 0 0 0 12 0
EGAN00001830825 18 0 0 0 0 18 0
EGAN00001830830 14 0 0 0 0 14 0
EGAN00001830831 10 0 0 0 0 10 0
EGAN00001830836 24 0 0 0 0 24 0
EGAN00001830837 15 0 0 0 0 15 0
EGAN00001830839 19 0 0 0 0 19 0
EGAN00001830844 13 0 0 0 0 13 0
EGAN00001830849 17 0 0 0 0 17 0
EGAN00001830870 25 0 0 0 0 25 0
EGAN00001830878 20 0 0 0 0 20 0
EGAN00001830880 12 0 0 0 0 12 0
EGAN00001830882 25 0 0 0 0 25 0
EGAN00001830889 17 0 0 0 0 17 0
EGAN00001830896 18 0 0 0 0 18 0
EGAN00001830921 22 0 0 0 0 22 0
EGAN00001830930 13 0 0 0 0 13 0
EGAN00001830942 19 0 0 0 0 19 0
EGAN00001830943 16 0 0 0 0 16 0
EGAN00001830956 24 0 0 0 0 24 0
EGAN00001830959 17 0 0 0 0 17 0
