Sample Depth = A C G T N
EGAN00001008152 29 0 0 29 0 0 0
EGAN00001008240 23 0 0 23 0 0 0
EGAN00001008480 18 0 0 18 0 0 0
EGAN00001021279 29 0 0 29 0 0 0
EGAN00001021287 37 0 0 37 0 0 0
EGAN00001021349 25 0 0 25 0 0 0
EGAN00001021460 10 0 1 9 0 0 0
EGAN00001021482 20 0 0 20 0 0 0
EGAN00001021497 17 0 0 17 0 0 0
EGAN00001021529 27 0 0 27 0 0 0
EGAN00001021566 20 0 0 20 0 0 0
EGAN00001021591 19 0 0 19 0 0 0
EGAN00001021602 22 0 0 22 0 0 0
EGAN00001021616 33 0 0 33 0 0 0
EGAN00001021618 24 0 0 24 0 0 0
EGAN00001021722 27 0 0 27 0 0 0
EGAN00001021724 26 0 0 26 0 0 0
EGAN00001021747 26 0 0 26 0 0 0
EGAN00001021767 29 0 0 29 0 0 0
EGAN00001021773 16 0 0 16 0 0 0
EGAN00001021774 26 0 0 26 0 0 0
EGAN00001021779 22 0 0 21 0 1 0
EGAN00001021807 17 0 0 17 0 0 0
EGAN00001021818 21 0 0 21 0 0 0
EGAN00001021838 31 0 0 31 0 0 0
EGAN00001021842 24 0 0 24 0 0 0
EGAN00001021852 14 0 0 14 0 0 0
EGAN00001021861 23 0 0 23 0 0 0
EGAN00001021877 29 0 0 29 0 0 0
EGAN00001021992 22 0 0 21 0 1 0
EGAN00001021995 23 0 0 23 0 0 0
EGAN00001022009 33 0 1 32 0 0 0
EGAN00001022024 15 0 0 15 0 0 0
EGAN00001022028 15 0 0 15 0 0 0
EGAN00001022070 26 0 0 26 0 0 0
EGAN00001022071 22 0 0 22 0 0 0
EGAN00001022073 25 0 0 25 0 0 0
EGAN00001022269 25 0 0 25 0 0 0
EGAN00001022287 23 0 0 23 0 0 0
EGAN00001022694 20 0 0 20 0 0 0
EGAN00001022728 21 0 0 21 0 0 0
EGAN00001022747 25 0 0 25 0 0 0
EGAN00001022776 24 0 0 24 0 0 0
EGAN00001022786 16 0 0 16 0 0 0
EGAN00001022788 23 0 0 23 0 0 0
EGAN00001022798 18 0 0 18 0 0 0
EGAN00001022907 5 0 0 5 0 0 0
EGAN00001022925 32 0 0 32 0 0 0
EGAN00001022928 12 0 0 12 0 0 0
EGAN00001022933 31 0 0 31 0 0 0
EGAN00001022944 13 0 0 13 0 0 0
EGAN00001022965 22 0 0 22 0 0 0
EGAN00001022970 13 0 0 13 0 0 0
EGAN00001022976 24 0 0 24 0 0 0
EGAN00001022977 12 0 0 12 0 0 0
EGAN00001022985 29 0 0 29 0 0 0
EGAN00001022994 26 0 0 26 0 0 0
EGAN00001022999 19 0 0 19 0 0 0
EGAN00001023013 7 0 0 7 0 0 0
EGAN00001023048 27 0 0 27 0 0 0
EGAN00001023052 17 0 0 17 0 0 0
EGAN00001023062 13 0 0 13 0 0 0
EGAN00001023065 25 0 0 25 0 0 0
EGAN00001023090 16 0 0 16 0 0 0
EGAN00001023109 16 0 0 16 0 0 0
EGAN00001023113 20 0 0 20 0 0 0
EGAN00001023144 25 0 0 25 0 0 0
EGAN00001023149 23 0 0 23 0 0 0
EGAN00001023165 25 0 0 25 0 0 0
EGAN00001023440 19 0 0 19 0 0 0
EGAN00001023443 21 0 0 21 0 0 0
EGAN00001023451 15 0 0 15 0 0 0
EGAN00001023536 24 0 0 24 0 0 0
EGAN00001024052 25 0 0 24 1 0 0
EGAN00001024169 16 0 0 16 0 0 0
EGAN00001024175 21 0 0 21 0 0 0
EGAN00001024242 23 0 0 23 0 0 0
EGAN00001024268 21 0 0 21 0 0 0
EGAN00001024339 21 0 0 21 0 0 0
EGAN00001025821 27 0 0 27 0 0 0
EGAN00001025877 23 0 0 23 0 0 0
EGAN00001026203 26 0 0 26 0 0 0
EGAN00001026429 24 0 0 24 0 0 0
EGAN00001026576 26 0 0 26 0 0 0
EGAN00001026589 24 0 0 24 0 0 0
EGAN00001026598 26 0 0 26 0 0 0
EGAN00001026629 32 0 0 32 0 0 0
EGAN00001026694 22 0 0 22 0 0 0
EGAN00001026814 31 0 0 30 0 1 0
EGAN00001027202 38 0 0 38 0 0 0
EGAN00001027204 23 0 0 23 0 0 0
EGAN00001027205 20 0 0 20 0 0 0
EGAN00001027212 25 0 0 25 0 0 0
EGAN00001027340 19 0 0 19 0 0 0
EGAN00001027395 23 0 0 23 0 0 0
EGAN00001027418 22 0 1 21 0 0 0
EGAN00001027453 29 0 0 29 0 0 0
EGAN00001027462 28 0 0 28 0 0 0
EGAN00001027463 25 0 0 25 0 0 0
EGAN00001027475 26 0 0 26 0 0 0
EGAN00001027505 17 0 0 17 0 0 0
EGAN00001027540 16 0 0 16 0 0 0
EGAN00001073920 20 0 0 20 0 0 0
EGAN00001073921 27 0 0 27 0 0 0
EGAN00001073922 15 0 0 15 0 0 0
EGAN00001074781 45 0 0 45 0 0 0
EGAN00001074834 23 0 0 23 0 0 0
EGAN00001074854 21 0 0 21 0 0 0
EGAN00001074864 24 0 0 24 0 0 0
EGAN00001074869 29 0 0 29 0 0 0
EGAN00001074873 29 0 0 29 0 0 0
EGAN00001074875 17 0 0 17 0 0 0
EGAN00001079317 14 0 0 14 0 0 0
EGAN00001079328 14 0 0 14 0 0 0
EGAN00001079401 20 0 0 20 0 0 0
EGAN00001079414 18 0 0 18 0 0 0
EGAN00001079479 19 0 0 19 0 0 0
EGAN00001079481 30 0 0 30 0 0 0
EGAN00001079505 21 0 0 21 0 0 0
EGAN00001079506 29 0 0 29 0 0 0
EGAN00001079561 34 0 0 34 0 0 0
EGAN00001079572 15 0 0 15 0 0 0
EGAN00001079662 25 0 0 25 0 0 0
EGAN00001079666 11 0 0 11 0 0 0
EGAN00001079696 20 0 0 20 0 0 0
EGAN00001079780 15 0 0 15 0 0 0
EGAN00001080216 22 0 0 22 0 0 0
EGAN00001080226 16 0 0 16 0 0 0
EGAN00001240157 16 0 0 16 0 0 0
EGAN00001240272 26 0 0 26 0 0 0
EGAN00001240612 21 0 0 21 0 0 0
EGAN00001240628 16 0 0 16 0 0 0
EGAN00001240764 14 0 0 14 0 0 0
EGAN00001240779 11 0 0 11 0 0 0
EGAN00001240905 17 0 0 17 0 0 0
EGAN00001241156 13 0 0 13 0 0 0
EGAN00001241214 22 0 1 21 0 0 0
EGAN00001241247 24 0 0 24 0 0 0
EGAN00001241334 16 0 0 16 0 0 0
EGAN00001241394 20 0 0 20 0 0 0
EGAN00001241506 17 0 0 17 0 0 0
EGAN00001241817 15 0 0 15 0 0 0
EGAN00001241861 24 0 0 24 0 0 0
EGAN00001241906 19 0 0 19 0 0 0
EGAN00001241963 28 0 0 28 0 0 0
EGAN00001241982 20 0 0 20 0 0 0
EGAN00001242082 15 0 0 15 0 0 0
EGAN00001242253 18 0 1 17 0 0 0
EGAN00001242280 17 0 1 16 0 0 0
EGAN00001242309 22 0 0 22 0 0 0
EGAN00001242516 29 0 1 28 0 0 0
EGAN00001242562 16 0 0 16 0 0 0
EGAN00001242628 29 0 0 29 0 0 0
EGAN00001242652 28 0 0 28 0 0 0
EGAN00001242720 15 0 0 15 0 0 0
EGAN00001242723 25 0 0 25 0 0 0
EGAN00001242952 17 0 0 17 0 0 0
EGAN00001243036 21 0 0 21 0 0 0
EGAN00001243053 20 0 0 20 0 0 0
EGAN00001243054 21 0 0 20 0 0 1
EGAN00001243109 25 0 0 25 0 0 0
EGAN00001243140 24 0 0 24 0 0 0
EGAN00001243144 33 0 0 33 0 0 0
EGAN00001243226 20 0 0 20 0 0 0
EGAN00001243294 22 0 0 22 0 0 0
EGAN00001243323 19 0 0 19 0 0 0
EGAN00001243343 20 0 0 20 0 0 0
EGAN00001243402 18 0 0 18 0 0 0
EGAN00001243503 14 0 0 14 0 0 0
EGAN00001243681 15 0 0 15 0 0 0
EGAN00001243731 21 0 0 21 0 0 0
EGAN00001243755 31 0 0 31 0 0 0
EGAN00001243780 13 0 0 13 0 0 0
EGAN00001243786 19 0 0 19 0 0 0
EGAN00001243946 30 0 0 30 0 0 0
EGAN00001244068 26 0 0 26 0 0 0
EGAN00001244108 23 0 0 23 0 0 0
EGAN00001244157 23 0 0 23 0 0 0
EGAN00001244308 22 0 0 22 0 0 0
EGAN00001244475 22 0 0 21 0 1 0
EGAN00001244572 29 0 0 29 0 0 0
EGAN00001244592 15 0 0 15 0 0 0
EGAN00001244659 19 0 0 19 0 0 0
EGAN00001244730 27 0 0 27 0 0 0
EGAN00001244763 31 0 0 31 0 0 0
EGAN00001244776 31 0 0 31 0 0 0
EGAN00001245103 29 0 0 29 0 0 0
EGAN00001245122 27 0 0 27 0 0 0
EGAN00001245134 21 0 0 21 0 0 0
EGAN00001245179 13 0 0 13 0 0 0
EGAN00001245323 16 0 0 16 0 0 0
EGAN00001245434 20 0 0 20 0 0 0
EGAN00001245840 27 0 0 27 0 0 0
EGAN00001246009 22 0 0 22 0 0 0
EGAN00001246021 15 0 0 15 0 0 0
EGAN00001246023 31 0 0 31 0 0 0
EGAN00001246063 18 0 0 18 0 0 0
EGAN00001246077 24 0 0 24 0 0 0
EGAN00001246246 21 0 0 21 0 0 0
EGAN00001246783 26 0 0 26 0 0 0
EGAN00001247049 22 0 0 22 0 0 0
EGAN00001247152 13 0 0 13 0 0 0
EGAN00001247246 30 0 1 29 0 0 0
EGAN00001247313 21 0 0 21 0 0 0
EGAN00001247500 19 0 0 19 0 0 0
EGAN00001247568 14 0 0 14 0 0 0
EGAN00001247658 20 0 0 20 0 0 0
EGAN00001247674 13 0 0 13 0 0 0
EGAN00001247681 13 0 0 13 0 0 0
EGAN00001267728 25 0 0 25 0 0 0
EGAN00001267991 12 0 0 12 0 0 0
EGAN00001277294 29 0 0 29 0 0 0
EGAN00001277295 20 0 0 20 0 0 0
EGAN00001385049 20 0 0 20 0 0 0
EGAN00001385050 16 0 0 16 0 0 0
EGAN00001385053 24 0 1 23 0 0 0
EGAN00001385060 16 0 0 16 0 0 0
EGAN00001385062 14 0 0 14 0 0 0
EGAN00001385083 21 0 0 21 0 0 0
EGAN00001385135 21 0 0 21 0 0 0
EGAN00001385146 20 0 0 20 0 0 0
EGAN00001385155 20 0 0 20 0 0 0
EGAN00001385160 30 0 0 30 0 0 0
EGAN00001385169 21 0 0 21 0 0 0
EGAN00001385173 16 0 0 15 0 1 0
EGAN00001385177 28 0 0 28 0 0 0
EGAN00001385180 17 0 0 17 0 0 0
EGAN00001385182 33 0 0 33 0 0 0
EGAN00001385184 21 0 0 21 0 0 0
EGAN00001385193 19 0 0 19 0 0 0
EGAN00001385212 19 0 0 19 0 0 0
EGAN00001385222 22 0 0 22 0 0 0
EGAN00001385223 25 0 0 25 0 0 0
EGAN00001385232 22 0 0 22 0 0 0
EGAN00001385237 21 0 0 21 0 0 0
EGAN00001385246 20 0 0 20 0 0 0
EGAN00001385268 24 0 0 24 0 0 0
EGAN00001385280 23 0 0 23 0 0 0
EGAN00001385284 24 0 0 24 0 0 0
EGAN00001385305 23 0 0 23 0 0 0
EGAN00001385313 26 0 0 26 0 0 0
EGAN00001385352 23 0 0 23 0 0 0
EGAN00001385361 28 0 0 28 0 0 0
EGAN00001385393 28 0 0 28 0 0 0
EGAN00001385395 23 0 0 22 1 0 0
EGAN00001385442 33 0 0 33 0 0 0
EGAN00001385443 24 0 0 24 0 0 0
EGAN00001385444 23 0 0 23 0 0 0
EGAN00001385447 21 0 0 21 0 0 0
EGAN00001385448 16 0 0 16 0 0 0
EGAN00001385449 17 0 0 17 0 0 0
EGAN00001385467 19 0 0 19 0 0 0
EGAN00001385469 28 0 0 28 0 0 0
EGAN00001385479 19 0 0 19 0 0 0
EGAN00001385496 13 0 0 12 0 1 0
EGAN00001385516 21 0 0 21 0 0 0
EGAN00001385522 18 0 0 18 0 0 0
EGAN00001385535 15 0 0 15 0 0 0
EGAN00001385539 13 0 0 13 0 0 0
EGAN00001385550 25 0 0 25 0 0 0
EGAN00001385578 22 0 0 22 0 0 0
EGAN00001385611 30 0 0 30 0 0 0
EGAN00001385616 24 0 0 24 0 0 0
EGAN00001385617 20 0 0 20 0 0 0
EGAN00001385627 17 0 0 17 0 0 0
EGAN00001385651 18 0 0 18 0 0 0
EGAN00001385655 15 0 0 14 0 1 0
EGAN00001385657 22 0 0 22 0 0 0
EGAN00001385673 17 0 0 17 0 0 0
EGAN00001385678 21 0 0 21 0 0 0
EGAN00001385688 25 0 0 25 0 0 0
EGAN00001385695 20 0 0 20 0 0 0
EGAN00001385699 20 0 0 20 0 0 0
EGAN00001385709 17 0 0 17 0 0 0
EGAN00001385738 14 0 0 14 0 0 0
EGAN00001385744 12 0 0 12 0 0 0
EGAN00001385746 24 0 0 24 0 0 0
EGAN00001385749 26 0 0 26 0 0 0
EGAN00001385752 24 0 0 24 0 0 0
EGAN00001385756 17 0 0 17 0 0 0
EGAN00001385760 18 0 0 18 0 0 0
EGAN00001385768 16 0 0 16 0 0 0
EGAN00001403187 24 0 0 24 0 0 0
EGAN00001403699 27 0 0 27 0 0 0
EGAN00001403701 19 0 0 19 0 0 0
EGAN00001403713 35 0 0 35 0 0 0
EGAN00001403722 21 0 0 21 0 0 0
EGAN00001403725 22 0 0 22 0 0 0
EGAN00001403739 22 0 0 21 1 0 0
EGAN00001403743 26 0 0 26 0 0 0
EGAN00001403756 22 0 0 22 0 0 0
EGAN00001403757 16 0 0 16 0 0 0
EGAN00001403763 25 0 0 25 0 0 0
EGAN00001403785 33 0 0 33 0 0 0
EGAN00001403786 31 0 0 31 0 0 0
EGAN00001403795 26 0 0 26 0 0 0
EGAN00001403805 18 0 0 18 0 0 0
EGAN00001403812 17 0 0 17 0 0 0
EGAN00001403819 26 0 0 26 0 0 0
EGAN00001403823 23 0 0 23 0 0 0
EGAN00001403825 19 0 0 19 0 0 0
EGAN00001403838 29 0 0 29 0 0 0
EGAN00001403845 27 0 0 27 0 0 0
EGAN00001403870 20 0 0 20 0 0 0
EGAN00001403873 10 0 0 10 0 0 0
EGAN00001403874 17 0 0 17 0 0 0
EGAN00001403892 27 0 0 27 0 0 0
EGAN00001403903 15 0 0 15 0 0 0
EGAN00001403909 26 0 0 26 0 0 0
EGAN00001403920 33 0 0 33 0 0 0
EGAN00001403930 27 0 0 27 0 0 0
EGAN00001403933 31 0 0 31 0 0 0
EGAN00001403939 19 0 0 19 0 0 0
EGAN00001403943 23 0 0 22 1 0 0
EGAN00001403953 27 0 0 27 0 0 0
EGAN00001403963 21 0 0 21 0 0 0
EGAN00001403980 27 0 0 27 0 0 0
EGAN00001403981 16 0 0 16 0 0 0
EGAN00001403994 23 0 0 23 0 0 0
EGAN00001404034 17 0 0 17 0 0 0
EGAN00001404044 21 0 1 20 0 0 0
EGAN00001404050 30 0 0 30 0 0 0
EGAN00001404075 18 0 0 18 0 0 0
EGAN00001404090 29 0 0 29 0 0 0
EGAN00001404108 20 0 0 20 0 0 0
EGAN00001404119 34 0 0 34 0 0 0
EGAN00001404147 21 0 0 21 0 0 0
EGAN00001404151 20 0 0 20 0 0 0
EGAN00001404154 17 0 0 17 0 0 0
EGAN00001404484 27 0 0 27 0 0 0
EGAN00001439009 25 0 0 25 0 0 0
EGAN00001439015 15 0 0 15 0 0 0
EGAN00001439114 22 0 0 22 0 0 0
EGAN00001439126 16 0 0 16 0 0 0
EGAN00001439127 18 0 0 18 0 0 0
EGAN00001439130 16 0 0 16 0 0 0
EGAN00001439141 20 0 0 20 0 0 0
EGAN00001439154 14 0 0 14 0 0 0
EGAN00001439168 13 0 0 13 0 0 0
EGAN00001439176 13 0 0 13 0 0 0
EGAN00001439191 20 0 0 20 0 0 0
EGAN00001439204 18 0 0 18 0 0 0
EGAN00001439205 20 0 0 20 0 0 0
EGAN00001439214 20 0 0 20 0 0 0
EGAN00001439216 17 0 0 17 0 0 0
EGAN00001439223 15 0 0 15 0 0 0
EGAN00001439229 23 0 0 23 0 0 0
EGAN00001439230 11 0 0 11 0 0 0
EGAN00001439797 26 0 0 26 0 0 0
EGAN00001440377 16 0 0 16 0 0 0
EGAN00001440389 15 0 0 15 0 0 0
EGAN00001440396 15 0 0 15 0 0 0
EGAN00001440398 9 0 0 9 0 0 0
EGAN00001440407 13 0 0 13 0 0 0
EGAN00001440429 24 0 0 24 0 0 0
EGAN00001440468 20 0 0 19 0 1 0
EGAN00001440476 11 0 0 11 0 0 0
EGAN00001440495 26 0 0 26 0 0 0
EGAN00001440500 19 0 0 19 0 0 0
EGAN00001440514 15 0 0 15 0 0 0
EGAN00001440523 4 0 0 4 0 0 0
EGAN00001440524 26 0 0 26 0 0 0
EGAN00001440539 24 0 0 24 0 0 0
EGAN00001440542 12 0 0 12 0 0 0
EGAN00001440566 20 0 0 20 0 0 0
EGAN00001440641 29 0 0 29 0 0 0
EGAN00001440710 14 0 0 14 0 0 0
EGAN00001440723 24 0 0 24 0 0 0
EGAN00001442167 27 0 0 27 0 0 0
EGAN00001442174 28 0 0 28 0 0 0
EGAN00001442203 23 0 0 23 0 0 0
EGAN00001442204 22 0 0 22 0 0 0
EGAN00001442210 20 0 0 20 0 0 0
EGAN00001442231 21 0 0 21 0 0 0
EGAN00001442238 12 0 0 12 0 0 0
EGAN00001442436 27 0 0 27 0 0 0
EGAN00001442449 28 0 0 28 0 0 0
EGAN00001442458 22 0 0 22 0 0 0
EGAN00001442474 17 0 0 17 0 0 0
EGAN00001442489 13 0 0 13 0 0 0
EGAN00001443772 25 0 0 25 0 0 0
EGAN00001444312 21 0 0 21 0 0 0
EGAN00001444317 25 0 0 25 0 0 0
EGAN00001444318 24 0 0 24 0 0 0
EGAN00001444415 24 0 0 24 0 0 0
EGAN00001444475 16 0 0 16 0 0 0
EGAN00001444482 10 0 0 10 0 0 0
EGAN00001444841 30 0 0 30 0 0 0
EGAN00001444984 16 0 0 16 0 0 0
EGAN00001445004 18 0 0 18 0 0 0
EGAN00001445013 29 0 0 29 0 0 0
EGAN00001445033 22 0 0 22 0 0 0
EGAN00001445043 26 0 0 26 0 0 0
EGAN00001445071 22 0 0 21 0 1 0
EGAN00001445077 25 0 0 25 0 0 0
EGAN00001445079 22 0 0 22 0 0 0
EGAN00001445081 28 0 0 28 0 0 0
EGAN00001445085 26 0 0 26 0 0 0
EGAN00001445454 22 0 0 21 0 1 0
EGAN00001445456 23 0 0 23 0 0 0
EGAN00001445463 15 0 0 15 0 0 0
EGAN00001445494 25 0 0 25 0 0 0
EGAN00001445507 18 0 0 18 0 0 0
EGAN00001445512 12 0 0 11 0 1 0
EGAN00001445521 21 0 0 20 0 1 0
EGAN00001445525 17 0 0 17 0 0 0
EGAN00001446662 30 0 0 30 0 0 0
EGAN00001446688 22 0 0 22 0 0 0
EGAN00001446689 19 0 0 19 0 0 0
EGAN00001446697 9 0 0 9 0 0 0
EGAN00001486675 27 0 0 27 0 0 0
EGAN00001486681 12 0 0 12 0 0 0
EGAN00001486687 25 0 0 25 0 0 0
EGAN00001559552 25 0 0 25 0 0 0
EGAN00001559573 23 0 0 23 0 0 0
EGAN00001559631 16 0 0 16 0 0 0
EGAN00001559637 17 0 0 17 0 0 0
EGAN00001559644 14 0 0 14 0 0 0
EGAN00001559648 18 0 0 18 0 0 0
EGAN00001559656 23 0 0 23 0 0 0
EGAN00001559663 23 0 0 23 0 0 0
EGAN00001559670 26 0 0 26 0 0 0
EGAN00001559678 21 0 0 21 0 0 0
EGAN00001559693 25 0 0 24 1 0 0
EGAN00001559701 28 0 0 28 0 0 0
EGAN00001559716 18 0 0 18 0 0 0
EGAN00001559739 24 0 0 24 0 0 0
EGAN00001559761 18 0 0 18 0 0 0
EGAN00001559766 17 0 0 17 0 0 0
EGAN00001559774 19 0 0 19 0 0 0
EGAN00001559782 22 0 0 22 0 0 0
EGAN00001559799 26 0 0 25 1 0 0
EGAN00001559808 33 0 0 33 0 0 0
EGAN00001559814 16 0 0 16 0 0 0
EGAN00001559826 21 0 0 21 0 0 0
EGAN00001559843 19 0 0 19 0 0 0
EGAN00001559849 26 0 0 26 0 0 0
EGAN00001559881 22 0 0 22 0 0 0
EGAN00001559902 16 0 0 16 0 0 0
EGAN00001559926 23 0 0 23 0 0 0
EGAN00001559933 26 0 0 26 0 0 0
EGAN00001559939 24 0 0 24 0 0 0
EGAN00001559962 21 0 0 20 1 0 0
EGAN00001559967 14 0 0 14 0 0 0
EGAN00001559995 16 0 0 16 0 0 0
EGAN00001560016 14 0 0 14 0 0 0
EGAN00001560034 11 0 0 11 0 0 0
EGAN00001560035 23 0 0 23 0 0 0
EGAN00001560050 14 0 0 14 0 0 0
EGAN00001560052 22 0 0 22 0 0 0
EGAN00001560068 23 0 0 23 0 0 0
EGAN00001560084 33 0 0 33 0 0 0
EGAN00001560085 21 0 0 21 0 0 0
EGAN00001560090 12 0 0 12 0 0 0
EGAN00001560096 35 0 0 35 0 0 0
EGAN00001560098 18 0 0 18 0 0 0
EGAN00001560124 34 0 0 34 0 0 0
EGAN00001560145 19 0 0 19 0 0 0
EGAN00001560153 18 0 0 18 0 0 0
EGAN00001560162 16 0 0 16 0 0 0
EGAN00001560183 20 0 0 20 0 0 0
EGAN00001560192 26 0 0 26 0 0 0
EGAN00001560207 25 0 0 25 0 0 0
EGAN00001560214 16 0 0 16 0 0 0
EGAN00001560218 24 0 0 24 0 0 0
EGAN00001560231 28 0 0 28 0 0 0
EGAN00001560243 22 0 0 22 0 0 0
EGAN00001560269 22 0 0 22 0 0 0
EGAN00001560308 18 0 0 18 0 0 0
EGAN00001560313 14 0 0 14 0 0 0
EGAN00001560314 22 0 0 22 0 0 0
EGAN00001560320 15 0 0 15 0 0 0
EGAN00001560322 21 0 0 21 0 0 0
EGAN00001560332 23 0 0 23 0 0 0
EGAN00001560346 26 0 0 26 0 0 0
EGAN00001560356 20 0 0 20 0 0 0
EGAN00001560362 19 0 0 19 0 0 0
EGAN00001560370 29 0 0 29 0 0 0
EGAN00001560386 29 0 1 28 0 0 0
EGAN00001560396 13 0 0 13 0 0 0
EGAN00001560410 22 0 0 22 0 0 0
EGAN00001560418 25 0 0 24 0 1 0
EGAN00001560424 21 0 0 21 0 0 0
EGAN00001560448 26 0 0 26 0 0 0
EGAN00001560453 11 0 0 11 0 0 0
EGAN00001560464 35 0 0 35 0 0 0
EGAN00001560478 26 0 0 26 0 0 0
EGAN00001560485 27 0 0 27 0 0 0
EGAN00001560513 21 0 0 21 0 0 0
EGAN00001560515 25 0 0 25 0 0 0
EGAN00001560516 18 0 0 18 0 0 0
EGAN00001560524 23 0 0 23 0 0 0
EGAN00001560527 20 0 0 20 0 0 0
EGAN00001560540 29 0 0 29 0 0 0
EGAN00001560547 26 0 0 26 0 0 0
EGAN00001560549 18 0 0 18 0 0 0
EGAN00001560559 22 0 0 22 0 0 0
EGAN00001560583 25 0 0 25 0 0 0
EGAN00001560592 23 0 0 23 0 0 0
EGAN00001560595 16 0 0 16 0 0 0
EGAN00001560606 16 0 0 16 0 0 0
EGAN00001560609 32 0 0 32 0 0 0
EGAN00001560616 16 0 0 16 0 0 0
EGAN00001560633 30 0 0 30 0 0 0
EGAN00001560665 27 0 0 27 0 0 0
EGAN00001560675 15 0 0 15 0 0 0
EGAN00001560686 15 0 0 15 0 0 0
EGAN00001560693 18 0 0 18 0 0 0
EGAN00001560695 24 0 0 24 0 0 0
EGAN00001560708 22 0 0 22 0 0 0
EGAN00001560710 16 0 0 16 0 0 0
EGAN00001560737 19 0 0 19 0 0 0
EGAN00001560738 21 0 0 21 0 0 0
EGAN00001560739 29 0 0 29 0 0 0
EGAN00001560761 24 0 0 24 0 0 0
EGAN00001560769 23 0 0 23 0 0 0
EGAN00001560786 22 0 0 22 0 0 0
EGAN00001560788 23 0 0 23 0 0 0
EGAN00001560813 30 0 0 30 0 0 0
EGAN00001560820 20 0 0 20 0 0 0
EGAN00001560821 33 0 0 33 0 0 0
EGAN00001560824 32 0 0 32 0 0 0
EGAN00001560853 22 0 0 22 0 0 0
EGAN00001560869 13 0 0 13 0 0 0
EGAN00001560889 29 0 0 29 0 0 0
EGAN00001560906 25 0 0 25 0 0 0
EGAN00001560912 19 0 0 19 0 0 0
EGAN00001560929 16 0 0 16 0 0 0
EGAN00001560938 21 0 0 21 0 0 0
EGAN00001560951 14 0 0 14 0 0 0
EGAN00001560966 15 0 0 15 0 0 0
EGAN00001560974 24 0 0 24 0 0 0
EGAN00001560985 21 0 0 21 0 0 0
EGAN00001560994 17 0 0 17 0 0 0
EGAN00001560995 31 0 0 31 0 0 0
EGAN00001561020 36 0 0 36 0 0 0
EGAN00001561055 16 0 0 16 0 0 0
EGAN00001561079 34 0 0 34 0 0 0
EGAN00001561085 22 0 0 22 0 0 0
EGAN00001561103 30 0 0 30 0 0 0
EGAN00001561148 22 0 0 22 0 0 0
EGAN00001561154 13 0 0 13 0 0 0
EGAN00001561172 24 0 0 24 0 0 0
EGAN00001561199 22 0 0 22 0 0 0
EGAN00001561200 25 0 0 25 0 0 0
EGAN00001561201 23 0 0 23 0 0 0
EGAN00001561206 26 0 0 26 0 0 0
EGAN00001561221 27 0 0 27 0 0 0
EGAN00001561231 30 0 0 30 0 0 0
EGAN00001561234 29 0 0 29 0 0 0
EGAN00001561251 18 0 0 18 0 0 0
EGAN00001561252 19 0 0 19 0 0 0
EGAN00001561280 27 0 0 27 0 0 0
EGAN00001561296 25 0 0 25 0 0 0
EGAN00001561299 23 0 0 23 0 0 0
EGAN00001561303 22 0 0 22 0 0 0
EGAN00001561312 18 0 0 18 0 0 0
EGAN00001561373 22 0 0 22 0 0 0
EGAN00001561380 16 0 0 16 0 0 0
EGAN00001561393 25 0 0 25 0 0 0
EGAN00001561406 24 0 0 24 0 0 0
EGAN00001561412 36 0 0 36 0 0 0
EGAN00001561414 36 0 0 36 0 0 0
EGAN00001561425 24 0 0 24 0 0 0
EGAN00001561431 29 0 0 29 0 0 0
EGAN00001561442 16 0 0 16 0 0 0
EGAN00001561448 22 0 0 22 0 0 0
EGAN00001561453 10 0 1 9 0 0 0
EGAN00001561456 24 0 0 24 0 0 0
EGAN00001561458 20 0 0 20 0 0 0
EGAN00001561467 26 0 0 26 0 0 0
EGAN00001561476 20 0 0 20 0 0 0
EGAN00001561503 17 0 0 17 0 0 0
EGAN00001561508 19 0 0 19 0 0 0
EGAN00001561510 28 0 0 28 0 0 0
EGAN00001561542 19 0 0 19 0 0 0
EGAN00001561554 30 0 0 30 0 0 0
EGAN00001569013 13 0 0 13 0 0 0
EGAN00001572904 17 0 0 17 0 0 0
EGAN00001572939 15 0 0 15 0 0 0
EGAN00001575966 20 0 0 20 0 0 0
EGAN00001575982 27 0 0 27 0 0 0
EGAN00001576013 22 0 0 22 0 0 0
EGAN00001576017 17 0 0 17 0 0 0
EGAN00001576033 30 0 0 30 0 0 0
EGAN00001576040 31 0 0 31 0 0 0
EGAN00001576047 22 0 0 22 0 0 0
EGAN00001576056 23 0 0 23 0 0 0
EGAN00001576064 29 0 0 29 0 0 0
EGAN00001576068 24 0 0 24 0 0 0
EGAN00001576070 48 0 1 47 0 0 0
EGAN00001576074 28 0 1 27 0 0 0
EGAN00001576094 18 0 0 18 0 0 0
EGAN00001576100 24 0 0 24 0 0 0
EGAN00001576104 18 0 0 18 0 0 0
EGAN00001576114 26 0 0 26 0 0 0
EGAN00001576126 23 0 0 23 0 0 0
EGAN00001576168 30 0 0 30 0 0 0
EGAN00001576188 25 0 0 25 0 0 0
EGAN00001576205 22 0 0 22 0 0 0
EGAN00001576216 15 0 0 15 0 0 0
EGAN00001576226 33 0 0 33 0 0 0
EGAN00001576240 24 0 0 24 0 0 0
EGAN00001576245 26 0 0 26 0 0 0
EGAN00001576247 16 0 0 16 0 0 0
EGAN00001576249 24 0 0 24 0 0 0
EGAN00001576253 24 0 0 24 0 0 0
EGAN00001576258 19 0 0 19 0 0 0
EGAN00001576264 14 0 0 14 0 0 0
EGAN00001576272 28 0 0 28 0 0 0
EGAN00001576273 23 0 0 23 0 0 0
EGAN00001576277 20 0 0 20 0 0 0
EGAN00001576296 29 0 0 29 0 0 0
EGAN00001576314 23 0 0 23 0 0 0
EGAN00001576321 20 0 0 20 0 0 0
EGAN00001576324 16 0 0 16 0 0 0
EGAN00001576334 18 0 0 18 0 0 0
EGAN00001576367 24 0 0 24 0 0 0
EGAN00001576379 22 0 0 22 0 0 0
EGAN00001576393 33 0 0 33 0 0 0
EGAN00001576415 31 0 0 31 0 0 0
EGAN00001576428 22 0 0 22 0 0 0
EGAN00001576431 24 0 0 24 0 0 0
EGAN00001576439 27 0 0 27 0 0 0
EGAN00001576442 16 0 0 16 0 0 0
EGAN00001576452 27 0 0 27 0 0 0
EGAN00001576459 17 0 0 16 0 1 0
EGAN00001576482 17 0 0 17 0 0 0
EGAN00001576490 28 0 0 28 0 0 0
EGAN00001576502 31 0 0 31 0 0 0
EGAN00001576514 29 0 0 29 0 0 0
EGAN00001576515 26 0 0 26 0 0 0
EGAN00001576553 35 0 0 35 0 0 0
EGAN00001576555 20 0 0 20 0 0 0
EGAN00001576558 32 0 0 32 0 0 0
EGAN00001576566 30 0 0 30 0 0 0
EGAN00001576575 24 0 0 24 0 0 0
EGAN00001576611 11 0 0 11 0 0 0
EGAN00001576639 12 0 0 12 0 0 0
EGAN00001576651 40 0 0 40 0 0 0
EGAN00001576682 23 0 0 23 0 0 0
EGAN00001576692 30 0 0 30 0 0 0
EGAN00001576705 19 0 0 19 0 0 0
EGAN00001576718 11 0 0 10 0 1 0
EGAN00001579169 27 0 0 27 0 0 0
EGAN00001579171 15 0 0 15 0 0 0
EGAN00001583153 24 0 0 24 0 0 0
EGAN00001583162 14 0 0 14 0 0 0
EGAN00001583163 21 0 0 21 0 0 0
EGAN00001583178 20 0 0 20 0 0 0
EGAN00001583180 14 0 0 14 0 0 0
EGAN00001583181 16 0 0 16 0 0 0
EGAN00001583193 19 0 0 19 0 0 0
EGAN00001583197 22 0 0 22 0 0 0
EGAN00001583205 15 0 0 15 0 0 0
EGAN00001583212 23 0 0 23 0 0 0
EGAN00001583219 23 0 0 23 0 0 0
EGAN00001583224 19 0 0 19 0 0 0
EGAN00001583226 32 0 0 32 0 0 0
EGAN00001583243 11 0 0 11 0 0 0
EGAN00001583244 28 0 1 27 0 0 0
EGAN00001583254 23 0 0 23 0 0 0
EGAN00001583261 22 0 0 22 0 0 0
EGAN00001583263 22 0 0 22 0 0 0
EGAN00001583265 15 0 0 15 0 0 0
EGAN00001583284 18 0 0 18 0 0 0
EGAN00001583286 19 0 0 19 0 0 0
EGAN00001583301 22 0 0 22 0 0 0
EGAN00001583306 27 0 0 27 0 0 0
EGAN00001583343 15 0 0 15 0 0 0
EGAN00001583345 22 0 0 22 0 0 0
EGAN00001583356 14 0 0 14 0 0 0
EGAN00001583369 20 0 0 20 0 0 0
EGAN00001583385 15 0 0 15 0 0 0
EGAN00001583389 17 0 0 17 0 0 0
EGAN00001583391 23 0 0 23 0 0 0
EGAN00001583392 16 0 0 16 0 0 0
EGAN00001583412 29 0 0 29 0 0 0
EGAN00001583457 22 0 0 22 0 0 0
EGAN00001583470 28 0 0 28 0 0 0
EGAN00001583494 21 0 0 21 0 0 0
EGAN00001583512 15 0 0 15 0 0 0
EGAN00001583541 19 0 0 19 0 0 0
EGAN00001583549 24 0 0 24 0 0 0
EGAN00001583560 21 0 0 21 0 0 0
EGAN00001583568 23 0 0 23 0 0 0
EGAN00001583572 26 0 0 26 0 0 0
EGAN00001583582 17 0 0 17 0 0 0
EGAN00001583601 38 0 0 38 0 0 0
EGAN00001583605 19 0 0 19 0 0 0
EGAN00001583609 22 0 0 22 0 0 0
EGAN00001583611 25 0 0 25 0 0 0
EGAN00001583640 24 0 0 24 0 0 0
EGAN00001583651 24 0 0 24 0 0 0
EGAN00001583686 19 0 0 19 0 0 0
EGAN00001583692 16 0 0 16 0 0 0
EGAN00001583724 16 0 0 15 0 1 0
EGAN00001583742 18 0 0 18 0 0 0
EGAN00001583765 22 0 0 22 0 0 0
EGAN00001583766 32 0 0 32 0 0 0
EGAN00001583772 20 0 0 20 0 0 0
EGAN00001583814 23 0 0 23 0 0 0
EGAN00001583825 27 0 0 27 0 0 0
EGAN00001583828 21 0 0 21 0 0 0
EGAN00001583831 17 0 0 17 0 0 0
EGAN00001583841 18 0 0 18 0 0 0
EGAN00001583853 30 0 0 30 0 0 0
EGAN00001583858 16 0 0 16 0 0 0
EGAN00001583868 21 0 0 21 0 0 0
EGAN00001583899 16 0 0 16 0 0 0
EGAN00001583921 16 0 0 16 0 0 0
EGAN00001583924 18 0 0 18 0 0 0
EGAN00001583925 18 0 0 18 0 0 0
EGAN00001583933 26 0 0 26 0 0 0
EGAN00001584036 22 0 0 22 0 0 0
EGAN00001584047 26 0 0 26 0 0 0
EGAN00001584049 28 0 0 28 0 0 0
EGAN00001584057 22 0 0 22 0 0 0
EGAN00001584062 23 0 0 23 0 0 0
EGAN00001584081 19 0 0 19 0 0 0
EGAN00001584088 27 0 0 27 0 0 0
EGAN00001584090 24 0 0 24 0 0 0
EGAN00001584093 20 0 0 20 0 0 0
EGAN00001584094 21 0 0 21 0 0 0
EGAN00001584105 26 0 0 26 0 0 0
EGAN00001584106 14 0 0 14 0 0 0
EGAN00001584115 17 0 0 17 0 0 0
EGAN00001584121 24 0 0 24 0 0 0
EGAN00001584137 28 0 0 28 0 0 0
EGAN00001584139 20 0 0 20 0 0 0
EGAN00001584140 11 0 0 11 0 0 0
EGAN00001584144 14 0 0 14 0 0 0
EGAN00001584198 23 0 0 22 0 1 0
EGAN00001584205 14 0 0 14 0 0 0
EGAN00001584210 21 0 0 21 0 0 0
EGAN00001584212 23 0 0 23 0 0 0
EGAN00001584219 25 0 0 24 1 0 0
EGAN00001584226 16 0 0 16 0 0 0
EGAN00001584245 20 0 0 19 1 0 0
EGAN00001584254 19 0 0 19 0 0 0
EGAN00001584279 29 0 0 29 0 0 0
EGAN00001584280 29 0 0 29 0 0 0
EGAN00001584292 26 0 0 25 1 0 0
EGAN00001584299 26 0 0 26 0 0 0
EGAN00001584334 18 0 0 18 0 0 0
EGAN00001584348 17 0 0 17 0 0 0
EGAN00001584355 18 0 0 18 0 0 0
EGAN00001584367 37 0 0 37 0 0 0
EGAN00001584368 30 0 0 29 0 1 0
EGAN00001584369 27 0 0 27 0 0 0
EGAN00001584374 21 0 0 21 0 0 0
EGAN00001584384 17 0 0 17 0 0 0
EGAN00001584389 30 0 0 30 0 0 0
EGAN00001584393 26 0 0 26 0 0 0
EGAN00001584404 19 0 0 19 0 0 0
EGAN00001584410 20 0 1 19 0 0 0
EGAN00001584419 23 0 0 23 0 0 0
EGAN00001584421 25 0 0 25 0 0 0
EGAN00001584426 22 0 0 22 0 0 0
EGAN00001584447 19 0 0 19 0 0 0
EGAN00001584469 26 0 0 26 0 0 0
EGAN00001584470 22 0 1 21 0 0 0
EGAN00001584475 16 0 0 16 0 0 0
EGAN00001584497 20 0 0 19 0 1 0
EGAN00001584525 28 0 0 28 0 0 0
EGAN00001584530 21 0 0 21 0 0 0
EGAN00001584531 27 0 0 27 0 0 0
EGAN00001584562 19 0 0 19 0 0 0
EGAN00001584578 19 0 0 19 0 0 0
EGAN00001584585 22 0 0 22 0 0 0
EGAN00001584587 20 0 0 20 0 0 0
EGAN00001584590 21 0 1 20 0 0 0
EGAN00001584594 34 0 0 34 0 0 0
EGAN00001584621 22 0 0 22 0 0 0
EGAN00001584662 22 0 0 22 0 0 0
EGAN00001584670 25 0 0 25 0 0 0
EGAN00001584681 17 0 0 17 0 0 0
EGAN00001584682 26 0 0 26 0 0 0
EGAN00001584686 20 0 0 20 0 0 0
EGAN00001584695 26 0 0 26 0 0 0
EGAN00001584701 22 0 0 22 0 0 0
EGAN00001584748 22 0 0 22 0 0 0
EGAN00001584752 19 0 0 19 0 0 0
EGAN00001584770 18 0 0 18 0 0 0
EGAN00001584776 22 0 1 21 0 0 0
EGAN00001584789 20 0 0 20 0 0 0
EGAN00001584799 17 0 0 17 0 0 0
EGAN00001584807 21 0 0 21 0 0 0
EGAN00001584818 22 0 0 22 0 0 0
EGAN00001584827 27 0 0 27 0 0 0
EGAN00001584831 15 0 0 15 0 0 0
EGAN00001584844 16 0 0 16 0 0 0
EGAN00001584856 22 0 0 22 0 0 0
EGAN00001584876 22 0 0 22 0 0 0
EGAN00001584878 23 0 0 23 0 0 0
EGAN00001584887 18 0 0 18 0 0 0
EGAN00001584890 14 0 0 14 0 0 0
EGAN00001584902 27 0 0 27 0 0 0
EGAN00001584908 12 0 0 12 0 0 0
EGAN00001584924 22 0 0 22 0 0 0
EGAN00001584927 12 0 0 12 0 0 0
EGAN00001584940 23 0 0 23 0 0 0
EGAN00001584952 26 0 0 26 0 0 0
EGAN00001584966 22 0 0 22 0 0 0
EGAN00001584970 15 0 0 15 0 0 0
EGAN00001584972 19 0 0 19 0 0 0
EGAN00001585037 25 0 1 24 0 0 0
EGAN00001585049 18 0 0 18 0 0 0
EGAN00001585062 18 0 0 18 0 0 0
EGAN00001585083 27 0 0 27 0 0 0
EGAN00001585105 28 0 0 28 0 0 0
EGAN00001585131 29 0 0 29 0 0 0
EGAN00001585136 14 0 0 14 0 0 0
EGAN00001585163 18 0 0 18 0 0 0
EGAN00001585167 16 0 0 16 0 0 0
EGAN00001585175 26 0 0 26 0 0 0
EGAN00001585178 15 0 0 15 0 0 0
EGAN00001585191 22 0 0 22 0 0 0
EGAN00001585193 17 0 0 16 0 1 0
EGAN00001585195 22 0 0 22 0 0 0
EGAN00001585197 21 0 0 21 0 0 0
EGAN00001585198 20 0 0 20 0 0 0
EGAN00001585202 21 0 0 21 0 0 0
EGAN00001585228 21 0 0 21 0 0 0
EGAN00001585231 35 0 0 34 0 1 0
EGAN00001585239 22 0 0 22 0 0 0
EGAN00001585244 16 0 0 16 0 0 0
EGAN00001585262 14 0 0 14 0 0 0
EGAN00001585265 21 0 0 21 0 0 0
EGAN00001585280 25 0 0 25 0 0 0
EGAN00001585318 17 0 0 17 0 0 0
EGAN00001585319 21 0 0 21 0 0 0
EGAN00001585322 15 0 0 15 0 0 0
EGAN00001585328 24 0 1 23 0 0 0
EGAN00001585331 20 0 0 20 0 0 0
EGAN00001585337 13 0 0 13 0 0 0
EGAN00001585349 23 0 0 23 0 0 0
EGAN00001585350 16 0 0 16 0 0 0
EGAN00001585368 13 0 0 13 0 0 0
EGAN00001585387 28 0 0 28 0 0 0
EGAN00001585388 23 0 0 23 0 0 0
EGAN00001585391 27 0 0 27 0 0 0
EGAN00001585393 23 0 0 23 0 0 0
EGAN00001585404 19 0 0 19 0 0 0
EGAN00001585423 19 0 0 19 0 0 0
EGAN00001585439 30 0 0 30 0 0 0
EGAN00001585440 13 0 0 13 0 0 0
EGAN00001585449 26 0 0 26 0 0 0
EGAN00001585462 16 0 0 16 0 0 0
EGAN00001585473 21 0 0 21 0 0 0
EGAN00001585477 19 0 0 19 0 0 0
EGAN00001585491 20 0 0 20 0 0 0
EGAN00001585505 22 0 0 22 0 0 0
EGAN00001585506 10 0 0 10 0 0 0
EGAN00001585507 26 0 0 26 0 0 0
EGAN00001585518 17 0 0 17 0 0 0
EGAN00001585529 32 0 0 32 0 0 0
EGAN00001585530 23 0 0 23 0 0 0
EGAN00001585536 16 0 0 16 0 0 0
EGAN00001585557 16 0 0 16 0 0 0
EGAN00001585560 19 0 0 19 0 0 0
EGAN00001585569 23 0 0 23 0 0 0
EGAN00001585604 24 0 0 24 0 0 0
EGAN00001585621 31 0 0 31 0 0 0
EGAN00001585625 24 0 0 24 0 0 0
EGAN00001585628 16 0 0 16 0 0 0
EGAN00001585629 21 0 0 21 0 0 0
EGAN00001585639 25 0 0 25 0 0 0
EGAN00001585649 42 0 0 42 0 0 0
EGAN00001585650 27 0 1 26 0 0 0
EGAN00001585657 25 0 0 25 0 0 0
EGAN00001585676 17 0 0 17 0 0 0
EGAN00001585681 22 0 0 22 0 0 0
EGAN00001585693 16 0 0 16 0 0 0
EGAN00001585705 16 0 0 16 0 0 0
EGAN00001585726 24 0 0 24 0 0 0
EGAN00001585735 27 0 0 27 0 0 0
EGAN00001585751 19 0 0 19 0 0 0
EGAN00001585755 26 0 0 26 0 0 0
EGAN00001585773 19 0 0 19 0 0 0
EGAN00001585802 18 0 0 18 0 0 0
EGAN00001585821 25 0 0 25 0 0 0
EGAN00001585822 27 0 0 27 0 0 0
EGAN00001585840 9 0 0 9 0 0 0
EGAN00001585842 21 0 0 21 0 0 0
EGAN00001585849 16 0 0 16 0 0 0
EGAN00001585852 8 0 0 8 0 0 0
EGAN00001585857 24 0 0 24 0 0 0
EGAN00001585870 20 0 0 20 0 0 0
EGAN00001585871 17 0 0 17 0 0 0
EGAN00001585884 22 0 0 22 0 0 0
EGAN00001585910 23 0 0 23 0 0 0
EGAN00001585946 15 0 0 15 0 0 0
EGAN00001585953 17 0 0 17 0 0 0
EGAN00001585980 14 0 0 14 0 0 0
EGAN00001585989 23 0 0 23 0 0 0
EGAN00001586004 20 0 0 20 0 0 0
EGAN00001586011 28 0 0 28 0 0 0
EGAN00001586036 22 0 0 22 0 0 0
EGAN00001586045 28 0 0 28 0 0 0
EGAN00001586049 26 0 0 26 0 0 0
EGAN00001586050 26 0 0 26 0 0 0
EGAN00001586055 29 0 0 29 0 0 0
EGAN00001586060 20 0 0 20 0 0 0
EGAN00001586066 21 0 0 21 0 0 0
EGAN00001586069 20 0 0 20 0 0 0
EGAN00001586081 22 0 0 22 0 0 0
EGAN00001586083 20 0 0 20 0 0 0
EGAN00001586104 19 0 0 19 0 0 0
EGAN00001586112 29 0 0 29 0 0 0
EGAN00001586117 24 0 0 24 0 0 0
EGAN00001586125 18 0 0 18 0 0 0
EGAN00001586148 23 0 0 23 0 0 0
EGAN00001586165 20 0 0 20 0 0 0
EGAN00001586175 30 0 0 30 0 0 0
EGAN00001586181 21 0 0 21 0 0 0
EGAN00001586191 18 0 0 18 0 0 0
EGAN00001586205 18 0 0 17 1 0 0
EGAN00001586206 30 0 0 30 0 0 0
EGAN00001599246 9 0 0 9 0 0 0
EGAN00001599251 14 0 0 14 0 0 0
EGAN00001599261 22 0 0 22 0 0 0
EGAN00001599262 20 0 0 20 0 0 0
EGAN00001599270 16 0 0 16 0 0 0
EGAN00001599275 23 0 0 23 0 0 0
EGAN00001599281 21 0 0 21 0 0 0
EGAN00001599290 24 0 0 24 0 0 0
EGAN00001599298 11 0 0 11 0 0 0
EGAN00001599353 31 0 0 31 0 0 0
EGAN00001599360 29 0 0 29 0 0 0
EGAN00001599375 15 0 0 15 0 0 0
EGAN00001599391 26 0 0 26 0 0 0
EGAN00001599393 28 0 0 28 0 0 0
EGAN00001599404 28 0 0 28 0 0 0
EGAN00001599406 20 0 0 20 0 0 0
EGAN00001599407 30 0 0 30 0 0 0
EGAN00001599410 21 0 0 21 0 0 0
EGAN00001599411 20 0 0 20 0 0 0
EGAN00001599421 30 0 0 30 0 0 0
EGAN00001599432 16 0 0 16 0 0 0
EGAN00001599445 23 0 0 23 0 0 0
EGAN00001599448 17 0 0 17 0 0 0
EGAN00001599449 21 0 0 21 0 0 0
EGAN00001599452 20 0 0 20 0 0 0
EGAN00001599455 25 0 0 25 0 0 0
EGAN00001599456 21 0 0 21 0 0 0
EGAN00001599457 19 0 0 19 0 0 0
EGAN00001599461 21 0 0 21 0 0 0
EGAN00001599480 25 0 0 25 0 0 0
EGAN00001599501 24 0 0 24 0 0 0
EGAN00001599506 21 0 0 21 0 0 0
EGAN00001599542 16 0 0 16 0 0 0
EGAN00001599555 23 0 1 22 0 0 0
EGAN00001599567 26 0 0 26 0 0 0
EGAN00001599576 22 0 0 22 0 0 0
EGAN00001599593 27 0 0 27 0 0 0
EGAN00001599599 23 0 0 23 0 0 0
EGAN00001599625 24 0 0 24 0 0 0
EGAN00001599637 16 0 0 16 0 0 0
EGAN00001599655 36 0 0 36 0 0 0
EGAN00001599686 20 0 0 20 0 0 0
EGAN00001599694 28 0 0 28 0 0 0
EGAN00001599696 19 0 0 19 0 0 0
EGAN00001599700 17 0 0 17 0 0 0
EGAN00001599703 17 0 1 16 0 0 0
EGAN00001599711 24 0 0 24 0 0 0
EGAN00001599722 22 0 0 22 0 0 0
EGAN00001599749 21 0 0 21 0 0 0
EGAN00001599760 9 0 0 9 0 0 0
EGAN00001599774 21 0 0 21 0 0 0
EGAN00001599777 26 0 0 26 0 0 0
EGAN00001599780 13 0 0 13 0 0 0
EGAN00001599802 22 0 0 22 0 0 0
EGAN00001599817 14 0 0 14 0 0 0
EGAN00001599825 17 0 0 17 0 0 0
EGAN00001599870 32 0 0 32 0 0 0
EGAN00001599876 15 0 0 15 0 0 0
EGAN00001599887 19 0 0 19 0 0 0
EGAN00001599896 25 0 0 25 0 0 0
EGAN00001599904 16 0 0 16 0 0 0
EGAN00001599915 26 0 0 26 0 0 0
EGAN00001599917 23 0 0 23 0 0 0
EGAN00001599932 21 0 0 21 0 0 0
EGAN00001671033 13 0 0 13 0 0 0
EGAN00001671807 17 0 0 17 0 0 0
EGAN00001671828 23 0 0 23 0 0 0
EGAN00001671840 19 0 0 19 0 0 0
EGAN00001671857 20 0 0 20 0 0 0
EGAN00001671875 19 0 0 19 0 0 0
EGAN00001671876 17 0 0 17 0 0 0
EGAN00001671878 24 0 0 24 0 0 0
EGAN00001671882 13 0 0 13 0 0 0
EGAN00001671919 27 0 0 27 0 0 0
EGAN00001671924 23 0 0 23 0 0 0
EGAN00001671928 26 0 0 26 0 0 0
EGAN00001671936 19 0 0 19 0 0 0
EGAN00001671948 21 0 0 21 0 0 0
EGAN00001671983 11 0 0 11 0 0 0
EGAN00001671999 18 0 0 18 0 0 0
EGAN00001672009 23 0 0 23 0 0 0
EGAN00001672013 14 0 0 14 0 0 0
EGAN00001672017 22 0 0 22 0 0 0
EGAN00001672025 23 0 0 23 0 0 0
EGAN00001672026 17 0 0 17 0 0 0
EGAN00001672054 35 0 0 35 0 0 0
EGAN00001672062 18 0 0 18 0 0 0
EGAN00001672074 19 0 0 19 0 0 0
EGAN00001672084 20 0 0 20 0 0 0
EGAN00001672093 24 0 0 24 0 0 0
EGAN00001672100 17 0 0 17 0 0 0
EGAN00001672104 16 0 0 16 0 0 0
EGAN00001672114 14 0 0 14 0 0 0
EGAN00001672116 10 0 0 10 0 0 0
EGAN00001672124 17 0 0 17 0 0 0
EGAN00001672126 19 0 0 19 0 0 0
EGAN00001672134 21 0 0 21 0 0 0
EGAN00001672147 30 0 0 30 0 0 0
EGAN00001672148 23 0 0 23 0 0 0
EGAN00001672152 14 0 0 14 0 0 0
EGAN00001672156 22 0 0 22 0 0 0
EGAN00001672161 14 0 0 14 0 0 0
EGAN00001672165 15 0 0 15 0 0 0
EGAN00001672169 15 0 0 14 1 0 0
EGAN00001672173 23 0 0 23 0 0 0
EGAN00001672178 20 0 0 20 0 0 0
EGAN00001672183 21 0 0 21 0 0 0
EGAN00001672190 13 0 0 13 0 0 0
EGAN00001672197 25 0 0 25 0 0 0
EGAN00001672210 25 0 0 25 0 0 0
EGAN00001672232 21 0 0 21 0 0 0
EGAN00001672243 15 0 0 15 0 0 0
EGAN00001672284 24 0 0 24 0 0 0
EGAN00001672288 15 0 0 15 0 0 0
EGAN00001672308 14 0 0 14 0 0 0
EGAN00001672316 11 0 0 11 0 0 0
EGAN00001672322 20 0 0 20 0 0 0
EGAN00001672330 25 0 0 25 0 0 0
EGAN00001672333 25 0 0 25 0 0 0
EGAN00001672334 20 0 0 20 0 0 0
EGAN00001672345 15 0 0 15 0 0 0
EGAN00001672354 13 0 0 13 0 0 0
EGAN00001672363 19 0 0 19 0 0 0
EGAN00001672376 16 0 0 16 0 0 0
EGAN00001672378 20 0 0 20 0 0 0
EGAN00001672383 9 0 0 9 0 0 0
EGAN00001672411 24 0 1 23 0 0 0
EGAN00001672428 11 0 1 10 0 0 0
EGAN00001672439 18 0 0 18 0 0 0
EGAN00001672452 22 0 0 21 0 1 0
EGAN00001672457 23 0 0 23 0 0 0
EGAN00001672462 20 0 0 20 0 0 0
EGAN00001672511 18 0 0 18 0 0 0
EGAN00001672536 18 0 0 18 0 0 0
EGAN00001672538 20 0 0 20 0 0 0
EGAN00001672542 19 0 0 19 0 0 0
EGAN00001672553 18 0 0 18 0 0 0
EGAN00001672554 13 0 0 13 0 0 0
EGAN00001672565 16 0 0 16 0 0 0
EGAN00001672572 24 0 0 24 0 0 0
EGAN00001672578 16 0 0 16 0 0 0
EGAN00001672580 20 0 0 20 0 0 0
EGAN00001672585 16 0 0 16 0 0 0
EGAN00001672593 17 0 0 16 1 0 0
EGAN00001672597 19 0 0 19 0 0 0
EGAN00001672601 14 0 0 14 0 0 0
EGAN00001672631 23 0 0 23 0 0 0
EGAN00001672646 22 0 0 22 0 0 0
EGAN00001672651 13 0 0 13 0 0 0
EGAN00001672675 12 0 0 12 0 0 0
EGAN00001672687 25 0 0 25 0 0 0
EGAN00001672714 37 0 0 37 0 0 0
EGAN00001672719 18 0 0 18 0 0 0
EGAN00001672736 20 0 0 20 0 0 0
EGAN00001672744 21 0 0 21 0 0 0
EGAN00001672745 19 0 0 19 0 0 0
EGAN00001672751 24 0 0 24 0 0 0
EGAN00001672763 21 0 0 21 0 0 0
EGAN00001672783 28 0 0 28 0 0 0
EGAN00001672790 22 0 0 22 0 0 0
EGAN00001672794 21 0 0 21 0 0 0
EGAN00001672797 14 0 0 14 0 0 0
EGAN00001672813 37 0 0 37 0 0 0
EGAN00001672820 17 0 0 17 0 0 0
EGAN00001672833 20 0 0 20 0 0 0
EGAN00001672839 24 0 0 24 0 0 0
EGAN00001672848 19 0 1 18 0 0 0
EGAN00001672870 21 0 0 21 0 0 0
EGAN00001672873 13 0 0 13 0 0 0
EGAN00001672877 23 0 0 23 0 0 0
EGAN00001672886 29 0 0 28 0 1 0
EGAN00001672896 14 0 0 14 0 0 0
EGAN00001672914 22 0 0 22 0 0 0
EGAN00001672923 19 0 0 19 0 0 0
EGAN00001672926 17 0 0 17 0 0 0
EGAN00001672930 21 0 0 21 0 0 0
EGAN00001672933 22 0 0 22 0 0 0
EGAN00001672940 25 0 0 25 0 0 0
EGAN00001672947 22 0 0 22 0 0 0
EGAN00001672969 19 0 0 19 0 0 0
EGAN00001672988 12 0 0 12 0 0 0
EGAN00001673014 31 0 0 31 0 0 0
EGAN00001673075 21 0 0 21 0 0 0
EGAN00001673103 14 0 0 14 0 0 0
EGAN00001673106 16 0 0 16 0 0 0
EGAN00001673115 17 0 0 17 0 0 0
EGAN00001673116 26 0 0 26 0 0 0
EGAN00001673128 27 0 0 27 0 0 0
EGAN00001673142 10 0 0 10 0 0 0
EGAN00001673167 21 0 0 21 0 0 0
EGAN00001673209 27 0 0 27 0 0 0
EGAN00001673245 15 0 0 15 0 0 0
EGAN00001673252 36 0 0 36 0 0 0
EGAN00001673257 16 0 0 16 0 0 0
EGAN00001673263 14 0 0 14 0 0 0
EGAN00001673285 27 0 0 27 0 0 0
EGAN00001673292 24 0 0 24 0 0 0
EGAN00001673302 16 0 0 16 0 0 0
EGAN00001673321 28 0 0 28 0 0 0
EGAN00001673329 21 0 0 21 0 0 0
EGAN00001673335 29 0 0 29 0 0 0
EGAN00001673347 15 0 0 15 0 0 0
EGAN00001673371 26 0 0 26 0 0 0
EGAN00001673418 23 0 0 23 0 0 0
EGAN00001673422 33 0 0 33 0 0 0
EGAN00001673446 29 0 0 29 0 0 0
EGAN00001673458 15 0 0 15 0 0 0
EGAN00001673521 21 0 0 21 0 0 0
EGAN00001673523 10 0 0 10 0 0 0
EGAN00001673532 25 0 0 25 0 0 0
EGAN00001673562 19 0 0 19 0 0 0
EGAN00001673578 15 0 0 15 0 0 0
EGAN00001673580 31 0 0 31 0 0 0
EGAN00001673583 13 0 0 13 0 0 0
EGAN00001673597 18 0 0 18 0 0 0
EGAN00001673607 16 0 0 16 0 0 0
EGAN00001673611 24 0 0 24 0 0 0
EGAN00001673632 27 0 0 27 0 0 0
EGAN00001673637 16 0 0 16 0 0 0
EGAN00001673670 16 0 0 16 0 0 0
EGAN00001673677 28 0 0 28 0 0 0
EGAN00001673693 25 0 0 25 0 0 0
EGAN00001673700 25 0 0 25 0 0 0
EGAN00001673727 25 0 0 25 0 0 0
EGAN00001673751 20 0 0 20 0 0 0
EGAN00001673782 24 0 0 24 0 0 0
EGAN00001673804 21 0 0 21 0 0 0
EGAN00001673810 25 0 0 25 0 0 0
EGAN00001730343 16 0 0 16 0 0 0
EGAN00001730397 21 0 0 21 0 0 0
EGAN00001730410 15 0 0 15 0 0 0
EGAN00001730434 10 0 0 10 0 0 0
EGAN00001730447 17 0 0 17 0 0 0
EGAN00001730450 20 0 0 20 0 0 0
EGAN00001730455 23 0 0 23 0 0 0
EGAN00001730460 15 0 0 15 0 0 0
EGAN00001730488 16 0 0 16 0 0 0
EGAN00001730502 14 0 0 14 0 0 0
EGAN00001730503 11 0 0 11 0 0 0
EGAN00001730521 13 0 0 13 0 0 0
EGAN00001730523 14 0 0 14 0 0 0
EGAN00001730529 16 0 0 16 0 0 0
EGAN00001740624 21 0 0 21 0 0 0
EGAN00001740630 16 0 0 16 0 0 0
EGAN00001740633 26 0 0 26 0 0 0
EGAN00001740634 21 0 0 21 0 0 0
EGAN00001740641 22 0 0 22 0 0 0
EGAN00001740654 24 0 0 24 0 0 0
EGAN00001740657 18 0 0 18 0 0 0
EGAN00001740658 13 0 0 13 0 0 0
EGAN00001740673 22 0 0 22 0 0 0
EGAN00001740680 20 0 0 20 0 0 0
EGAN00001740686 14 0 0 14 0 0 0
EGAN00001740691 19 0 0 19 0 0 0
EGAN00001740692 19 0 0 19 0 0 0
EGAN00001740695 11 0 0 11 0 0 0
EGAN00001740700 23 0 0 23 0 0 0
EGAN00001740704 19 0 0 18 0 1 0
EGAN00001740742 25 0 0 25 0 0 0
EGAN00001740752 23 0 0 23 0 0 0
EGAN00001740772 16 0 0 16 0 0 0
EGAN00001740774 18 0 0 18 0 0 0
EGAN00001740796 12 0 0 12 0 0 0
EGAN00001740797 21 0 0 21 0 0 0
EGAN00001740802 19 0 0 19 0 0 0
EGAN00001740806 22 0 0 22 0 0 0
EGAN00001740827 13 0 1 12 0 0 0
EGAN00001740848 9 0 0 9 0 0 0
EGAN00001740858 22 0 0 22 0 0 0
EGAN00001740884 29 0 0 29 0 0 0
EGAN00001740885 26 0 0 26 0 0 0
EGAN00001740904 10 0 0 10 0 0 0
EGAN00001740906 25 0 0 25 0 0 0
EGAN00001740907 19 0 0 19 0 0 0
EGAN00001740918 13 0 0 13 0 0 0
EGAN00001740921 17 0 0 17 0 0 0
EGAN00001740927 17 0 0 16 0 0 1
EGAN00001740932 26 0 0 26 0 0 0
EGAN00001740944 21 0 0 21 0 0 0
EGAN00001740955 28 0 0 28 0 0 0
EGAN00001740957 23 0 0 23 0 0 0
EGAN00001740967 19 0 0 19 0 0 0
EGAN00001740970 23 0 0 23 0 0 0
EGAN00001740973 20 0 0 20 0 0 0
EGAN00001740978 23 0 0 23 0 0 0
EGAN00001740988 16 0 0 16 0 0 0
EGAN00001741035 21 0 0 20 1 0 0
EGAN00001741056 23 0 0 23 0 0 0
EGAN00001741057 13 0 0 13 0 0 0
EGAN00001741066 22 0 0 22 0 0 0
EGAN00001741073 19 0 0 19 0 0 0
EGAN00001741075 20 0 0 20 0 0 0
EGAN00001741087 13 0 0 13 0 0 0
EGAN00001741090 23 0 0 23 0 0 0
EGAN00001741093 26 0 0 26 0 0 0
EGAN00001741099 22 0 0 22 0 0 0
EGAN00001741107 15 0 0 15 0 0 0
EGAN00001741120 16 0 0 16 0 0 0
EGAN00001741122 16 0 0 16 0 0 0
EGAN00001741140 18 0 0 18 0 0 0
EGAN00001741150 20 0 0 20 0 0 0
EGAN00001741154 13 0 0 13 0 0 0
EGAN00001797988 19 0 0 19 0 0 0
EGAN00001797994 16 0 0 16 0 0 0
EGAN00001797996 19 0 0 19 0 0 0
EGAN00001798007 21 0 0 21 0 0 0
EGAN00001798008 27 0 0 27 0 0 0
EGAN00001798021 15 0 0 15 0 0 0
EGAN00001798030 14 0 0 14 0 0 0
EGAN00001798074 14 0 0 14 0 0 0
EGAN00001798091 15 0 0 15 0 0 0
EGAN00001798092 18 0 0 18 0 0 0
EGAN00001798104 17 0 0 17 0 0 0
EGAN00001798154 14 0 0 14 0 0 0
EGAN00001798162 18 0 0 18 0 0 0
EGAN00001798177 22 0 0 22 0 0 0
EGAN00001798191 27 0 0 27 0 0 0
EGAN00001798203 12 0 0 12 0 0 0
EGAN00001798255 20 0 0 20 0 0 0
EGAN00001798262 19 0 0 19 0 0 0
EGAN00001798269 35 0 0 35 0 0 0
EGAN00001798282 11 0 0 11 0 0 0
EGAN00001798285 29 0 0 29 0 0 0
EGAN00001798300 18 0 0 18 0 0 0
EGAN00001798317 11 0 0 11 0 0 0
EGAN00001798327 21 0 0 21 0 0 0
EGAN00001798330 12 0 0 12 0 0 0
EGAN00001798339 13 0 0 12 0 1 0
EGAN00001798342 21 0 0 21 0 0 0
EGAN00001798347 20 0 0 20 0 0 0
EGAN00001798348 19 0 0 18 0 1 0
EGAN00001798351 16 0 0 16 0 0 0
EGAN00001798359 17 0 0 17 0 0 0
EGAN00001798360 18 0 0 18 0 0 0
EGAN00001798367 22 0 0 22 0 0 0
EGAN00001798381 20 0 0 20 0 0 0
EGAN00001798382 23 0 0 23 0 0 0
EGAN00001798397 16 0 0 16 0 0 0
EGAN00001798404 15 0 0 15 0 0 0
EGAN00001798412 19 0 0 19 0 0 0
EGAN00001798435 11 0 0 11 0 0 0
EGAN00001798443 13 0 0 13 0 0 0
EGAN00001798445 16 0 0 16 0 0 0
EGAN00001798453 24 0 0 24 0 0 0
EGAN00001798480 30 0 0 30 0 0 0
EGAN00001798482 18 0 0 18 0 0 0
EGAN00001798483 20 0 0 20 0 0 0
EGAN00001798484 21 0 0 21 0 0 0
EGAN00001798492 27 0 0 27 0 0 0
EGAN00001798495 24 0 0 24 0 0 0
EGAN00001798498 13 0 0 13 0 0 0
EGAN00001798506 22 0 0 22 0 0 0
EGAN00001798511 19 0 0 19 0 0 0
EGAN00001798521 29 0 1 28 0 0 0
EGAN00001798534 17 0 0 17 0 0 0
EGAN00001798550 17 0 0 17 0 0 0
EGAN00001798551 15 0 0 15 0 0 0
EGAN00001798564 16 0 0 16 0 0 0
EGAN00001798565 22 0 0 22 0 0 0
EGAN00001798570 22 0 0 22 0 0 0
EGAN00001798574 15 0 0 15 0 0 0
EGAN00001798607 21 0 0 21 0 0 0
EGAN00001798625 19 0 0 19 0 0 0
EGAN00001798626 20 0 0 20 0 0 0
EGAN00001798632 20 0 0 20 0 0 0
EGAN00001798647 17 0 0 17 0 0 0
EGAN00001798653 21 0 0 21 0 0 0
EGAN00001798666 18 0 0 18 0 0 0
EGAN00001798669 16 0 0 16 0 0 0
EGAN00001798695 14 0 0 14 0 0 0
EGAN00001798708 35 0 0 35 0 0 0
EGAN00001830726 18 0 0 18 0 0 0
EGAN00001830730 14 0 0 14 0 0 0
EGAN00001830735 21 0 0 21 0 0 0
EGAN00001830736 30 0 0 30 0 0 0
EGAN00001830748 22 0 0 21 1 0 0
EGAN00001830757 21 0 0 20 1 0 0
EGAN00001830766 12 0 0 12 0 0 0
EGAN00001830784 18 0 0 18 0 0 0
EGAN00001830804 17 0 0 17 0 0 0
EGAN00001830806 20 0 0 20 0 0 0
EGAN00001830813 17 0 0 17 0 0 0
EGAN00001830822 14 0 0 14 0 0 0
EGAN00001830825 28 0 0 28 0 0 0
EGAN00001830830 21 0 0 21 0 0 0
EGAN00001830831 25 0 0 25 0 0 0
EGAN00001830836 20 0 1 19 0 0 0
EGAN00001830837 17 0 0 17 0 0 0
EGAN00001830839 12 0 0 12 0 0 0
EGAN00001830844 12 0 0 12 0 0 0
EGAN00001830849 20 0 0 20 0 0 0
EGAN00001830870 14 0 0 14 0 0 0
EGAN00001830878 18 0 0 18 0 0 0
EGAN00001830880 14 0 0 14 0 0 0
EGAN00001830882 22 0 0 22 0 0 0
EGAN00001830889 14 0 0 14 0 0 0
EGAN00001830896 27 0 0 27 0 0 0
EGAN00001830921 26 0 0 26 0 0 0
EGAN00001830930 20 0 0 20 0 0 0
EGAN00001830942 16 0 0 16 0 0 0
EGAN00001830943 20 0 0 20 0 0 0
EGAN00001830956 14 0 0 14 0 0 0
EGAN00001830959 13 0 0 13 0 0 0
