Sample Depth = A C G T N
EGAN00001008152 3 0 0 0 3 0 0
EGAN00001008240 12 0 0 0 12 0 0
EGAN00001008480 11 0 0 0 11 0 0
EGAN00001021279 14 0 0 0 14 0 0
EGAN00001021287 8 0 0 0 8 0 0
EGAN00001021349 14 0 0 0 14 0 0
EGAN00001021460 24 0 0 0 23 1 0
EGAN00001021482 14 0 0 0 14 0 0
EGAN00001021497 13 0 0 0 13 0 0
EGAN00001021529 18 0 0 0 18 0 0
EGAN00001021566 11 0 1 0 10 0 0
EGAN00001021591 20 0 0 0 20 0 0
EGAN00001021602 12 0 0 0 12 0 0
EGAN00001021616 7 0 0 0 7 0 0
EGAN00001021618 5 0 0 0 5 0 0
EGAN00001021722 10 0 0 0 10 0 0
EGAN00001021724 10 0 0 0 10 0 0
EGAN00001021747 12 0 0 0 12 0 0
EGAN00001021767 20 0 0 0 20 0 0
EGAN00001021773 11 0 0 0 11 0 0
EGAN00001021774 15 0 0 0 15 0 0
EGAN00001021779 9 0 0 0 9 0 0
EGAN00001021807 9 0 0 0 9 0 0
EGAN00001021818 20 0 0 0 20 0 0
EGAN00001021838 19 0 1 0 18 0 0
EGAN00001021842 15 0 0 0 15 0 0
EGAN00001021852 13 0 0 0 13 0 0
EGAN00001021861 9 0 0 0 9 0 0
EGAN00001021877 10 0 0 0 10 0 0
EGAN00001021992 11 0 0 0 11 0 0
EGAN00001021995 9 0 0 0 9 0 0
EGAN00001022009 12 0 0 0 12 0 0
EGAN00001022024 10 0 0 0 10 0 0
EGAN00001022028 4 0 0 0 4 0 0
EGAN00001022070 8 0 0 0 8 0 0
EGAN00001022071 22 0 0 0 22 0 0
EGAN00001022073 12 0 0 0 12 0 0
EGAN00001022269 17 0 0 0 17 0 0
EGAN00001022287 16 0 0 0 16 0 0
EGAN00001022694 8 0 0 0 8 0 0
EGAN00001022728 12 0 0 0 12 0 0
EGAN00001022747 15 0 0 0 15 0 0
EGAN00001022776 13 0 0 0 13 0 0
EGAN00001022786 9 0 0 0 9 0 0
EGAN00001022788 9 0 0 0 9 0 0
EGAN00001022798 11 0 0 0 11 0 0
EGAN00001022907 7 0 0 0 7 0 0
EGAN00001022925 13 0 0 0 13 0 0
EGAN00001022928 9 0 0 0 9 0 0
EGAN00001022933 9 0 0 0 9 0 0
EGAN00001022944 6 0 0 0 6 0 0
EGAN00001022965 8 0 0 0 8 0 0
EGAN00001022970 6 0 0 0 6 0 0
EGAN00001022976 6 0 0 0 6 0 0
EGAN00001022977 14 0 0 0 14 0 0
EGAN00001022985 8 0 0 0 8 0 0
EGAN00001022994 13 0 0 0 13 0 0
EGAN00001022999 19 0 0 0 19 0 0
EGAN00001023013 10 0 0 0 10 0 0
EGAN00001023048 14 0 0 0 13 1 0
EGAN00001023052 14 0 0 0 14 0 0
EGAN00001023062 9 0 0 0 9 0 0
EGAN00001023065 10 0 0 0 10 0 0
EGAN00001023090 6 0 0 0 6 0 0
EGAN00001023109 5 0 0 0 5 0 0
EGAN00001023113 12 0 0 0 12 0 0
EGAN00001023144 10 0 0 0 10 0 0
EGAN00001023149 9 0 0 0 9 0 0
EGAN00001023165 11 0 0 0 11 0 0
EGAN00001023440 12 0 1 0 11 0 0
EGAN00001023443 3 0 0 0 3 0 0
EGAN00001023451 13 0 0 0 13 0 0
EGAN00001023536 15 0 0 0 15 0 0
EGAN00001024052 9 0 1 0 8 0 0
EGAN00001024169 8 0 0 0 8 0 0
EGAN00001024175 6 0 0 0 6 0 0
EGAN00001024242 16 0 0 0 16 0 0
EGAN00001024268 19 0 0 0 19 0 0
EGAN00001024339 9 0 0 0 9 0 0
EGAN00001025821 14 0 0 0 14 0 0
EGAN00001025877 7 0 0 0 7 0 0
EGAN00001026203 12 0 0 0 12 0 0
EGAN00001026429 13 0 0 0 13 0 0
EGAN00001026576 20 0 0 0 20 0 0
EGAN00001026589 12 0 0 0 12 0 0
EGAN00001026598 9 0 0 0 9 0 0
EGAN00001026629 19 0 0 0 19 0 0
EGAN00001026694 6 0 0 0 6 0 0
EGAN00001026814 10 0 0 0 10 0 0
EGAN00001027202 15 0 0 0 14 1 0
EGAN00001027204 11 0 0 0 10 1 0
EGAN00001027205 11 0 0 0 11 0 0
EGAN00001027212 12 0 0 0 12 0 0
EGAN00001027340 22 0 0 0 22 0 0
EGAN00001027395 14 0 0 0 14 0 0
EGAN00001027418 10 0 0 0 10 0 0
EGAN00001027453 20 0 0 0 20 0 0
EGAN00001027462 20 0 0 0 20 0 0
EGAN00001027463 12 0 0 0 12 0 0
EGAN00001027475 21 0 0 0 21 0 0
EGAN00001027505 14 0 0 0 14 0 0
EGAN00001027540 20 0 0 0 20 0 0
EGAN00001073920 9 0 0 0 9 0 0
EGAN00001073921 17 0 0 1 16 0 0
EGAN00001073922 14 0 0 0 14 0 0
EGAN00001074781 21 0 0 0 21 0 0
EGAN00001074834 4 0 0 0 4 0 0
EGAN00001074854 15 0 0 0 15 0 0
EGAN00001074864 13 0 1 0 11 1 0
EGAN00001074869 17 0 0 0 17 0 0
EGAN00001074873 7 0 0 0 7 0 0
EGAN00001074875 10 0 0 0 10 0 0
EGAN00001079317 7 0 0 0 7 0 0
EGAN00001079328 17 0 0 0 17 0 0
EGAN00001079401 12 0 1 0 11 0 0
EGAN00001079414 8 0 0 0 8 0 0
EGAN00001079479 14 0 0 0 14 0 0
EGAN00001079481 9 0 1 0 8 0 0
EGAN00001079505 12 0 0 0 12 0 0
EGAN00001079506 5 0 0 0 5 0 0
EGAN00001079561 6 0 0 0 6 0 0
EGAN00001079572 11 0 0 0 11 0 0
EGAN00001079662 19 0 0 1 18 0 0
EGAN00001079666 21 0 0 0 21 0 0
EGAN00001079696 13 0 0 0 13 0 0
EGAN00001079780 9 0 0 0 9 0 0
EGAN00001080216 10 0 0 0 10 0 0
EGAN00001080226 8 0 0 0 8 0 0
EGAN00001240157 12 0 0 0 12 0 0
EGAN00001240272 16 0 0 0 16 0 0
EGAN00001240612 6 0 0 0 6 0 0
EGAN00001240628 10 0 0 0 10 0 0
EGAN00001240764 14 0 0 0 14 0 0
EGAN00001240779 11 0 0 0 11 0 0
EGAN00001240905 13 0 0 0 13 0 0
EGAN00001241156 3 0 0 0 3 0 0
EGAN00001241214 11 0 0 0 11 0 0
EGAN00001241247 12 0 0 0 12 0 0
EGAN00001241334 12 0 0 0 12 0 0
EGAN00001241394 14 0 0 0 14 0 0
EGAN00001241506 14 0 0 0 14 0 0
EGAN00001241817 14 0 0 0 14 0 0
EGAN00001241861 11 0 0 0 11 0 0
EGAN00001241906 16 0 0 0 16 0 0
EGAN00001241963 11 0 0 0 11 0 0
EGAN00001241982 14 0 0 0 14 0 0
EGAN00001242082 12 0 0 0 12 0 0
EGAN00001242253 20 0 0 0 20 0 0
EGAN00001242280 9 0 0 0 9 0 0
EGAN00001242309 17 0 0 0 17 0 0
EGAN00001242516 5 0 0 0 5 0 0
EGAN00001242562 7 0 0 0 7 0 0
EGAN00001242628 5 0 0 0 5 0 0
EGAN00001242652 12 0 1 0 11 0 0
EGAN00001242720 17 0 0 0 17 0 0
EGAN00001242723 21 0 0 0 21 0 0
EGAN00001242952 8 0 0 0 8 0 0
EGAN00001243036 18 0 0 0 18 0 0
EGAN00001243053 7 0 0 1 6 0 0
EGAN00001243054 21 0 0 0 21 0 0
EGAN00001243109 7 0 0 0 7 0 0
EGAN00001243140 14 0 0 0 14 0 0
EGAN00001243144 11 0 0 0 11 0 0
EGAN00001243226 8 0 0 0 8 0 0
EGAN00001243294 4 0 0 0 4 0 0
EGAN00001243323 19 0 1 0 18 0 0
EGAN00001243343 16 0 0 0 16 0 0
EGAN00001243402 15 0 0 0 15 0 0
EGAN00001243503 6 0 0 0 6 0 0
EGAN00001243681 15 0 0 0 15 0 0
EGAN00001243731 10 0 0 0 10 0 0
EGAN00001243755 13 0 0 0 13 0 0
EGAN00001243780 11 0 0 0 11 0 0
EGAN00001243786 17 0 0 0 17 0 0
EGAN00001243946 7 0 0 0 7 0 0
EGAN00001244068 14 0 0 0 14 0 0
EGAN00001244108 12 0 0 0 12 0 0
EGAN00001244157 5 0 0 0 5 0 0
EGAN00001244308 14 0 0 0 14 0 0
EGAN00001244475 15 0 0 0 15 0 0
EGAN00001244572 14 0 0 0 14 0 0
EGAN00001244592 14 0 0 0 14 0 0
EGAN00001244659 8 0 0 0 8 0 0
EGAN00001244730 12 0 0 0 12 0 0
EGAN00001244763 9 0 0 0 9 0 0
EGAN00001244776 14 0 0 0 14 0 0
EGAN00001245103 9 0 0 0 9 0 0
EGAN00001245122 12 0 1 0 11 0 0
EGAN00001245134 15 0 0 0 15 0 0
EGAN00001245179 8 0 0 0 8 0 0
EGAN00001245323 8 0 0 0 8 0 0
EGAN00001245434 12 0 0 0 12 0 0
EGAN00001245840 14 0 0 0 14 0 0
EGAN00001246009 13 0 0 0 12 1 0
EGAN00001246021 7 0 0 0 7 0 0
EGAN00001246023 15 0 0 0 15 0 0
EGAN00001246063 6 0 0 0 6 0 0
EGAN00001246077 13 0 0 0 13 0 0
EGAN00001246246 7 0 1 0 6 0 0
EGAN00001246783 8 0 0 0 8 0 0
EGAN00001247049 3 0 0 0 3 0 0
EGAN00001247152 7 0 0 0 6 0 1
EGAN00001247246 13 0 0 0 13 0 0
EGAN00001247313 10 0 0 0 10 0 0
EGAN00001247500 20 0 1 0 19 0 0
EGAN00001247568 9 0 0 0 9 0 0
EGAN00001247658 10 0 0 0 10 0 0
EGAN00001247674 14 0 0 0 14 0 0
EGAN00001247681 8 0 0 0 8 0 0
EGAN00001267728 9 0 0 0 9 0 0
EGAN00001267991 16 0 0 0 16 0 0
EGAN00001277294 7 0 0 0 7 0 0
EGAN00001277295 7 0 0 0 7 0 0
EGAN00001385049 9 0 0 0 9 0 0
EGAN00001385050 13 0 0 0 13 0 0
EGAN00001385053 14 0 0 0 13 1 0
EGAN00001385060 7 0 0 0 7 0 0
EGAN00001385062 13 0 0 0 13 0 0
EGAN00001385083 7 0 0 0 7 0 0
EGAN00001385135 14 0 0 0 14 0 0
EGAN00001385146 9 0 0 0 9 0 0
EGAN00001385155 11 0 0 0 11 0 0
EGAN00001385160 10 0 0 0 10 0 0
EGAN00001385169 7 0 0 0 7 0 0
EGAN00001385173 7 0 0 0 7 0 0
EGAN00001385177 9 0 0 0 9 0 0
EGAN00001385180 10 0 0 0 10 0 0
EGAN00001385182 9 0 0 0 9 0 0
EGAN00001385184 15 0 0 0 15 0 0
EGAN00001385193 7 0 0 0 7 0 0
EGAN00001385212 12 0 0 0 12 0 0
EGAN00001385222 5 0 0 0 5 0 0
EGAN00001385223 14 0 0 0 13 1 0
EGAN00001385232 13 0 0 0 13 0 0
EGAN00001385237 9 0 0 0 9 0 0
EGAN00001385246 7 0 0 0 7 0 0
EGAN00001385268 9 0 0 0 9 0 0
EGAN00001385280 5 0 0 0 5 0 0
EGAN00001385284 15 0 0 0 15 0 0
EGAN00001385305 12 0 0 0 12 0 0
EGAN00001385313 6 0 0 0 6 0 0
EGAN00001385352 11 0 0 0 11 0 0
EGAN00001385361 11 0 0 0 11 0 0
EGAN00001385393 13 0 0 0 13 0 0
EGAN00001385395 12 0 0 0 12 0 0
EGAN00001385442 10 0 0 0 10 0 0
EGAN00001385443 10 0 0 0 10 0 0
EGAN00001385444 11 0 0 0 10 1 0
EGAN00001385447 4 0 0 0 4 0 0
EGAN00001385448 11 0 0 0 11 0 0
EGAN00001385449 8 0 0 0 8 0 0
EGAN00001385467 10 0 0 0 10 0 0
EGAN00001385469 10 0 0 0 10 0 0
EGAN00001385479 4 0 0 0 4 0 0
EGAN00001385496 10 0 0 0 10 0 0
EGAN00001385516 11 0 0 0 11 0 0
EGAN00001385522 12 0 0 0 12 0 0
EGAN00001385535 7 0 0 0 7 0 0
EGAN00001385539 5 0 0 0 5 0 0
EGAN00001385550 12 0 0 0 12 0 0
EGAN00001385578 12 0 0 0 12 0 0
EGAN00001385611 12 0 0 0 12 0 0
EGAN00001385616 6 0 0 0 6 0 0
EGAN00001385617 13 0 0 0 13 0 0
EGAN00001385627 10 0 0 0 10 0 0
EGAN00001385651 12 0 0 0 12 0 0
EGAN00001385655 11 0 0 0 11 0 0
EGAN00001385657 13 0 0 0 13 0 0
EGAN00001385673 9 0 0 0 9 0 0
EGAN00001385678 17 0 0 0 17 0 0
EGAN00001385688 9 0 0 0 9 0 0
EGAN00001385695 12 0 0 0 12 0 0
EGAN00001385699 17 0 0 0 17 0 0
EGAN00001385709 6 0 0 0 6 0 0
EGAN00001385738 11 0 0 0 11 0 0
EGAN00001385744 20 0 0 0 20 0 0
EGAN00001385746 14 0 0 0 14 0 0
EGAN00001385749 8 0 0 0 8 0 0
EGAN00001385752 12 0 0 0 12 0 0
EGAN00001385756 10 0 0 0 10 0 0
EGAN00001385760 10 0 0 0 10 0 0
EGAN00001385768 10 0 0 0 10 0 0
EGAN00001403187 7 0 0 0 7 0 0
EGAN00001403699 8 0 0 0 8 0 0
EGAN00001403701 6 0 0 0 6 0 0
EGAN00001403713 14 0 0 0 14 0 0
EGAN00001403722 10 0 0 0 10 0 0
EGAN00001403725 8 0 0 0 8 0 0
EGAN00001403739 10 0 0 0 10 0 0
EGAN00001403743 17 0 0 0 17 0 0
EGAN00001403756 7 0 0 0 7 0 0
EGAN00001403757 9 0 0 0 9 0 0
EGAN00001403763 7 0 0 0 7 0 0
EGAN00001403785 9 0 0 0 9 0 0
EGAN00001403786 14 0 1 0 13 0 0
EGAN00001403795 9 0 0 0 9 0 0
EGAN00001403805 13 0 0 0 13 0 0
EGAN00001403812 8 0 0 0 8 0 0
EGAN00001403819 9 0 0 0 9 0 0
EGAN00001403823 15 0 0 0 15 0 0
EGAN00001403825 13 0 0 0 13 0 0
EGAN00001403838 13 0 0 0 13 0 0
EGAN00001403845 8 0 0 0 8 0 0
EGAN00001403870 9 0 0 0 9 0 0
EGAN00001403873 7 0 0 0 7 0 0
EGAN00001403874 16 0 0 0 16 0 0
EGAN00001403892 11 0 0 0 11 0 0
EGAN00001403903 14 0 0 0 14 0 0
EGAN00001403909 11 0 0 0 11 0 0
EGAN00001403920 9 0 0 0 9 0 0
EGAN00001403930 9 0 0 0 9 0 0
EGAN00001403933 9 0 0 0 9 0 0
EGAN00001403939 10 0 0 0 10 0 0
EGAN00001403943 14 0 0 0 14 0 0
EGAN00001403953 8 0 0 0 8 0 0
EGAN00001403963 18 0 0 0 18 0 0
EGAN00001403980 9 0 0 0 9 0 0
EGAN00001403981 10 0 0 0 10 0 0
EGAN00001403994 9 0 0 0 9 0 0
EGAN00001404034 11 0 0 0 11 0 0
EGAN00001404044 20 0 0 0 20 0 0
EGAN00001404050 5 0 0 0 5 0 0
EGAN00001404075 15 0 0 0 15 0 0
EGAN00001404090 15 0 0 0 15 0 0
EGAN00001404108 13 0 0 0 13 0 0
EGAN00001404119 11 0 0 0 11 0 0
EGAN00001404147 16 0 0 0 16 0 0
EGAN00001404151 10 0 0 0 10 0 0
EGAN00001404154 13 0 0 0 13 0 0
EGAN00001404484 8 0 0 0 8 0 0
EGAN00001439009 13 0 0 0 13 0 0
EGAN00001439015 11 0 0 0 11 0 0
EGAN00001439114 10 0 0 0 10 0 0
EGAN00001439126 7 0 0 0 7 0 0
EGAN00001439127 8 0 0 0 8 0 0
EGAN00001439130 7 0 0 0 7 0 0
EGAN00001439141 7 0 0 0 7 0 0
EGAN00001439154 10 0 0 0 10 0 0
EGAN00001439168 8 0 0 0 8 0 0
EGAN00001439176 7 0 0 0 7 0 0
EGAN00001439191 13 0 1 1 11 0 0
EGAN00001439204 10 0 0 0 10 0 0
EGAN00001439205 19 0 0 0 19 0 0
EGAN00001439214 16 0 0 0 16 0 0
EGAN00001439216 9 0 0 0 9 0 0
EGAN00001439223 16 0 0 0 16 0 0
EGAN00001439229 6 0 1 0 5 0 0
EGAN00001439230 2 0 0 0 2 0 0
EGAN00001439797 3 0 0 0 3 0 0
EGAN00001440377 16 0 0 0 16 0 0
EGAN00001440389 8 0 0 0 8 0 0
EGAN00001440396 16 0 0 0 16 0 0
EGAN00001440398 5 0 0 0 5 0 0
EGAN00001440407 12 0 0 0 12 0 0
EGAN00001440429 15 0 0 0 15 0 0
EGAN00001440468 9 0 0 0 9 0 0
EGAN00001440476 10 0 0 0 10 0 0
EGAN00001440495 13 0 0 0 12 1 0
EGAN00001440500 7 0 0 0 7 0 0
EGAN00001440514 11 0 0 0 11 0 0
EGAN00001440523 3 0 0 0 3 0 0
EGAN00001440524 12 0 0 0 12 0 0
EGAN00001440539 12 0 0 0 12 0 0
EGAN00001440542 7 0 0 0 7 0 0
EGAN00001440566 10 0 0 0 10 0 0
EGAN00001440641 13 0 0 0 13 0 0
EGAN00001440710 11 0 0 0 11 0 0
EGAN00001440723 5 0 0 0 5 0 0
EGAN00001442167 8 0 0 0 8 0 0
EGAN00001442174 10 0 0 0 10 0 0
EGAN00001442203 9 0 0 0 9 0 0
EGAN00001442204 12 0 0 0 12 0 0
EGAN00001442210 10 0 0 0 10 0 0
EGAN00001442231 12 0 0 0 12 0 0
EGAN00001442238 8 0 0 0 8 0 0
EGAN00001442436 12 0 0 0 12 0 0
EGAN00001442449 15 0 0 0 15 0 0
EGAN00001442458 9 0 0 0 9 0 0
EGAN00001442474 8 0 0 0 8 0 0
EGAN00001442489 11 0 0 0 11 0 0
EGAN00001443772 8 0 0 0 7 1 0
EGAN00001444312 9 0 0 0 9 0 0
EGAN00001444317 15 0 0 0 14 1 0
EGAN00001444318 14 0 0 0 14 0 0
EGAN00001444415 7 0 0 0 6 1 0
EGAN00001444475 20 0 0 0 20 0 0
EGAN00001444482 7 0 0 0 7 0 0
EGAN00001444841 14 0 0 0 14 0 0
EGAN00001444984 15 0 0 0 15 0 0
EGAN00001445004 11 0 0 0 11 0 0
EGAN00001445013 10 0 0 0 10 0 0
EGAN00001445033 8 0 0 0 8 0 0
EGAN00001445043 17 0 0 0 17 0 0
EGAN00001445071 13 0 0 0 13 0 0
EGAN00001445077 10 0 0 0 10 0 0
EGAN00001445079 18 0 0 0 18 0 0
EGAN00001445081 14 0 0 0 14 0 0
EGAN00001445085 9 0 0 0 9 0 0
EGAN00001445454 10 0 0 0 10 0 0
EGAN00001445456 16 0 0 0 16 0 0
EGAN00001445463 7 0 0 0 7 0 0
EGAN00001445494 4 0 0 0 4 0 0
EGAN00001445507 11 0 0 0 11 0 0
EGAN00001445512 11 0 0 0 11 0 0
EGAN00001445521 6 0 0 0 6 0 0
EGAN00001445525 15 0 0 0 15 0 0
EGAN00001446662 13 0 0 0 13 0 0
EGAN00001446688 7 0 0 0 7 0 0
EGAN00001446689 8 0 0 0 8 0 0
EGAN00001446697 6 0 0 0 6 0 0
EGAN00001486675 11 0 0 0 11 0 0
EGAN00001486681 11 0 0 0 11 0 0
EGAN00001486687 14 0 1 0 13 0 0
EGAN00001559552 8 0 0 0 8 0 0
EGAN00001559573 18 0 0 0 18 0 0
EGAN00001559631 17 0 0 1 16 0 0
EGAN00001559637 9 0 0 0 9 0 0
EGAN00001559644 7 0 0 0 7 0 0
EGAN00001559648 13 0 1 0 12 0 0
EGAN00001559656 11 0 0 1 10 0 0
EGAN00001559663 12 0 0 0 12 0 0
EGAN00001559670 9 0 0 0 8 1 0
EGAN00001559678 12 0 0 0 11 1 0
EGAN00001559693 9 0 0 0 9 0 0
EGAN00001559701 11 0 0 0 11 0 0
EGAN00001559716 12 0 0 0 12 0 0
EGAN00001559739 12 0 0 0 12 0 0
EGAN00001559761 11 0 0 0 11 0 0
EGAN00001559766 15 0 0 0 15 0 0
EGAN00001559774 3 0 0 0 3 0 0
EGAN00001559782 17 0 0 0 17 0 0
EGAN00001559799 12 0 0 0 12 0 0
EGAN00001559808 14 0 0 0 14 0 0
EGAN00001559814 10 0 0 0 10 0 0
EGAN00001559826 18 0 0 0 18 0 0
EGAN00001559843 13 0 0 0 13 0 0
EGAN00001559849 22 0 0 0 22 0 0
EGAN00001559881 7 0 0 0 7 0 0
EGAN00001559902 15 0 0 0 15 0 0
EGAN00001559926 21 0 0 0 21 0 0
EGAN00001559933 13 0 0 0 13 0 0
EGAN00001559939 9 0 0 0 9 0 0
EGAN00001559962 14 0 0 0 14 0 0
EGAN00001559967 12 0 0 0 12 0 0
EGAN00001559995 10 0 0 0 10 0 0
EGAN00001560016 20 0 0 0 20 0 0
EGAN00001560034 18 0 0 0 18 0 0
EGAN00001560035 17 0 0 0 17 0 0
EGAN00001560050 17 0 0 0 17 0 0
EGAN00001560052 9 0 0 0 9 0 0
EGAN00001560068 8 0 0 0 8 0 0
EGAN00001560084 13 0 0 0 13 0 0
EGAN00001560085 14 0 0 0 14 0 0
EGAN00001560090 18 0 0 0 18 0 0
EGAN00001560096 15 0 0 0 15 0 0
EGAN00001560098 13 0 0 0 13 0 0
EGAN00001560124 18 0 0 0 18 0 0
EGAN00001560145 8 0 0 0 8 0 0
EGAN00001560153 7 0 0 0 7 0 0
EGAN00001560162 16 0 0 0 16 0 0
EGAN00001560183 8 0 0 0 8 0 0
EGAN00001560192 7 0 0 0 7 0 0
EGAN00001560207 14 0 0 0 14 0 0
EGAN00001560214 9 0 0 0 9 0 0
EGAN00001560218 13 0 0 0 13 0 0
EGAN00001560231 11 0 0 0 11 0 0
EGAN00001560243 7 0 0 0 7 0 0
EGAN00001560269 7 0 0 0 7 0 0
EGAN00001560308 6 0 0 0 6 0 0
EGAN00001560313 7 0 0 0 7 0 0
EGAN00001560314 19 0 0 0 19 0 0
EGAN00001560320 11 0 0 0 11 0 0
EGAN00001560322 14 0 0 0 14 0 0
EGAN00001560332 12 0 0 0 12 0 0
EGAN00001560346 8 0 0 0 8 0 0
EGAN00001560356 9 0 0 0 9 0 0
EGAN00001560362 9 0 0 0 9 0 0
EGAN00001560370 10 0 0 0 10 0 0
EGAN00001560386 12 0 0 0 11 1 0
EGAN00001560396 16 0 0 0 16 0 0
EGAN00001560410 16 0 0 0 15 1 0
EGAN00001560418 13 0 0 0 13 0 0
EGAN00001560424 20 0 1 0 19 0 0
EGAN00001560448 9 0 0 0 9 0 0
EGAN00001560453 21 0 0 0 21 0 0
EGAN00001560464 11 0 0 0 11 0 0
EGAN00001560478 12 0 0 0 12 0 0
EGAN00001560485 21 0 0 0 21 0 0
EGAN00001560513 12 0 0 0 12 0 0
EGAN00001560515 17 0 0 0 17 0 0
EGAN00001560516 13 0 0 0 13 0 0
EGAN00001560524 24 0 0 0 24 0 0
EGAN00001560527 8 0 0 0 8 0 0
EGAN00001560540 3 0 0 0 3 0 0
EGAN00001560547 12 0 0 0 12 0 0
EGAN00001560549 7 0 0 0 7 0 0
EGAN00001560559 18 0 0 0 18 0 0
EGAN00001560583 10 0 0 0 10 0 0
EGAN00001560592 9 0 0 0 9 0 0
EGAN00001560595 13 0 0 0 13 0 0
EGAN00001560606 8 0 0 0 8 0 0
EGAN00001560609 7 0 0 0 7 0 0
EGAN00001560616 16 0 0 0 16 0 0
EGAN00001560633 16 0 0 0 16 0 0
EGAN00001560665 10 0 0 0 10 0 0
EGAN00001560675 9 0 0 0 9 0 0
EGAN00001560686 11 0 0 0 11 0 0
EGAN00001560693 14 0 0 0 14 0 0
EGAN00001560695 9 0 0 0 9 0 0
EGAN00001560708 13 0 0 0 13 0 0
EGAN00001560710 13 0 0 0 13 0 0
EGAN00001560737 10 0 0 0 10 0 0
EGAN00001560738 8 0 0 0 8 0 0
EGAN00001560739 7 0 0 0 7 0 0
EGAN00001560761 13 0 0 0 13 0 0
EGAN00001560769 14 0 0 0 14 0 0
EGAN00001560786 9 0 0 0 9 0 0
EGAN00001560788 20 0 0 0 20 0 0
EGAN00001560813 12 0 0 0 12 0 0
EGAN00001560820 6 0 0 0 6 0 0
EGAN00001560821 15 0 0 0 15 0 0
EGAN00001560824 8 0 0 0 8 0 0
EGAN00001560853 7 0 0 0 7 0 0
EGAN00001560869 10 0 0 0 10 0 0
EGAN00001560889 9 0 0 0 9 0 0
EGAN00001560906 4 0 0 0 4 0 0
EGAN00001560912 15 0 0 0 15 0 0
EGAN00001560929 17 0 0 0 17 0 0
EGAN00001560938 14 0 0 0 14 0 0
EGAN00001560951 17 0 0 0 17 0 0
EGAN00001560966 8 0 0 0 7 1 0
EGAN00001560974 14 0 0 0 14 0 0
EGAN00001560985 8 0 0 0 8 0 0
EGAN00001560994 10 0 0 0 10 0 0
EGAN00001560995 13 0 0 0 13 0 0
EGAN00001561020 11 0 0 0 11 0 0
EGAN00001561055 9 0 0 0 9 0 0
EGAN00001561079 19 0 0 0 19 0 0
EGAN00001561085 13 0 0 0 13 0 0
EGAN00001561103 18 0 0 0 18 0 0
EGAN00001561148 9 0 0 0 9 0 0
EGAN00001561154 10 0 0 0 10 0 0
EGAN00001561172 17 0 0 0 17 0 0
EGAN00001561199 5 0 0 0 5 0 0
EGAN00001561200 7 0 0 0 7 0 0
EGAN00001561201 12 0 0 0 12 0 0
EGAN00001561206 15 0 0 0 15 0 0
EGAN00001561221 13 0 0 0 13 0 0
EGAN00001561231 15 0 0 0 15 0 0
EGAN00001561234 11 0 0 0 11 0 0
EGAN00001561251 8 0 0 0 8 0 0
EGAN00001561252 12 0 0 0 12 0 0
EGAN00001561280 18 0 0 0 18 0 0
EGAN00001561296 11 0 0 0 11 0 0
EGAN00001561299 9 0 0 0 9 0 0
EGAN00001561303 11 0 0 0 11 0 0
EGAN00001561312 11 0 0 0 11 0 0
EGAN00001561373 14 0 0 0 14 0 0
EGAN00001561380 7 0 0 0 7 0 0
EGAN00001561393 19 0 0 0 19 0 0
EGAN00001561406 12 0 0 0 12 0 0
EGAN00001561412 8 0 0 0 8 0 0
EGAN00001561414 18 0 0 0 18 0 0
EGAN00001561425 14 0 0 0 14 0 0
EGAN00001561431 11 0 0 0 11 0 0
EGAN00001561442 16 0 0 0 16 0 0
EGAN00001561448 3 0 0 0 3 0 0
EGAN00001561453 11 0 0 0 11 0 0
EGAN00001561456 8 0 0 0 8 0 0
EGAN00001561458 8 0 0 0 8 0 0
EGAN00001561467 14 0 0 0 14 0 0
EGAN00001561476 4 0 0 0 4 0 0
EGAN00001561503 8 0 0 0 8 0 0
EGAN00001561508 12 0 0 0 12 0 0
EGAN00001561510 13 0 0 0 13 0 0
EGAN00001561542 11 0 0 0 11 0 0
EGAN00001561554 6 0 0 0 6 0 0
EGAN00001569013 15 0 0 0 14 1 0
EGAN00001572904 9 0 0 0 9 0 0
EGAN00001572939 8 0 0 0 8 0 0
EGAN00001575966 16 0 0 0 16 0 0
EGAN00001575982 18 0 0 0 18 0 0
EGAN00001576013 13 0 0 0 13 0 0
EGAN00001576017 14 0 0 0 14 0 0
EGAN00001576033 11 0 0 0 11 0 0
EGAN00001576040 16 0 0 0 16 0 0
EGAN00001576047 14 0 0 0 14 0 0
EGAN00001576056 10 0 0 0 10 0 0
EGAN00001576064 11 0 0 0 11 0 0
EGAN00001576068 13 0 0 0 13 0 0
EGAN00001576070 24 0 0 0 24 0 0
EGAN00001576074 14 0 0 0 14 0 0
EGAN00001576094 19 0 0 0 19 0 0
EGAN00001576100 17 0 0 0 17 0 0
EGAN00001576104 19 0 0 0 19 0 0
EGAN00001576114 8 0 0 0 8 0 0
EGAN00001576126 17 0 0 0 17 0 0
EGAN00001576168 7 0 0 0 7 0 0
EGAN00001576188 18 0 0 0 18 0 0
EGAN00001576205 15 0 0 0 15 0 0
EGAN00001576216 13 0 0 0 13 0 0
EGAN00001576226 10 0 0 0 10 0 0
EGAN00001576240 15 0 1 0 14 0 0
EGAN00001576245 10 0 0 0 10 0 0
EGAN00001576247 8 0 0 0 8 0 0
EGAN00001576249 11 0 0 0 11 0 0
EGAN00001576253 10 0 0 0 10 0 0
EGAN00001576258 14 0 0 0 14 0 0
EGAN00001576264 7 0 0 0 7 0 0
EGAN00001576272 13 0 0 0 13 0 0
EGAN00001576273 20 0 0 0 20 0 0
EGAN00001576277 7 0 0 0 7 0 0
EGAN00001576296 13 0 0 0 13 0 0
EGAN00001576314 17 0 0 0 17 0 0
EGAN00001576321 11 0 0 0 11 0 0
EGAN00001576324 8 0 0 0 8 0 0
EGAN00001576334 19 0 0 0 19 0 0
EGAN00001576367 17 0 0 1 16 0 0
EGAN00001576379 17 0 0 0 17 0 0
EGAN00001576393 18 0 0 0 18 0 0
EGAN00001576415 11 0 0 0 11 0 0
EGAN00001576428 18 0 0 0 18 0 0
EGAN00001576431 5 0 0 0 5 0 0
EGAN00001576439 12 0 0 0 12 0 0
EGAN00001576442 12 0 0 0 12 0 0
EGAN00001576452 11 0 0 0 11 0 0
EGAN00001576459 5 0 0 0 5 0 0
EGAN00001576482 5 0 0 0 5 0 0
EGAN00001576490 16 0 0 0 16 0 0
EGAN00001576502 14 0 0 0 14 0 0
EGAN00001576514 21 0 0 0 21 0 0
EGAN00001576515 12 0 0 0 12 0 0
EGAN00001576553 12 0 0 0 12 0 0
EGAN00001576555 9 0 0 0 9 0 0
EGAN00001576558 13 0 1 0 12 0 0
EGAN00001576566 15 0 0 0 15 0 0
EGAN00001576575 11 0 0 0 11 0 0
EGAN00001576611 13 0 0 0 13 0 0
EGAN00001576639 15 0 0 0 15 0 0
EGAN00001576651 16 0 0 0 16 0 0
EGAN00001576682 6 0 0 0 6 0 0
EGAN00001576692 12 0 0 0 12 0 0
EGAN00001576705 7 0 0 0 7 0 0
EGAN00001576718 9 0 0 0 9 0 0
EGAN00001579169 11 0 0 0 11 0 0
EGAN00001579171 8 0 0 0 8 0 0
EGAN00001583153 8 0 0 0 8 0 0
EGAN00001583162 17 0 0 0 17 0 0
EGAN00001583163 12 0 0 0 12 0 0
EGAN00001583178 11 0 0 0 11 0 0
EGAN00001583180 8 0 0 0 8 0 0
EGAN00001583181 12 0 0 0 12 0 0
EGAN00001583193 11 0 0 0 11 0 0
EGAN00001583197 13 0 0 0 13 0 0
EGAN00001583205 8 0 0 0 8 0 0
EGAN00001583212 9 0 0 0 9 0 0
EGAN00001583219 11 0 0 0 11 0 0
EGAN00001583224 19 0 0 0 19 0 0
EGAN00001583226 12 0 0 0 12 0 0
EGAN00001583243 14 0 0 0 14 0 0
EGAN00001583244 15 0 0 0 15 0 0
EGAN00001583254 18 0 0 0 18 0 0
EGAN00001583261 11 0 0 0 11 0 0
EGAN00001583263 10 0 0 0 10 0 0
EGAN00001583265 17 0 0 0 17 0 0
EGAN00001583284 15 0 1 0 14 0 0
EGAN00001583286 7 0 0 0 7 0 0
EGAN00001583301 14 0 0 0 14 0 0
EGAN00001583306 17 0 0 0 17 0 0
EGAN00001583343 14 0 0 0 14 0 0
EGAN00001583345 15 0 0 0 15 0 0
EGAN00001583356 7 0 0 0 7 0 0
EGAN00001583369 7 0 0 0 7 0 0
EGAN00001583385 13 0 0 0 13 0 0
EGAN00001583389 8 0 0 0 8 0 0
EGAN00001583391 9 0 0 0 9 0 0
EGAN00001583392 11 0 0 0 11 0 0
EGAN00001583412 14 0 0 0 14 0 0
EGAN00001583457 11 0 0 0 11 0 0
EGAN00001583470 10 0 0 0 10 0 0
EGAN00001583494 7 0 0 0 7 0 0
EGAN00001583512 10 0 0 0 10 0 0
EGAN00001583541 9 0 0 0 9 0 0
EGAN00001583549 9 0 0 0 9 0 0
EGAN00001583560 8 0 0 0 8 0 0
EGAN00001583568 12 0 0 0 12 0 0
EGAN00001583572 14 0 0 0 14 0 0
EGAN00001583582 7 0 0 0 7 0 0
EGAN00001583601 18 0 0 0 18 0 0
EGAN00001583605 15 0 0 0 15 0 0
EGAN00001583609 15 0 0 0 15 0 0
EGAN00001583611 14 0 0 0 14 0 0
EGAN00001583640 18 0 0 0 18 0 0
EGAN00001583651 13 0 0 0 13 0 0
EGAN00001583686 4 0 0 0 4 0 0
EGAN00001583692 17 0 0 0 16 0 1
EGAN00001583724 11 0 0 0 11 0 0
EGAN00001583742 12 0 0 0 12 0 0
EGAN00001583765 9 0 0 0 9 0 0
EGAN00001583766 14 0 0 0 14 0 0
EGAN00001583772 11 0 0 0 10 1 0
EGAN00001583814 11 0 0 0 11 0 0
EGAN00001583825 11 0 0 0 11 0 0
EGAN00001583828 9 0 0 0 9 0 0
EGAN00001583831 12 0 0 0 12 0 0
EGAN00001583841 17 0 0 0 17 0 0
EGAN00001583853 20 0 0 0 20 0 0
EGAN00001583858 11 0 0 0 11 0 0
EGAN00001583868 10 0 0 0 10 0 0
EGAN00001583899 8 0 0 0 8 0 0
EGAN00001583921 5 0 0 0 5 0 0
EGAN00001583924 11 0 0 0 11 0 0
EGAN00001583925 12 0 0 0 12 0 0
EGAN00001583933 13 0 0 0 13 0 0
EGAN00001584036 10 0 0 0 10 0 0
EGAN00001584047 9 0 0 0 9 0 0
EGAN00001584049 13 0 0 0 13 0 0
EGAN00001584057 12 0 0 0 11 1 0
EGAN00001584062 16 0 0 0 16 0 0
EGAN00001584081 13 0 0 0 13 0 0
EGAN00001584088 7 0 0 0 7 0 0
EGAN00001584090 20 0 0 0 20 0 0
EGAN00001584093 10 0 0 0 10 0 0
EGAN00001584094 20 0 0 0 20 0 0
EGAN00001584105 10 0 0 0 10 0 0
EGAN00001584106 12 0 0 0 12 0 0
EGAN00001584115 13 0 0 0 13 0 0
EGAN00001584121 13 0 0 0 13 0 0
EGAN00001584137 15 0 0 0 15 0 0
EGAN00001584139 11 0 0 0 11 0 0
EGAN00001584140 8 0 0 0 8 0 0
EGAN00001584144 10 0 0 0 10 0 0
EGAN00001584198 11 0 0 0 11 0 0
EGAN00001584205 16 0 0 0 16 0 0
EGAN00001584210 8 0 0 0 8 0 0
EGAN00001584212 9 0 0 0 9 0 0
EGAN00001584219 7 0 0 0 7 0 0
EGAN00001584226 11 0 0 0 11 0 0
EGAN00001584245 7 0 0 0 7 0 0
EGAN00001584254 15 0 0 0 15 0 0
EGAN00001584279 8 0 0 0 8 0 0
EGAN00001584280 11 0 1 0 10 0 0
EGAN00001584292 8 0 0 0 8 0 0
EGAN00001584299 9 0 0 0 9 0 0
EGAN00001584334 17 0 0 0 17 0 0
EGAN00001584348 19 0 0 0 19 0 0
EGAN00001584355 12 0 0 0 12 0 0
EGAN00001584367 15 0 0 0 15 0 0
EGAN00001584368 23 0 0 0 23 0 0
EGAN00001584369 22 0 0 0 22 0 0
EGAN00001584374 7 0 0 0 7 0 0
EGAN00001584384 10 0 0 0 10 0 0
EGAN00001584389 8 0 0 0 8 0 0
EGAN00001584393 8 0 0 0 8 0 0
EGAN00001584404 25 0 0 0 25 0 0
EGAN00001584410 17 0 0 0 17 0 0
EGAN00001584419 12 0 0 0 12 0 0
EGAN00001584421 15 0 0 0 15 0 0
EGAN00001584426 6 0 0 0 6 0 0
EGAN00001584447 13 0 0 0 13 0 0
EGAN00001584469 16 0 0 0 16 0 0
EGAN00001584470 9 0 0 0 9 0 0
EGAN00001584475 9 0 0 0 9 0 0
EGAN00001584497 8 0 0 0 8 0 0
EGAN00001584525 17 0 0 0 17 0 0
EGAN00001584530 15 0 0 0 15 0 0
EGAN00001584531 20 0 0 0 20 0 0
EGAN00001584562 10 0 0 0 10 0 0
EGAN00001584578 10 0 0 0 10 0 0
EGAN00001584585 16 0 0 0 16 0 0
EGAN00001584587 10 0 0 0 10 0 0
EGAN00001584590 10 0 0 0 10 0 0
EGAN00001584594 14 0 0 0 14 0 0
EGAN00001584621 16 0 0 0 16 0 0
EGAN00001584662 18 0 0 0 18 0 0
EGAN00001584670 11 0 0 0 11 0 0
EGAN00001584681 6 0 1 0 5 0 0
EGAN00001584682 15 0 0 0 15 0 0
EGAN00001584686 8 0 0 0 8 0 0
EGAN00001584695 11 0 0 0 11 0 0
EGAN00001584701 12 0 0 0 12 0 0
EGAN00001584748 16 0 0 0 16 0 0
EGAN00001584752 11 0 0 0 11 0 0
EGAN00001584770 7 0 0 0 7 0 0
EGAN00001584776 6 0 0 0 6 0 0
EGAN00001584789 6 0 0 0 6 0 0
EGAN00001584799 16 0 0 0 16 0 0
EGAN00001584807 18 0 0 0 18 0 0
EGAN00001584818 9 0 0 0 9 0 0
EGAN00001584827 10 0 0 0 10 0 0
EGAN00001584831 12 0 0 0 12 0 0
EGAN00001584844 6 0 0 0 6 0 0
EGAN00001584856 9 0 0 0 9 0 0
EGAN00001584876 10 0 0 0 10 0 0
EGAN00001584878 16 0 0 0 16 0 0
EGAN00001584887 5 0 0 0 5 0 0
EGAN00001584890 9 0 0 0 9 0 0
EGAN00001584902 8 0 0 0 8 0 0
EGAN00001584908 13 0 0 0 13 0 0
EGAN00001584924 14 0 0 0 14 0 0
EGAN00001584927 6 0 0 0 6 0 0
EGAN00001584940 11 0 0 0 11 0 0
EGAN00001584952 16 0 0 0 16 0 0
EGAN00001584966 11 0 0 0 11 0 0
EGAN00001584970 6 0 0 0 6 0 0
EGAN00001584972 11 0 0 0 11 0 0
EGAN00001585037 18 0 0 0 18 0 0
EGAN00001585049 19 0 0 0 19 0 0
EGAN00001585062 11 0 0 0 11 0 0
EGAN00001585083 5 0 0 0 5 0 0
EGAN00001585105 16 0 0 0 16 0 0
EGAN00001585131 14 0 0 0 14 0 0
EGAN00001585136 13 0 0 0 13 0 0
EGAN00001585163 14 0 0 0 14 0 0
EGAN00001585167 9 0 0 0 9 0 0
EGAN00001585175 6 0 0 0 6 0 0
EGAN00001585178 10 0 0 0 10 0 0
EGAN00001585191 13 0 0 0 13 0 0
EGAN00001585193 14 0 0 0 14 0 0
EGAN00001585195 12 0 0 0 12 0 0
EGAN00001585197 10 0 0 0 10 0 0
EGAN00001585198 15 0 0 0 15 0 0
EGAN00001585202 9 0 0 0 9 0 0
EGAN00001585228 7 0 0 0 7 0 0
EGAN00001585231 16 0 0 0 16 0 0
EGAN00001585239 6 0 0 0 6 0 0
EGAN00001585244 10 0 0 0 10 0 0
EGAN00001585262 15 0 0 0 15 0 0
EGAN00001585265 12 0 0 0 12 0 0
EGAN00001585280 16 0 0 0 16 0 0
EGAN00001585318 16 0 0 0 16 0 0
EGAN00001585319 13 0 0 0 13 0 0
EGAN00001585322 14 0 0 0 14 0 0
EGAN00001585328 11 0 0 0 11 0 0
EGAN00001585331 6 0 0 0 6 0 0
EGAN00001585337 14 0 0 0 14 0 0
EGAN00001585349 10 0 0 0 10 0 0
EGAN00001585350 7 0 0 0 7 0 0
EGAN00001585368 13 0 0 0 13 0 0
EGAN00001585387 6 0 0 0 6 0 0
EGAN00001585388 17 0 0 0 17 0 0
EGAN00001585391 13 0 0 0 13 0 0
EGAN00001585393 17 0 0 0 17 0 0
EGAN00001585404 16 0 0 0 16 0 0
EGAN00001585423 11 0 0 0 11 0 0
EGAN00001585439 13 0 0 0 13 0 0
EGAN00001585440 9 0 0 0 9 0 0
EGAN00001585449 15 0 0 0 15 0 0
EGAN00001585462 15 0 0 0 15 0 0
EGAN00001585473 9 0 0 0 9 0 0
EGAN00001585477 11 0 0 0 11 0 0
EGAN00001585491 12 0 0 0 12 0 0
EGAN00001585505 11 0 0 0 11 0 0
EGAN00001585506 12 0 0 0 12 0 0
EGAN00001585507 11 0 0 0 11 0 0
EGAN00001585518 13 0 0 0 13 0 0
EGAN00001585529 14 0 0 0 14 0 0
EGAN00001585530 10 0 0 0 10 0 0
EGAN00001585536 22 0 0 0 22 0 0
EGAN00001585557 9 0 0 0 9 0 0
EGAN00001585560 15 0 0 0 15 0 0
EGAN00001585569 7 0 0 0 7 0 0
EGAN00001585604 12 0 0 0 12 0 0
EGAN00001585621 10 0 0 0 10 0 0
EGAN00001585625 11 0 0 0 11 0 0
EGAN00001585628 14 0 0 0 14 0 0
EGAN00001585629 19 0 0 0 19 0 0
EGAN00001585639 8 0 0 0 8 0 0
EGAN00001585649 19 0 0 1 18 0 0
EGAN00001585650 21 0 0 0 20 1 0
EGAN00001585657 13 0 0 0 13 0 0
EGAN00001585676 14 0 0 0 14 0 0
EGAN00001585681 3 0 0 0 3 0 0
EGAN00001585693 9 0 0 0 9 0 0
EGAN00001585705 17 0 0 0 17 0 0
EGAN00001585726 15 0 0 0 15 0 0
EGAN00001585735 7 0 0 0 7 0 0
EGAN00001585751 9 0 0 0 9 0 0
EGAN00001585755 6 0 0 0 6 0 0
EGAN00001585773 5 0 0 0 5 0 0
EGAN00001585802 12 0 0 0 12 0 0
EGAN00001585821 11 0 0 0 11 0 0
EGAN00001585822 7 0 0 0 7 0 0
EGAN00001585840 15 0 0 0 15 0 0
EGAN00001585842 10 0 0 0 10 0 0
EGAN00001585849 11 0 0 0 11 0 0
EGAN00001585852 13 0 0 0 13 0 0
EGAN00001585857 12 0 0 0 12 0 0
EGAN00001585870 18 0 0 0 18 0 0
EGAN00001585871 6 0 0 0 6 0 0
EGAN00001585884 25 0 0 0 25 0 0
EGAN00001585910 17 0 0 0 17 0 0
EGAN00001585946 10 0 0 0 10 0 0
EGAN00001585953 10 0 0 0 10 0 0
EGAN00001585980 14 0 0 0 14 0 0
EGAN00001585989 4 0 0 0 4 0 0
EGAN00001586004 13 0 0 0 13 0 0
EGAN00001586011 9 0 0 0 9 0 0
EGAN00001586036 10 0 0 0 10 0 0
EGAN00001586045 14 0 0 0 14 0 0
EGAN00001586049 17 0 0 0 17 0 0
EGAN00001586050 7 0 0 0 7 0 0
EGAN00001586055 18 0 0 0 18 0 0
EGAN00001586060 12 0 0 0 12 0 0
EGAN00001586066 16 0 0 0 16 0 0
EGAN00001586069 14 0 0 0 14 0 0
EGAN00001586081 16 0 0 0 16 0 0
EGAN00001586083 21 0 0 0 21 0 0
EGAN00001586104 15 0 0 0 15 0 0
EGAN00001586112 15 0 0 0 15 0 0
EGAN00001586117 14 0 0 0 14 0 0
EGAN00001586125 10 0 0 0 10 0 0
EGAN00001586148 13 0 0 0 13 0 0
EGAN00001586165 14 0 0 0 14 0 0
EGAN00001586175 9 0 0 0 9 0 0
EGAN00001586181 14 0 0 0 14 0 0
EGAN00001586191 6 0 0 0 6 0 0
EGAN00001586205 11 0 0 0 11 0 0
EGAN00001586206 7 0 0 0 7 0 0
EGAN00001599246 11 0 0 0 11 0 0
EGAN00001599251 15 0 0 0 15 0 0
EGAN00001599261 6 0 0 0 6 0 0
EGAN00001599262 16 0 0 0 16 0 0
EGAN00001599270 7 0 0 0 7 0 0
EGAN00001599275 6 0 0 0 6 0 0
EGAN00001599281 12 0 0 0 12 0 0
EGAN00001599290 14 0 0 0 14 0 0
EGAN00001599298 9 0 0 0 9 0 0
EGAN00001599353 18 0 0 0 17 1 0
EGAN00001599360 7 0 0 0 7 0 0
EGAN00001599375 10 0 0 0 10 0 0
EGAN00001599391 15 0 0 0 15 0 0
EGAN00001599393 18 0 0 0 18 0 0
EGAN00001599404 10 0 0 0 10 0 0
EGAN00001599406 13 0 0 0 13 0 0
EGAN00001599407 14 0 0 0 14 0 0
EGAN00001599410 8 0 0 0 8 0 0
EGAN00001599411 4 0 0 0 4 0 0
EGAN00001599421 16 0 0 0 16 0 0
EGAN00001599432 19 0 0 0 19 0 0
EGAN00001599445 12 0 0 0 12 0 0
EGAN00001599448 7 0 0 0 7 0 0
EGAN00001599449 11 0 0 0 11 0 0
EGAN00001599452 14 0 0 0 14 0 0
EGAN00001599455 10 0 0 0 10 0 0
EGAN00001599456 11 0 0 0 11 0 0
EGAN00001599457 11 0 0 0 11 0 0
EGAN00001599461 9 0 0 0 9 0 0
EGAN00001599480 12 0 0 0 12 0 0
EGAN00001599501 11 0 0 0 11 0 0
EGAN00001599506 14 0 0 0 14 0 0
EGAN00001599542 9 0 0 0 9 0 0
EGAN00001599555 14 0 0 1 13 0 0
EGAN00001599567 7 0 0 0 6 1 0
EGAN00001599576 18 0 0 0 18 0 0
EGAN00001599593 3 0 0 0 3 0 0
EGAN00001599599 11 0 0 0 11 0 0
EGAN00001599625 10 0 0 0 10 0 0
EGAN00001599637 56 0 0 0 56 0 0
EGAN00001599655 36 0 0 0 36 0 0
EGAN00001599686 16 0 0 0 16 0 0
EGAN00001599694 4 0 0 0 4 0 0
EGAN00001599696 21 0 0 0 21 0 0
EGAN00001599700 4 0 0 0 4 0 0
EGAN00001599703 12 0 0 0 12 0 0
EGAN00001599711 11 0 0 0 11 0 0
EGAN00001599722 6 0 0 0 6 0 0
EGAN00001599749 13 0 0 0 13 0 0
EGAN00001599760 3 0 0 0 3 0 0
EGAN00001599774 12 0 0 0 12 0 0
EGAN00001599777 6 0 0 0 6 0 0
EGAN00001599780 13 0 0 0 13 0 0
EGAN00001599802 14 0 0 0 14 0 0
EGAN00001599817 19 0 0 0 19 0 0
EGAN00001599825 8 0 0 0 8 0 0
EGAN00001599870 15 0 0 0 15 0 0
EGAN00001599876 8 0 0 0 8 0 0
EGAN00001599887 8 0 0 0 8 0 0
EGAN00001599896 12 0 0 0 12 0 0
EGAN00001599904 17 0 0 0 17 0 0
EGAN00001599915 20 0 0 0 20 0 0
EGAN00001599917 16 0 0 0 16 0 0
EGAN00001599932 14 0 0 0 14 0 0
EGAN00001671033 9 0 0 0 9 0 0
EGAN00001671807 12 0 0 0 12 0 0
EGAN00001671828 11 0 0 0 11 0 0
EGAN00001671840 8 0 0 0 8 0 0
EGAN00001671857 9 0 0 0 9 0 0
EGAN00001671875 7 0 0 0 7 0 0
EGAN00001671876 8 0 0 0 8 0 0
EGAN00001671878 6 0 0 0 6 0 0
EGAN00001671882 8 0 0 0 8 0 0
EGAN00001671919 7 0 0 0 7 0 0
EGAN00001671924 10 0 0 0 10 0 0
EGAN00001671928 10 0 0 0 10 0 0
EGAN00001671936 21 0 0 0 21 0 0
EGAN00001671948 9 0 0 0 9 0 0
EGAN00001671983 16 0 0 0 16 0 0
EGAN00001671999 3 0 0 0 3 0 0
EGAN00001672009 14 0 0 0 14 0 0
EGAN00001672013 13 0 0 0 13 0 0
EGAN00001672017 7 0 0 0 7 0 0
EGAN00001672025 7 0 0 0 7 0 0
EGAN00001672026 6 0 0 0 6 0 0
EGAN00001672054 22 0 0 0 22 0 0
EGAN00001672062 7 0 0 0 7 0 0
EGAN00001672074 5 0 0 0 5 0 0
EGAN00001672084 9 0 0 0 9 0 0
EGAN00001672093 8 0 0 0 8 0 0
EGAN00001672100 10 0 0 0 10 0 0
EGAN00001672104 9 0 0 0 8 1 0
EGAN00001672114 5 0 0 0 5 0 0
EGAN00001672116 4 0 0 0 4 0 0
EGAN00001672124 7 0 0 0 7 0 0
EGAN00001672126 8 0 0 0 8 0 0
EGAN00001672134 5 0 0 0 5 0 0
EGAN00001672147 11 0 0 0 11 0 0
EGAN00001672148 19 0 1 0 17 1 0
EGAN00001672152 11 0 0 0 11 0 0
EGAN00001672156 11 0 0 0 11 0 0
EGAN00001672161 7 0 0 0 7 0 0
EGAN00001672165 11 0 0 0 11 0 0
EGAN00001672169 11 0 0 0 11 0 0
EGAN00001672173 13 0 0 0 13 0 0
EGAN00001672178 2 0 0 0 2 0 0
EGAN00001672183 13 0 0 0 13 0 0
EGAN00001672190 13 0 0 0 13 0 0
EGAN00001672197 16 0 0 0 16 0 0
EGAN00001672210 15 0 0 1 14 0 0
EGAN00001672232 11 0 0 0 11 0 0
EGAN00001672243 16 0 0 0 16 0 0
EGAN00001672284 14 0 0 0 14 0 0
EGAN00001672288 10 0 0 0 10 0 0
EGAN00001672308 11 0 0 0 11 0 0
EGAN00001672316 7 0 0 0 7 0 0
EGAN00001672322 9 0 0 0 9 0 0
EGAN00001672330 11 0 0 0 11 0 0
EGAN00001672333 9 0 0 0 9 0 0
EGAN00001672334 12 0 0 0 12 0 0
EGAN00001672345 17 0 0 0 17 0 0
EGAN00001672354 17 0 0 0 17 0 0
EGAN00001672363 17 0 0 0 17 0 0
EGAN00001672376 26 0 0 0 26 0 0
EGAN00001672378 12 0 0 0 12 0 0
EGAN00001672383 34 0 0 0 34 0 0
EGAN00001672411 9 0 0 0 9 0 0
EGAN00001672428 11 0 0 0 11 0 0
EGAN00001672439 16 0 0 0 16 0 0
EGAN00001672452 12 0 0 0 12 0 0
EGAN00001672457 13 0 1 0 12 0 0
EGAN00001672462 24 0 0 0 24 0 0
EGAN00001672511 13 0 0 0 13 0 0
EGAN00001672536 8 0 0 0 8 0 0
EGAN00001672538 28 0 0 0 27 1 0
EGAN00001672542 17 0 0 0 17 0 0
EGAN00001672553 10 0 0 0 10 0 0
EGAN00001672554 11 0 0 0 11 0 0
EGAN00001672565 15 0 0 0 15 0 0
EGAN00001672572 11 0 0 0 11 0 0
EGAN00001672578 8 0 0 0 8 0 0
EGAN00001672580 11 0 0 0 11 0 0
EGAN00001672585 14 0 0 0 14 0 0
EGAN00001672593 19 0 0 0 19 0 0
EGAN00001672597 12 0 0 0 12 0 0
EGAN00001672601 16 0 0 0 16 0 0
EGAN00001672631 8 0 0 0 8 0 0
EGAN00001672646 12 0 0 0 12 0 0
EGAN00001672651 13 0 0 0 13 0 0
EGAN00001672675 11 0 0 0 11 0 0
EGAN00001672687 11 0 0 0 11 0 0
EGAN00001672714 19 0 0 0 19 0 0
EGAN00001672719 11 0 0 0 11 0 0
EGAN00001672736 3 0 0 0 3 0 0
EGAN00001672744 5 0 0 0 5 0 0
EGAN00001672745 15 0 0 0 15 0 0
EGAN00001672751 6 0 0 0 6 0 0
EGAN00001672763 8 0 0 0 8 0 0
EGAN00001672783 12 0 0 0 12 0 0
EGAN00001672790 7 0 0 0 7 0 0
EGAN00001672794 4 0 0 0 4 0 0
EGAN00001672797 10 0 0 0 10 0 0
EGAN00001672813 14 0 0 0 14 0 0
EGAN00001672820 22 0 0 0 22 0 0
EGAN00001672833 17 0 0 0 17 0 0
EGAN00001672839 11 0 0 0 11 0 0
EGAN00001672848 17 0 0 0 17 0 0
EGAN00001672870 8 0 0 0 8 0 0
EGAN00001672873 10 0 0 0 10 0 0
EGAN00001672877 18 0 0 0 18 0 0
EGAN00001672886 12 0 0 0 12 0 0
EGAN00001672896 10 0 0 0 10 0 0
EGAN00001672914 4 0 0 0 4 0 0
EGAN00001672923 13 0 0 0 13 0 0
EGAN00001672926 19 0 0 0 19 0 0
EGAN00001672930 11 0 0 0 11 0 0
EGAN00001672933 10 0 1 0 9 0 0
EGAN00001672940 7 0 0 0 7 0 0
EGAN00001672947 12 0 0 0 12 0 0
EGAN00001672969 9 0 0 0 9 0 0
EGAN00001672988 6 0 0 0 6 0 0
EGAN00001673014 11 0 0 0 11 0 0
EGAN00001673075 14 0 0 0 14 0 0
EGAN00001673103 8 0 0 0 8 0 0
EGAN00001673106 16 0 0 0 16 0 0
EGAN00001673115 10 0 1 0 9 0 0
EGAN00001673116 12 0 0 0 12 0 0
EGAN00001673128 5 0 0 0 5 0 0
EGAN00001673142 7 0 0 0 7 0 0
EGAN00001673167 17 0 0 0 17 0 0
EGAN00001673209 15 0 0 0 15 0 0
EGAN00001673245 9 0 0 0 9 0 0
EGAN00001673252 21 0 0 0 21 0 0
EGAN00001673257 18 0 0 0 18 0 0
EGAN00001673263 15 0 0 0 15 0 0
EGAN00001673285 9 0 0 0 9 0 0
EGAN00001673292 11 0 0 1 10 0 0
EGAN00001673302 14 0 0 0 14 0 0
EGAN00001673321 12 0 0 0 12 0 0
EGAN00001673329 11 0 0 0 11 0 0
EGAN00001673335 15 0 0 0 15 0 0
EGAN00001673347 9 0 0 0 9 0 0
EGAN00001673371 11 0 0 0 11 0 0
EGAN00001673418 15 0 0 0 15 0 0
EGAN00001673422 14 0 0 0 14 0 0
EGAN00001673446 13 0 0 0 13 0 0
EGAN00001673458 10 0 0 0 10 0 0
EGAN00001673521 10 0 0 0 10 0 0
EGAN00001673523 25 0 0 0 25 0 0
EGAN00001673532 14 0 0 0 14 0 0
EGAN00001673562 11 0 0 0 11 0 0
EGAN00001673578 12 0 0 0 12 0 0
EGAN00001673580 13 0 0 0 13 0 0
EGAN00001673583 13 0 0 0 13 0 0
EGAN00001673597 18 0 0 0 18 0 0
EGAN00001673607 14 0 0 0 14 0 0
EGAN00001673611 20 0 0 0 20 0 0
EGAN00001673632 13 0 0 0 13 0 0
EGAN00001673637 7 0 0 0 7 0 0
EGAN00001673670 11 0 0 0 11 0 0
EGAN00001673677 11 0 0 0 11 0 0
EGAN00001673693 16 0 0 0 16 0 0
EGAN00001673700 11 0 0 0 11 0 0
EGAN00001673727 20 0 0 0 20 0 0
EGAN00001673751 9 0 0 0 9 0 0
EGAN00001673782 19 0 0 0 19 0 0
EGAN00001673804 10 0 0 0 10 0 0
EGAN00001673810 21 0 0 0 21 0 0
EGAN00001730343 10 0 0 0 10 0 0
EGAN00001730397 15 0 1 0 14 0 0
EGAN00001730410 6 0 0 0 6 0 0
EGAN00001730434 14 0 0 0 13 1 0
EGAN00001730447 5 0 0 0 5 0 0
EGAN00001730450 7 0 0 1 6 0 0
EGAN00001730455 10 0 0 0 10 0 0
EGAN00001730460 17 0 1 0 16 0 0
EGAN00001730488 6 0 0 0 6 0 0
EGAN00001730502 12 0 0 0 12 0 0
EGAN00001730503 6 0 0 0 6 0 0
EGAN00001730521 7 0 0 0 7 0 0
EGAN00001730523 5 0 0 0 5 0 0
EGAN00001730529 11 0 0 0 11 0 0
EGAN00001740624 12 0 0 0 12 0 0
EGAN00001740630 14 0 0 0 14 0 0
EGAN00001740633 16 0 0 0 16 0 0
EGAN00001740634 16 0 0 0 16 0 0
EGAN00001740641 23 0 0 0 23 0 0
EGAN00001740654 14 0 0 0 14 0 0
EGAN00001740657 11 0 0 0 11 0 0
EGAN00001740658 6 0 0 0 6 0 0
EGAN00001740673 19 0 0 0 19 0 0
EGAN00001740680 3 0 0 0 3 0 0
EGAN00001740686 5 0 0 0 5 0 0
EGAN00001740691 7 0 0 0 7 0 0
EGAN00001740692 16 0 0 0 16 0 0
EGAN00001740695 4 0 0 0 4 0 0
EGAN00001740700 7 0 0 0 7 0 0
EGAN00001740704 8 0 0 0 8 0 0
EGAN00001740742 8 0 0 0 8 0 0
EGAN00001740752 12 0 0 0 12 0 0
EGAN00001740772 10 0 0 0 10 0 0
EGAN00001740774 6 0 0 0 6 0 0
EGAN00001740796 18 0 0 1 17 0 0
EGAN00001740797 8 0 0 0 8 0 0
EGAN00001740802 10 0 0 0 10 0 0
EGAN00001740806 10 0 0 0 10 0 0
EGAN00001740827 16 0 0 0 16 0 0
EGAN00001740848 9 0 0 0 9 0 0
EGAN00001740858 10 0 0 0 10 0 0
EGAN00001740884 13 0 0 0 13 0 0
EGAN00001740885 17 0 0 0 17 0 0
EGAN00001740904 9 0 0 0 9 0 0
EGAN00001740906 9 0 0 0 9 0 0
EGAN00001740907 8 0 0 0 8 0 0
EGAN00001740918 21 0 0 0 21 0 0
EGAN00001740921 11 0 0 0 11 0 0
EGAN00001740927 16 0 0 0 16 0 0
EGAN00001740932 7 0 0 0 7 0 0
EGAN00001740944 14 0 0 0 14 0 0
EGAN00001740955 18 0 0 0 18 0 0
EGAN00001740957 7 0 0 0 7 0 0
EGAN00001740967 14 0 0 0 14 0 0
EGAN00001740970 11 0 0 0 11 0 0
EGAN00001740973 17 0 0 0 17 0 0
EGAN00001740978 12 0 0 0 12 0 0
EGAN00001740988 15 0 0 0 15 0 0
EGAN00001741035 14 0 1 0 13 0 0
EGAN00001741056 10 0 0 0 10 0 0
EGAN00001741057 12 0 0 0 12 0 0
EGAN00001741066 4 0 0 0 4 0 0
EGAN00001741073 9 0 0 0 9 0 0
EGAN00001741075 10 0 0 0 10 0 0
EGAN00001741087 13 0 0 1 12 0 0
EGAN00001741090 11 0 0 0 11 0 0
EGAN00001741093 9 0 0 0 9 0 0
EGAN00001741099 15 0 0 0 15 0 0
EGAN00001741107 3 0 0 0 3 0 0
EGAN00001741120 8 0 0 0 8 0 0
EGAN00001741122 8 0 0 0 8 0 0
EGAN00001741140 5 0 0 0 4 1 0
EGAN00001741150 9 0 0 0 9 0 0
EGAN00001741154 13 0 0 0 13 0 0
EGAN00001797988 12 0 0 0 12 0 0
EGAN00001797994 5 0 0 0 5 0 0
EGAN00001797996 13 0 0 0 13 0 0
EGAN00001798007 7 0 0 0 7 0 0
EGAN00001798008 10 0 0 0 10 0 0
EGAN00001798021 13 0 0 0 13 0 0
EGAN00001798030 17 0 0 0 17 0 0
EGAN00001798074 6 0 0 0 6 0 0
EGAN00001798091 12 0 0 0 12 0 0
EGAN00001798092 11 0 0 0 11 0 0
EGAN00001798104 13 0 0 0 13 0 0
EGAN00001798154 3 0 0 0 3 0 0
EGAN00001798162 11 0 0 0 11 0 0
EGAN00001798177 22 0 0 0 22 0 0
EGAN00001798191 18 0 0 0 18 0 0
EGAN00001798203 14 0 0 0 14 0 0
EGAN00001798255 8 0 0 0 8 0 0
EGAN00001798262 14 0 0 0 14 0 0
EGAN00001798269 13 0 0 0 13 0 0
EGAN00001798282 9 0 0 0 9 0 0
EGAN00001798285 5 0 0 0 5 0 0
EGAN00001798300 14 0 0 0 14 0 0
EGAN00001798317 13 0 0 0 13 0 0
EGAN00001798327 13 0 0 0 13 0 0
EGAN00001798330 10 0 0 0 10 0 0
EGAN00001798339 23 0 0 0 23 0 0
EGAN00001798342 7 0 0 0 7 0 0
EGAN00001798347 8 0 0 0 8 0 0
EGAN00001798348 6 0 0 0 6 0 0
EGAN00001798351 3 0 0 0 3 0 0
EGAN00001798359 13 0 0 0 13 0 0
EGAN00001798360 12 0 0 0 12 0 0
EGAN00001798367 11 0 0 0 11 0 0
EGAN00001798381 14 0 0 0 14 0 0
EGAN00001798382 17 0 0 0 17 0 0
EGAN00001798397 8 0 0 0 8 0 0
EGAN00001798404 19 0 0 0 19 0 0
EGAN00001798412 25 0 0 0 25 0 0
EGAN00001798435 7 0 0 0 7 0 0
EGAN00001798443 20 0 0 0 20 0 0
EGAN00001798445 11 0 0 0 11 0 0
EGAN00001798453 12 0 0 0 12 0 0
EGAN00001798480 15 0 0 0 15 0 0
EGAN00001798482 9 0 0 0 9 0 0
EGAN00001798483 13 0 0 0 13 0 0
EGAN00001798484 9 0 0 0 9 0 0
EGAN00001798492 12 0 0 0 12 0 0
EGAN00001798495 12 0 0 0 12 0 0
EGAN00001798498 14 0 0 0 14 0 0
EGAN00001798506 9 0 0 0 9 0 0
EGAN00001798511 13 0 0 0 13 0 0
EGAN00001798521 10 0 0 0 10 0 0
EGAN00001798534 10 0 0 0 10 0 0
EGAN00001798550 9 0 0 0 9 0 0
EGAN00001798551 7 0 0 0 7 0 0
EGAN00001798564 17 0 0 0 17 0 0
EGAN00001798565 6 0 0 0 6 0 0
EGAN00001798570 11 0 0 0 11 0 0
EGAN00001798574 17 0 0 0 17 0 0
EGAN00001798607 16 0 0 0 16 0 0
EGAN00001798625 7 0 0 0 7 0 0
EGAN00001798626 12 0 0 0 12 0 0
EGAN00001798632 9 0 0 0 9 0 0
EGAN00001798647 7 0 0 0 7 0 0
EGAN00001798653 11 0 0 0 11 0 0
EGAN00001798666 13 0 0 0 13 0 0
EGAN00001798669 16 0 0 0 16 0 0
EGAN00001798695 9 0 0 0 9 0 0
EGAN00001798708 14 0 0 0 14 0 0
EGAN00001830726 5 0 0 0 5 0 0
EGAN00001830730 11 0 0 0 11 0 0
EGAN00001830735 14 0 0 0 14 0 0
EGAN00001830736 8 0 0 0 8 0 0
EGAN00001830748 6 0 0 0 6 0 0
EGAN00001830757 14 0 0 0 14 0 0
EGAN00001830766 9 0 0 0 9 0 0
EGAN00001830784 7 0 0 0 7 0 0
EGAN00001830804 10 0 0 0 10 0 0
EGAN00001830806 10 0 0 0 10 0 0
EGAN00001830813 12 0 0 0 12 0 0
EGAN00001830822 10 0 0 0 10 0 0
EGAN00001830825 10 0 0 0 10 0 0
EGAN00001830830 9 0 0 0 9 0 0
EGAN00001830831 13 0 0 0 13 0 0
EGAN00001830836 21 0 0 0 21 0 0
EGAN00001830837 13 0 0 0 13 0 0
EGAN00001830839 9 0 0 0 9 0 0
EGAN00001830844 16 0 1 0 15 0 0
EGAN00001830849 9 0 0 0 9 0 0
EGAN00001830870 9 0 0 0 9 0 0
EGAN00001830878 16 0 0 0 16 0 0
EGAN00001830880 8 0 0 0 8 0 0
EGAN00001830882 14 0 0 0 14 0 0
EGAN00001830889 8 0 0 0 8 0 0
EGAN00001830896 11 0 0 0 11 0 0
EGAN00001830921 13 0 0 0 13 0 0
EGAN00001830930 15 0 0 0 15 0 0
EGAN00001830942 8 0 0 0 8 0 0
EGAN00001830943 8 0 0 0 8 0 0
EGAN00001830956 11 0 0 0 11 0 0
EGAN00001830959 4 0 0 0 4 0 0
