Sample Depth = A C G T N
EGAN00001008152 15 0 15 0 0 0 0
EGAN00001008240 22 0 22 0 0 0 0
EGAN00001008480 19 0 19 0 0 0 0
EGAN00001021279 23 0 23 0 0 0 0
EGAN00001021287 21 0 21 0 0 0 0
EGAN00001021349 18 0 18 0 0 0 0
EGAN00001021460 4 0 3 1 0 0 0
EGAN00001021482 24 0 24 0 0 0 0
EGAN00001021497 12 0 12 0 0 0 0
EGAN00001021529 19 0 19 0 0 0 0
EGAN00001021566 22 0 22 0 0 0 0
EGAN00001021591 20 0 20 0 0 0 0
EGAN00001021602 16 0 16 0 0 0 0
EGAN00001021616 13 0 12 1 0 0 0
EGAN00001021618 23 0 23 0 0 0 0
EGAN00001021722 18 0 18 0 0 0 0
EGAN00001021724 14 0 14 0 0 0 0
EGAN00001021747 29 0 28 1 0 0 0
EGAN00001021767 22 0 22 0 0 0 0
EGAN00001021773 20 0 20 0 0 0 0
EGAN00001021774 27 0 27 0 0 0 0
EGAN00001021779 17 0 17 0 0 0 0
EGAN00001021807 12 0 12 0 0 0 0
EGAN00001021818 26 0 26 0 0 0 0
EGAN00001021838 20 0 20 0 0 0 0
EGAN00001021842 17 0 17 0 0 0 0
EGAN00001021852 14 0 14 0 0 0 0
EGAN00001021861 20 0 20 0 0 0 0
EGAN00001021877 15 0 15 0 0 0 0
EGAN00001021992 17 0 17 0 0 0 0
EGAN00001021995 27 0 27 0 0 0 0
EGAN00001022009 23 0 23 0 0 0 0
EGAN00001022024 16 0 16 0 0 0 0
EGAN00001022028 11 0 11 0 0 0 0
EGAN00001022070 19 0 19 0 0 0 0
EGAN00001022071 17 0 17 0 0 0 0
EGAN00001022073 14 0 14 0 0 0 0
EGAN00001022269 23 0 23 0 0 0 0
EGAN00001022287 15 0 15 0 0 0 0
EGAN00001022694 23 0 23 0 0 0 0
EGAN00001022728 17 0 17 0 0 0 0
EGAN00001022747 9 0 9 0 0 0 0
EGAN00001022776 16 0 16 0 0 0 0
EGAN00001022786 18 0 18 0 0 0 0
EGAN00001022788 14 0 14 0 0 0 0
EGAN00001022798 13 0 13 0 0 0 0
EGAN00001022907 10 0 10 0 0 0 0
EGAN00001022925 23 0 22 0 1 0 0
EGAN00001022928 19 0 19 0 0 0 0
EGAN00001022933 20 0 20 0 0 0 0
EGAN00001022944 13 0 13 0 0 0 0
EGAN00001022965 22 0 22 0 0 0 0
EGAN00001022970 17 0 17 0 0 0 0
EGAN00001022976 16 0 16 0 0 0 0
EGAN00001022977 16 0 16 0 0 0 0
EGAN00001022985 22 0 21 0 1 0 0
EGAN00001022994 13 0 13 0 0 0 0
EGAN00001022999 35 0 35 0 0 0 0
EGAN00001023013 18 0 18 0 0 0 0
EGAN00001023048 19 0 19 0 0 0 0
EGAN00001023052 23 0 22 1 0 0 0
EGAN00001023062 13 0 13 0 0 0 0
EGAN00001023065 20 0 20 0 0 0 0
EGAN00001023090 18 0 18 0 0 0 0
EGAN00001023109 22 0 22 0 0 0 0
EGAN00001023113 23 0 23 0 0 0 0
EGAN00001023144 26 0 26 0 0 0 0
EGAN00001023149 17 0 17 0 0 0 0
EGAN00001023165 18 0 18 0 0 0 0
EGAN00001023440 15 0 15 0 0 0 0
EGAN00001023443 19 0 19 0 0 0 0
EGAN00001023451 27 0 27 0 0 0 0
EGAN00001023536 23 0 23 0 0 0 0
EGAN00001024052 17 0 17 0 0 0 0
EGAN00001024169 17 0 17 0 0 0 0
EGAN00001024175 19 0 18 0 1 0 0
EGAN00001024242 31 0 31 0 0 0 0
EGAN00001024268 16 0 16 0 0 0 0
EGAN00001024339 21 0 21 0 0 0 0
EGAN00001025821 18 0 18 0 0 0 0
EGAN00001025877 13 0 13 0 0 0 0
EGAN00001026203 25 0 25 0 0 0 0
EGAN00001026429 21 0 21 0 0 0 0
EGAN00001026576 19 0 19 0 0 0 0
EGAN00001026589 15 0 15 0 0 0 0
EGAN00001026598 21 0 20 1 0 0 0
EGAN00001026629 19 0 19 0 0 0 0
EGAN00001026694 22 0 22 0 0 0 0
EGAN00001026814 19 0 19 0 0 0 0
EGAN00001027202 19 0 19 0 0 0 0
EGAN00001027204 20 0 20 0 0 0 0
EGAN00001027205 16 0 16 0 0 0 0
EGAN00001027212 18 0 18 0 0 0 0
EGAN00001027340 16 0 16 0 0 0 0
EGAN00001027395 17 0 17 0 0 0 0
EGAN00001027418 28 0 28 0 0 0 0
EGAN00001027453 25 0 24 1 0 0 0
EGAN00001027462 16 0 15 1 0 0 0
EGAN00001027463 18 0 18 0 0 0 0
EGAN00001027475 32 0 32 0 0 0 0
EGAN00001027505 21 0 21 0 0 0 0
EGAN00001027540 14 0 14 0 0 0 0
EGAN00001073920 24 0 24 0 0 0 0
EGAN00001073921 16 0 16 0 0 0 0
EGAN00001073922 20 0 20 0 0 0 0
EGAN00001074781 16 0 16 0 0 0 0
EGAN00001074834 14 0 14 0 0 0 0
EGAN00001074854 22 0 22 0 0 0 0
EGAN00001074864 35 0 35 0 0 0 0
EGAN00001074869 18 0 18 0 0 0 0
EGAN00001074873 17 0 17 0 0 0 0
EGAN00001074875 18 0 18 0 0 0 0
EGAN00001079317 13 0 13 0 0 0 0
EGAN00001079328 11 0 11 0 0 0 0
EGAN00001079401 19 0 19 0 0 0 0
EGAN00001079414 20 0 20 0 0 0 0
EGAN00001079479 29 0 29 0 0 0 0
EGAN00001079481 29 0 29 0 0 0 0
EGAN00001079505 18 0 18 0 0 0 0
EGAN00001079506 28 0 28 0 0 0 0
EGAN00001079561 25 0 24 0 0 1 0
EGAN00001079572 19 0 19 0 0 0 0
EGAN00001079662 17 0 17 0 0 0 0
EGAN00001079666 20 0 20 0 0 0 0
EGAN00001079696 13 0 13 0 0 0 0
EGAN00001079780 22 0 21 1 0 0 0
EGAN00001080216 20 0 20 0 0 0 0
EGAN00001080226 17 0 17 0 0 0 0
EGAN00001240157 13 0 13 0 0 0 0
EGAN00001240272 13 0 13 0 0 0 0
EGAN00001240612 22 0 22 0 0 0 0
EGAN00001240628 23 0 23 0 0 0 0
EGAN00001240764 21 0 21 0 0 0 0
EGAN00001240779 11 0 11 0 0 0 0
EGAN00001240905 24 0 24 0 0 0 0
EGAN00001241156 8 0 8 0 0 0 0
EGAN00001241214 8 0 8 0 0 0 0
EGAN00001241247 30 0 30 0 0 0 0
EGAN00001241334 23 0 23 0 0 0 0
EGAN00001241394 20 0 20 0 0 0 0
EGAN00001241506 20 0 20 0 0 0 0
EGAN00001241817 15 0 15 0 0 0 0
EGAN00001241861 22 0 22 0 0 0 0
EGAN00001241906 20 0 20 0 0 0 0
EGAN00001241963 12 0 12 0 0 0 0
EGAN00001241982 14 0 14 0 0 0 0
EGAN00001242082 11 0 11 0 0 0 0
EGAN00001242253 23 0 22 1 0 0 0
EGAN00001242280 20 0 20 0 0 0 0
EGAN00001242309 16 0 16 0 0 0 0
EGAN00001242516 10 0 10 0 0 0 0
EGAN00001242562 22 0 22 0 0 0 0
EGAN00001242628 12 0 11 0 1 0 0
EGAN00001242652 23 0 23 0 0 0 0
EGAN00001242720 12 0 12 0 0 0 0
EGAN00001242723 23 0 23 0 0 0 0
EGAN00001242952 17 0 17 0 0 0 0
EGAN00001243036 23 0 23 0 0 0 0
EGAN00001243053 23 0 23 0 0 0 0
EGAN00001243054 27 0 27 0 0 0 0
EGAN00001243109 19 0 19 0 0 0 0
EGAN00001243140 18 0 18 0 0 0 0
EGAN00001243144 33 0 33 0 0 0 0
EGAN00001243226 13 0 13 0 0 0 0
EGAN00001243294 9 0 9 0 0 0 0
EGAN00001243323 17 0 17 0 0 0 0
EGAN00001243343 19 0 19 0 0 0 0
EGAN00001243402 16 0 16 0 0 0 0
EGAN00001243503 19 0 19 0 0 0 0
EGAN00001243681 15 0 15 0 0 0 0
EGAN00001243731 10 0 10 0 0 0 0
EGAN00001243755 27 0 27 0 0 0 0
EGAN00001243780 15 0 15 0 0 0 0
EGAN00001243786 14 0 14 0 0 0 0
EGAN00001243946 23 0 23 0 0 0 0
EGAN00001244068 24 0 24 0 0 0 0
EGAN00001244108 22 0 22 0 0 0 0
EGAN00001244157 18 0 18 0 0 0 0
EGAN00001244308 25 0 25 0 0 0 0
EGAN00001244475 21 0 20 0 0 1 0
EGAN00001244572 24 0 24 0 0 0 0
EGAN00001244592 12 0 12 0 0 0 0
EGAN00001244659 13 0 12 1 0 0 0
EGAN00001244730 16 0 16 0 0 0 0
EGAN00001244763 15 0 15 0 0 0 0
EGAN00001244776 21 0 21 0 0 0 0
EGAN00001245103 15 0 15 0 0 0 0
EGAN00001245122 24 0 24 0 0 0 0
EGAN00001245134 25 0 25 0 0 0 0
EGAN00001245179 19 0 19 0 0 0 0
EGAN00001245323 23 0 23 0 0 0 0
EGAN00001245434 21 0 21 0 0 0 0
EGAN00001245840 17 0 17 0 0 0 0
EGAN00001246009 18 0 18 0 0 0 0
EGAN00001246021 9 0 9 0 0 0 0
EGAN00001246023 26 0 26 0 0 0 0
EGAN00001246063 21 0 21 0 0 0 0
EGAN00001246077 21 0 21 0 0 0 0
EGAN00001246246 18 0 18 0 0 0 0
EGAN00001246783 16 0 16 0 0 0 0
EGAN00001247049 12 0 12 0 0 0 0
EGAN00001247152 14 0 14 0 0 0 0
EGAN00001247246 16 0 16 0 0 0 0
EGAN00001247313 25 0 25 0 0 0 0
EGAN00001247500 21 0 21 0 0 0 0
EGAN00001247568 13 0 13 0 0 0 0
EGAN00001247658 14 0 14 0 0 0 0
EGAN00001247674 17 0 17 0 0 0 0
EGAN00001247681 11 0 11 0 0 0 0
EGAN00001267728 19 0 19 0 0 0 0
EGAN00001267991 17 0 17 0 0 0 0
EGAN00001277294 17 0 17 0 0 0 0
EGAN00001277295 21 0 21 0 0 0 0
EGAN00001385049 22 0 22 0 0 0 0
EGAN00001385050 20 0 20 0 0 0 0
EGAN00001385053 21 0 21 0 0 0 0
EGAN00001385060 18 0 18 0 0 0 0
EGAN00001385062 21 0 21 0 0 0 0
EGAN00001385083 20 0 20 0 0 0 0
EGAN00001385135 18 0 17 0 1 0 0
EGAN00001385146 16 0 16 0 0 0 0
EGAN00001385155 16 0 16 0 0 0 0
EGAN00001385160 25 0 25 0 0 0 0
EGAN00001385169 15 0 15 0 0 0 0
EGAN00001385173 25 0 25 0 0 0 0
EGAN00001385177 17 0 17 0 0 0 0
EGAN00001385180 15 0 15 0 0 0 0
EGAN00001385182 26 0 26 0 0 0 0
EGAN00001385184 14 0 14 0 0 0 0
EGAN00001385193 22 0 22 0 0 0 0
EGAN00001385212 21 0 21 0 0 0 0
EGAN00001385222 18 0 18 0 0 0 0
EGAN00001385223 12 0 12 0 0 0 0
EGAN00001385232 17 0 17 0 0 0 0
EGAN00001385237 13 0 13 0 0 0 0
EGAN00001385246 17 0 16 1 0 0 0
EGAN00001385268 21 0 21 0 0 0 0
EGAN00001385280 22 0 22 0 0 0 0
EGAN00001385284 16 0 16 0 0 0 0
EGAN00001385305 23 0 23 0 0 0 0
EGAN00001385313 23 0 23 0 0 0 0
EGAN00001385352 20 0 20 0 0 0 0
EGAN00001385361 34 0 34 0 0 0 0
EGAN00001385393 22 0 22 0 0 0 0
EGAN00001385395 11 0 11 0 0 0 0
EGAN00001385442 29 0 29 0 0 0 0
EGAN00001385443 16 0 16 0 0 0 0
EGAN00001385444 22 0 22 0 0 0 0
EGAN00001385447 20 0 20 0 0 0 0
EGAN00001385448 14 0 14 0 0 0 0
EGAN00001385449 21 0 21 0 0 0 0
EGAN00001385467 19 0 19 0 0 0 0
EGAN00001385469 13 0 13 0 0 0 0
EGAN00001385479 15 0 15 0 0 0 0
EGAN00001385496 16 0 16 0 0 0 0
EGAN00001385516 8 0 8 0 0 0 0
EGAN00001385522 19 0 19 0 0 0 0
EGAN00001385535 19 0 19 0 0 0 0
EGAN00001385539 24 0 24 0 0 0 0
EGAN00001385550 14 0 14 0 0 0 0
EGAN00001385578 21 0 21 0 0 0 0
EGAN00001385611 18 0 18 0 0 0 0
EGAN00001385616 14 0 14 0 0 0 0
EGAN00001385617 16 0 16 0 0 0 0
EGAN00001385627 17 0 17 0 0 0 0
EGAN00001385651 23 0 23 0 0 0 0
EGAN00001385655 13 0 13 0 0 0 0
EGAN00001385657 23 0 23 0 0 0 0
EGAN00001385673 18 0 18 0 0 0 0
EGAN00001385678 16 0 16 0 0 0 0
EGAN00001385688 12 0 12 0 0 0 0
EGAN00001385695 22 0 22 0 0 0 0
EGAN00001385699 19 0 18 1 0 0 0
EGAN00001385709 24 0 24 0 0 0 0
EGAN00001385738 19 0 19 0 0 0 0
EGAN00001385744 30 0 30 0 0 0 0
EGAN00001385746 14 0 14 0 0 0 0
EGAN00001385749 19 0 19 0 0 0 0
EGAN00001385752 17 0 17 0 0 0 0
EGAN00001385756 17 0 17 0 0 0 0
EGAN00001385760 20 0 20 0 0 0 0
EGAN00001385768 12 0 12 0 0 0 0
EGAN00001403187 18 0 18 0 0 0 0
EGAN00001403699 23 0 23 0 0 0 0
EGAN00001403701 12 0 12 0 0 0 0
EGAN00001403713 21 0 20 0 0 1 0
EGAN00001403722 11 0 11 0 0 0 0
EGAN00001403725 23 0 23 0 0 0 0
EGAN00001403739 21 0 21 0 0 0 0
EGAN00001403743 25 0 25 0 0 0 0
EGAN00001403756 14 0 14 0 0 0 0
EGAN00001403757 18 0 17 0 0 1 0
EGAN00001403763 10 0 10 0 0 0 0
EGAN00001403785 23 0 23 0 0 0 0
EGAN00001403786 15 0 15 0 0 0 0
EGAN00001403795 19 0 19 0 0 0 0
EGAN00001403805 20 0 20 0 0 0 0
EGAN00001403812 14 0 14 0 0 0 0
EGAN00001403819 20 0 20 0 0 0 0
EGAN00001403823 21 0 21 0 0 0 0
EGAN00001403825 18 0 18 0 0 0 0
EGAN00001403838 26 0 26 0 0 0 0
EGAN00001403845 18 0 18 0 0 0 0
EGAN00001403870 12 0 12 0 0 0 0
EGAN00001403873 18 0 18 0 0 0 0
EGAN00001403874 14 0 14 0 0 0 0
EGAN00001403892 18 0 18 0 0 0 0
EGAN00001403903 23 0 23 0 0 0 0
EGAN00001403909 19 0 19 0 0 0 0
EGAN00001403920 20 0 20 0 0 0 0
EGAN00001403930 19 0 19 0 0 0 0
EGAN00001403933 14 0 14 0 0 0 0
EGAN00001403939 21 0 21 0 0 0 0
EGAN00001403943 24 0 24 0 0 0 0
EGAN00001403953 13 0 13 0 0 0 0
EGAN00001403963 12 0 12 0 0 0 0
EGAN00001403980 18 0 18 0 0 0 0
EGAN00001403981 7 0 7 0 0 0 0
EGAN00001403994 15 0 15 0 0 0 0
EGAN00001404034 9 0 9 0 0 0 0
EGAN00001404044 20 0 20 0 0 0 0
EGAN00001404050 18 0 18 0 0 0 0
EGAN00001404075 10 0 10 0 0 0 0
EGAN00001404090 23 0 23 0 0 0 0
EGAN00001404108 18 0 18 0 0 0 0
EGAN00001404119 17 0 17 0 0 0 0
EGAN00001404147 18 0 18 0 0 0 0
EGAN00001404151 22 0 22 0 0 0 0
EGAN00001404154 18 0 18 0 0 0 0
EGAN00001404484 18 0 18 0 0 0 0
EGAN00001439009 23 0 23 0 0 0 0
EGAN00001439015 10 0 10 0 0 0 0
EGAN00001439114 13 0 13 0 0 0 0
EGAN00001439126 13 0 13 0 0 0 0
EGAN00001439127 18 0 18 0 0 0 0
EGAN00001439130 10 0 10 0 0 0 0
EGAN00001439141 20 0 20 0 0 0 0
EGAN00001439154 12 0 12 0 0 0 0
EGAN00001439168 18 0 18 0 0 0 0
EGAN00001439176 18 0 18 0 0 0 0
EGAN00001439191 20 0 20 0 0 0 0
EGAN00001439204 9 0 9 0 0 0 0
EGAN00001439205 24 0 24 0 0 0 0
EGAN00001439214 10 0 10 0 0 0 0
EGAN00001439216 12 0 12 0 0 0 0
EGAN00001439223 19 0 19 0 0 0 0
EGAN00001439229 11 0 11 0 0 0 0
EGAN00001439230 11 0 11 0 0 0 0
EGAN00001439797 25 0 25 0 0 0 0
EGAN00001440377 18 0 18 0 0 0 0
EGAN00001440389 21 0 21 0 0 0 0
EGAN00001440396 26 0 26 0 0 0 0
EGAN00001440398 11 0 11 0 0 0 0
EGAN00001440407 18 0 18 0 0 0 0
EGAN00001440429 27 0 27 0 0 0 0
EGAN00001440468 15 0 15 0 0 0 0
EGAN00001440476 17 0 17 0 0 0 0
EGAN00001440495 13 0 13 0 0 0 0
EGAN00001440500 26 0 26 0 0 0 0
EGAN00001440514 22 0 21 1 0 0 0
EGAN00001440523 9 0 9 0 0 0 0
EGAN00001440524 21 0 21 0 0 0 0
EGAN00001440539 15 0 15 0 0 0 0
EGAN00001440542 19 0 19 0 0 0 0
EGAN00001440566 28 0 28 0 0 0 0
EGAN00001440641 36 0 35 1 0 0 0
EGAN00001440710 13 0 13 0 0 0 0
EGAN00001440723 20 0 20 0 0 0 0
EGAN00001442167 17 0 17 0 0 0 0
EGAN00001442174 22 0 22 0 0 0 0
EGAN00001442203 19 0 19 0 0 0 0
EGAN00001442204 25 0 25 0 0 0 0
EGAN00001442210 15 0 15 0 0 0 0
EGAN00001442231 12 0 12 0 0 0 0
EGAN00001442238 16 0 16 0 0 0 0
EGAN00001442436 15 0 15 0 0 0 0
EGAN00001442449 21 0 21 0 0 0 0
EGAN00001442458 17 0 17 0 0 0 0
EGAN00001442474 16 0 16 0 0 0 0
EGAN00001442489 17 0 17 0 0 0 0
EGAN00001443772 23 0 23 0 0 0 0
EGAN00001444312 21 0 21 0 0 0 0
EGAN00001444317 21 0 19 2 0 0 0
EGAN00001444318 19 0 19 0 0 0 0
EGAN00001444415 14 0 14 0 0 0 0
EGAN00001444475 23 0 23 0 0 0 0
EGAN00001444482 13 0 13 0 0 0 0
EGAN00001444841 19 0 18 0 1 0 0
EGAN00001444984 25 0 25 0 0 0 0
EGAN00001445004 17 0 17 0 0 0 0
EGAN00001445013 14 0 14 0 0 0 0
EGAN00001445033 16 0 16 0 0 0 0
EGAN00001445043 12 0 12 0 0 0 0
EGAN00001445071 15 0 15 0 0 0 0
EGAN00001445077 18 0 18 0 0 0 0
EGAN00001445079 14 0 14 0 0 0 0
EGAN00001445081 24 0 24 0 0 0 0
EGAN00001445085 12 0 12 0 0 0 0
EGAN00001445454 12 0 12 0 0 0 0
EGAN00001445456 27 0 27 0 0 0 0
EGAN00001445463 11 0 11 0 0 0 0
EGAN00001445494 15 0 15 0 0 0 0
EGAN00001445507 16 0 16 0 0 0 0
EGAN00001445512 19 0 19 0 0 0 0
EGAN00001445521 13 0 13 0 0 0 0
EGAN00001445525 16 0 16 0 0 0 0
EGAN00001446662 26 0 25 1 0 0 0
EGAN00001446688 18 0 18 0 0 0 0
EGAN00001446689 13 0 13 0 0 0 0
EGAN00001446697 11 0 11 0 0 0 0
EGAN00001486675 29 0 29 0 0 0 0
EGAN00001486681 16 0 16 0 0 0 0
EGAN00001486687 19 0 18 1 0 0 0
EGAN00001559552 14 0 14 0 0 0 0
EGAN00001559573 20 0 20 0 0 0 0
EGAN00001559631 21 0 21 0 0 0 0
EGAN00001559637 21 0 20 0 1 0 0
EGAN00001559644 14 0 14 0 0 0 0
EGAN00001559648 19 0 19 0 0 0 0
EGAN00001559656 21 0 21 0 0 0 0
EGAN00001559663 10 0 10 0 0 0 0
EGAN00001559670 21 0 20 0 1 0 0
EGAN00001559678 20 0 20 0 0 0 0
EGAN00001559693 22 0 22 0 0 0 0
EGAN00001559701 16 0 15 0 1 0 0
EGAN00001559716 23 0 23 0 0 0 0
EGAN00001559739 12 0 12 0 0 0 0
EGAN00001559761 26 0 26 0 0 0 0
EGAN00001559766 18 0 18 0 0 0 0
EGAN00001559774 12 0 12 0 0 0 0
EGAN00001559782 15 0 15 0 0 0 0
EGAN00001559799 16 0 16 0 0 0 0
EGAN00001559808 22 0 22 0 0 0 0
EGAN00001559814 25 0 25 0 0 0 0
EGAN00001559826 21 0 21 0 0 0 0
EGAN00001559843 18 0 18 0 0 0 0
EGAN00001559849 17 0 17 0 0 0 0
EGAN00001559881 24 0 24 0 0 0 0
EGAN00001559902 8 0 8 0 0 0 0
EGAN00001559926 18 0 18 0 0 0 0
EGAN00001559933 21 0 21 0 0 0 0
EGAN00001559939 12 0 12 0 0 0 0
EGAN00001559962 18 0 17 1 0 0 0
EGAN00001559967 20 0 20 0 0 0 0
EGAN00001559995 9 0 9 0 0 0 0
EGAN00001560016 18 0 18 0 0 0 0
EGAN00001560034 27 0 27 0 0 0 0
EGAN00001560035 16 0 16 0 0 0 0
EGAN00001560050 19 0 19 0 0 0 0
EGAN00001560052 23 0 23 0 0 0 0
EGAN00001560068 26 0 26 0 0 0 0
EGAN00001560084 22 0 22 0 0 0 0
EGAN00001560085 18 0 18 0 0 0 0
EGAN00001560090 18 0 18 0 0 0 0
EGAN00001560096 28 0 28 0 0 0 0
EGAN00001560098 14 0 14 0 0 0 0
EGAN00001560124 25 0 25 0 0 0 0
EGAN00001560145 20 0 20 0 0 0 0
EGAN00001560153 16 0 16 0 0 0 0
EGAN00001560162 23 0 23 0 0 0 0
EGAN00001560183 15 0 15 0 0 0 0
EGAN00001560192 17 0 16 1 0 0 0
EGAN00001560207 23 0 23 0 0 0 0
EGAN00001560214 16 0 16 0 0 0 0
EGAN00001560218 16 0 16 0 0 0 0
EGAN00001560231 15 0 15 0 0 0 0
EGAN00001560243 24 0 24 0 0 0 0
EGAN00001560269 19 0 19 0 0 0 0
EGAN00001560308 21 0 21 0 0 0 0
EGAN00001560313 17 0 17 0 0 0 0
EGAN00001560314 12 0 12 0 0 0 0
EGAN00001560320 15 0 15 0 0 0 0
EGAN00001560322 15 0 15 0 0 0 0
EGAN00001560332 18 0 18 0 0 0 0
EGAN00001560346 16 0 16 0 0 0 0
EGAN00001560356 17 0 17 0 0 0 0
EGAN00001560362 20 0 20 0 0 0 0
EGAN00001560370 14 0 14 0 0 0 0
EGAN00001560386 30 0 29 1 0 0 0
EGAN00001560396 17 0 16 1 0 0 0
EGAN00001560410 25 0 25 0 0 0 0
EGAN00001560418 19 0 19 0 0 0 0
EGAN00001560424 22 0 22 0 0 0 0
EGAN00001560448 23 0 23 0 0 0 0
EGAN00001560453 24 0 24 0 0 0 0
EGAN00001560464 19 0 19 0 0 0 0
EGAN00001560478 20 0 20 0 0 0 0
EGAN00001560485 21 0 20 1 0 0 0
EGAN00001560513 19 0 19 0 0 0 0
EGAN00001560515 26 0 26 0 0 0 0
EGAN00001560516 18 0 18 0 0 0 0
EGAN00001560524 18 0 18 0 0 0 0
EGAN00001560527 13 0 13 0 0 0 0
EGAN00001560540 11 0 11 0 0 0 0
EGAN00001560547 17 0 17 0 0 0 0
EGAN00001560549 13 0 13 0 0 0 0
EGAN00001560559 25 0 25 0 0 0 0
EGAN00001560583 21 0 21 0 0 0 0
EGAN00001560592 17 0 17 0 0 0 0
EGAN00001560595 20 0 20 0 0 0 0
EGAN00001560606 13 0 13 0 0 0 0
EGAN00001560609 17 0 17 0 0 0 0
EGAN00001560616 20 0 20 0 0 0 0
EGAN00001560633 17 0 17 0 0 0 0
EGAN00001560665 17 0 17 0 0 0 0
EGAN00001560675 13 0 13 0 0 0 0
EGAN00001560686 15 0 15 0 0 0 0
EGAN00001560693 19 0 19 0 0 0 0
EGAN00001560695 21 0 21 0 0 0 0
EGAN00001560708 28 0 28 0 0 0 0
EGAN00001560710 18 0 18 0 0 0 0
EGAN00001560737 16 0 16 0 0 0 0
EGAN00001560738 17 0 17 0 0 0 0
EGAN00001560739 14 0 14 0 0 0 0
EGAN00001560761 28 0 28 0 0 0 0
EGAN00001560769 22 0 22 0 0 0 0
EGAN00001560786 20 0 20 0 0 0 0
EGAN00001560788 22 0 22 0 0 0 0
EGAN00001560813 16 0 16 0 0 0 0
EGAN00001560820 15 0 15 0 0 0 0
EGAN00001560821 23 0 23 0 0 0 0
EGAN00001560824 25 0 25 0 0 0 0
EGAN00001560853 23 0 23 0 0 0 0
EGAN00001560869 22 0 22 0 0 0 0
EGAN00001560889 17 0 17 0 0 0 0
EGAN00001560906 20 0 20 0 0 0 0
EGAN00001560912 20 0 20 0 0 0 0
EGAN00001560929 14 0 14 0 0 0 0
EGAN00001560938 20 0 20 0 0 0 0
EGAN00001560951 16 0 16 0 0 0 0
EGAN00001560966 10 0 10 0 0 0 0
EGAN00001560974 21 0 21 0 0 0 0
EGAN00001560985 26 0 26 0 0 0 0
EGAN00001560994 25 0 25 0 0 0 0
EGAN00001560995 22 0 22 0 0 0 0
EGAN00001561020 17 0 17 0 0 0 0
EGAN00001561055 31 0 31 0 0 0 0
EGAN00001561079 21 0 20 0 1 0 0
EGAN00001561085 17 0 17 0 0 0 0
EGAN00001561103 22 0 22 0 0 0 0
EGAN00001561148 16 0 16 0 0 0 0
EGAN00001561154 31 0 31 0 0 0 0
EGAN00001561172 16 0 16 0 0 0 0
EGAN00001561199 9 0 9 0 0 0 0
EGAN00001561200 20 0 20 0 0 0 0
EGAN00001561201 15 0 15 0 0 0 0
EGAN00001561206 20 0 20 0 0 0 0
EGAN00001561221 17 0 17 0 0 0 0
EGAN00001561231 22 0 22 0 0 0 0
EGAN00001561234 18 0 18 0 0 0 0
EGAN00001561251 25 0 25 0 0 0 0
EGAN00001561252 21 0 21 0 0 0 0
EGAN00001561280 17 0 16 1 0 0 0
EGAN00001561296 11 0 10 0 1 0 0
EGAN00001561299 16 0 15 0 0 1 0
EGAN00001561303 12 0 12 0 0 0 0
EGAN00001561312 17 0 17 0 0 0 0
EGAN00001561373 20 0 20 0 0 0 0
EGAN00001561380 22 0 22 0 0 0 0
EGAN00001561393 15 0 15 0 0 0 0
EGAN00001561406 20 0 20 0 0 0 0
EGAN00001561412 16 0 16 0 0 0 0
EGAN00001561414 17 0 17 0 0 0 0
EGAN00001561425 24 0 24 0 0 0 0
EGAN00001561431 26 0 26 0 0 0 0
EGAN00001561442 14 0 14 0 0 0 0
EGAN00001561448 13 0 13 0 0 0 0
EGAN00001561453 11 0 11 0 0 0 0
EGAN00001561456 17 0 17 0 0 0 0
EGAN00001561458 13 0 13 0 0 0 0
EGAN00001561467 16 0 16 0 0 0 0
EGAN00001561476 20 0 20 0 0 0 0
EGAN00001561503 24 0 23 0 1 0 0
EGAN00001561508 8 0 8 0 0 0 0
EGAN00001561510 24 0 24 0 0 0 0
EGAN00001561542 18 0 18 0 0 0 0
EGAN00001561554 21 0 21 0 0 0 0
EGAN00001569013 16 0 16 0 0 0 0
EGAN00001572904 20 0 20 0 0 0 0
EGAN00001572939 22 0 22 0 0 0 0
EGAN00001575966 22 0 21 0 1 0 0
EGAN00001575982 14 0 14 0 0 0 0
EGAN00001576013 23 0 22 1 0 0 0
EGAN00001576017 15 0 15 0 0 0 0
EGAN00001576033 16 0 16 0 0 0 0
EGAN00001576040 28 0 28 0 0 0 0
EGAN00001576047 14 0 14 0 0 0 0
EGAN00001576056 16 0 15 1 0 0 0
EGAN00001576064 24 0 23 0 1 0 0
EGAN00001576068 13 0 13 0 0 0 0
EGAN00001576070 24 0 24 0 0 0 0
EGAN00001576074 20 0 20 0 0 0 0
EGAN00001576094 18 0 18 0 0 0 0
EGAN00001576100 22 0 22 0 0 0 0
EGAN00001576104 25 0 25 0 0 0 0
EGAN00001576114 23 0 23 0 0 0 0
EGAN00001576126 23 0 23 0 0 0 0
EGAN00001576168 24 0 24 0 0 0 0
EGAN00001576188 18 0 18 0 0 0 0
EGAN00001576205 26 0 26 0 0 0 0
EGAN00001576216 19 0 19 0 0 0 0
EGAN00001576226 14 0 14 0 0 0 0
EGAN00001576240 12 0 12 0 0 0 0
EGAN00001576245 20 0 20 0 0 0 0
EGAN00001576247 15 0 15 0 0 0 0
EGAN00001576249 13 0 13 0 0 0 0
EGAN00001576253 18 0 18 0 0 0 0
EGAN00001576258 17 0 17 0 0 0 0
EGAN00001576264 13 0 13 0 0 0 0
EGAN00001576272 18 0 18 0 0 0 0
EGAN00001576273 18 0 18 0 0 0 0
EGAN00001576277 17 0 17 0 0 0 0
EGAN00001576296 19 0 19 0 0 0 0
EGAN00001576314 23 0 23 0 0 0 0
EGAN00001576321 24 0 24 0 0 0 0
EGAN00001576324 25 0 25 0 0 0 0
EGAN00001576334 20 0 19 1 0 0 0
EGAN00001576367 24 0 24 0 0 0 0
EGAN00001576379 20 0 19 0 1 0 0
EGAN00001576393 22 0 22 0 0 0 0
EGAN00001576415 27 0 26 1 0 0 0
EGAN00001576428 25 0 25 0 0 0 0
EGAN00001576431 24 0 24 0 0 0 0
EGAN00001576439 21 0 21 0 0 0 0
EGAN00001576442 12 0 12 0 0 0 0
EGAN00001576452 16 0 16 0 0 0 0
EGAN00001576459 10 0 10 0 0 0 0
EGAN00001576482 9 0 9 0 0 0 0
EGAN00001576490 15 0 15 0 0 0 0
EGAN00001576502 30 0 30 0 0 0 0
EGAN00001576514 18 0 18 0 0 0 0
EGAN00001576515 21 0 21 0 0 0 0
EGAN00001576553 27 0 27 0 0 0 0
EGAN00001576555 9 0 9 0 0 0 0
EGAN00001576558 19 0 19 0 0 0 0
EGAN00001576566 21 0 21 0 0 0 0
EGAN00001576575 33 0 33 0 0 0 0
EGAN00001576611 15 0 15 0 0 0 0
EGAN00001576639 22 0 22 0 0 0 0
EGAN00001576651 29 0 29 0 0 0 0
EGAN00001576682 16 0 16 0 0 0 0
EGAN00001576692 23 0 23 0 0 0 0
EGAN00001576705 15 0 15 0 0 0 0
EGAN00001576718 18 0 18 0 0 0 0
EGAN00001579169 20 0 20 0 0 0 0
EGAN00001579171 17 0 17 0 0 0 0
EGAN00001583153 29 0 29 0 0 0 0
EGAN00001583162 22 0 22 0 0 0 0
EGAN00001583163 15 0 15 0 0 0 0
EGAN00001583178 15 0 14 0 1 0 0
EGAN00001583180 27 0 27 0 0 0 0
EGAN00001583181 24 0 24 0 0 0 0
EGAN00001583193 22 0 22 0 0 0 0
EGAN00001583197 19 0 19 0 0 0 0
EGAN00001583205 20 0 20 0 0 0 0
EGAN00001583212 21 0 21 0 0 0 0
EGAN00001583219 27 0 27 0 0 0 0
EGAN00001583224 15 0 15 0 0 0 0
EGAN00001583226 26 0 26 0 0 0 0
EGAN00001583243 17 0 17 0 0 0 0
EGAN00001583244 23 0 23 0 0 0 0
EGAN00001583254 16 0 16 0 0 0 0
EGAN00001583261 28 0 28 0 0 0 0
EGAN00001583263 19 0 19 0 0 0 0
EGAN00001583265 22 0 22 0 0 0 0
EGAN00001583284 15 0 15 0 0 0 0
EGAN00001583286 18 0 18 0 0 0 0
EGAN00001583301 20 0 20 0 0 0 0
EGAN00001583306 24 0 24 0 0 0 0
EGAN00001583343 17 0 17 0 0 0 0
EGAN00001583345 26 0 26 0 0 0 0
EGAN00001583356 19 0 19 0 0 0 0
EGAN00001583369 17 0 17 0 0 0 0
EGAN00001583385 24 0 24 0 0 0 0
EGAN00001583389 19 0 19 0 0 0 0
EGAN00001583391 15 0 15 0 0 0 0
EGAN00001583392 19 0 19 0 0 0 0
EGAN00001583412 23 0 23 0 0 0 0
EGAN00001583457 12 0 12 0 0 0 0
EGAN00001583470 21 0 21 0 0 0 0
EGAN00001583494 17 0 17 0 0 0 0
EGAN00001583512 15 0 15 0 0 0 0
EGAN00001583541 16 0 16 0 0 0 0
EGAN00001583549 20 0 20 0 0 0 0
EGAN00001583560 20 0 20 0 0 0 0
EGAN00001583568 25 0 25 0 0 0 0
EGAN00001583572 19 0 19 0 0 0 0
EGAN00001583582 23 0 23 0 0 0 0
EGAN00001583601 39 0 39 0 0 0 0
EGAN00001583605 23 0 23 0 0 0 0
EGAN00001583609 24 0 24 0 0 0 0
EGAN00001583611 23 0 23 0 0 0 0
EGAN00001583640 28 0 28 0 0 0 0
EGAN00001583651 19 0 19 0 0 0 0
EGAN00001583686 23 0 23 0 0 0 0
EGAN00001583692 20 0 20 0 0 0 0
EGAN00001583724 23 0 23 0 0 0 0
EGAN00001583742 14 0 14 0 0 0 0
EGAN00001583765 29 0 29 0 0 0 0
EGAN00001583766 28 0 28 0 0 0 0
EGAN00001583772 16 0 16 0 0 0 0
EGAN00001583814 12 0 12 0 0 0 0
EGAN00001583825 11 0 11 0 0 0 0
EGAN00001583828 18 0 18 0 0 0 0
EGAN00001583831 20 0 20 0 0 0 0
EGAN00001583841 32 0 32 0 0 0 0
EGAN00001583853 17 0 17 0 0 0 0
EGAN00001583858 16 0 16 0 0 0 0
EGAN00001583868 13 0 13 0 0 0 0
EGAN00001583899 17 0 17 0 0 0 0
EGAN00001583921 17 0 17 0 0 0 0
EGAN00001583924 19 0 19 0 0 0 0
EGAN00001583925 19 0 19 0 0 0 0
EGAN00001583933 20 0 19 0 0 1 0
EGAN00001584036 20 0 20 0 0 0 0
EGAN00001584047 19 0 19 0 0 0 0
EGAN00001584049 18 0 18 0 0 0 0
EGAN00001584057 19 0 19 0 0 0 0
EGAN00001584062 24 0 23 1 0 0 0
EGAN00001584081 16 0 16 0 0 0 0
EGAN00001584088 17 0 17 0 0 0 0
EGAN00001584090 24 0 23 0 1 0 0
EGAN00001584093 17 0 17 0 0 0 0
EGAN00001584094 15 0 15 0 0 0 0
EGAN00001584105 17 0 17 0 0 0 0
EGAN00001584106 16 0 16 0 0 0 0
EGAN00001584115 16 0 16 0 0 0 0
EGAN00001584121 16 0 16 0 0 0 0
EGAN00001584137 19 0 19 0 0 0 0
EGAN00001584139 18 0 18 0 0 0 0
EGAN00001584140 15 0 15 0 0 0 0
EGAN00001584144 19 0 19 0 0 0 0
EGAN00001584198 25 0 25 0 0 0 0
EGAN00001584205 22 0 22 0 0 0 0
EGAN00001584210 21 0 21 0 0 0 0
EGAN00001584212 32 0 32 0 0 0 0
EGAN00001584219 16 0 16 0 0 0 0
EGAN00001584226 27 0 27 0 0 0 0
EGAN00001584245 10 0 10 0 0 0 0
EGAN00001584254 26 0 26 0 0 0 0
EGAN00001584279 16 0 16 0 0 0 0
EGAN00001584280 10 0 10 0 0 0 0
EGAN00001584292 18 0 18 0 0 0 0
EGAN00001584299 15 0 15 0 0 0 0
EGAN00001584334 12 0 12 0 0 0 0
EGAN00001584348 13 0 13 0 0 0 0
EGAN00001584355 11 0 11 0 0 0 0
EGAN00001584367 18 0 18 0 0 0 0
EGAN00001584368 24 0 24 0 0 0 0
EGAN00001584369 35 0 34 1 0 0 0
EGAN00001584374 16 0 16 0 0 0 0
EGAN00001584384 17 0 17 0 0 0 0
EGAN00001584389 19 0 19 0 0 0 0
EGAN00001584393 27 0 27 0 0 0 0
EGAN00001584404 14 0 14 0 0 0 0
EGAN00001584410 15 0 15 0 0 0 0
EGAN00001584419 23 0 23 0 0 0 0
EGAN00001584421 18 0 17 1 0 0 0
EGAN00001584426 14 0 14 0 0 0 0
EGAN00001584447 25 0 25 0 0 0 0
EGAN00001584469 24 0 24 0 0 0 0
EGAN00001584470 22 0 21 0 1 0 0
EGAN00001584475 10 0 10 0 0 0 0
EGAN00001584497 15 0 15 0 0 0 0
EGAN00001584525 29 0 29 0 0 0 0
EGAN00001584530 18 0 18 0 0 0 0
EGAN00001584531 19 0 18 1 0 0 0
EGAN00001584562 21 0 21 0 0 0 0
EGAN00001584578 20 0 20 0 0 0 0
EGAN00001584585 13 0 13 0 0 0 0
EGAN00001584587 21 0 21 0 0 0 0
EGAN00001584590 19 0 19 0 0 0 0
EGAN00001584594 30 0 30 0 0 0 0
EGAN00001584621 16 0 16 0 0 0 0
EGAN00001584662 18 0 18 0 0 0 0
EGAN00001584670 17 0 17 0 0 0 0
EGAN00001584681 13 0 13 0 0 0 0
EGAN00001584682 18 0 18 0 0 0 0
EGAN00001584686 13 0 13 0 0 0 0
EGAN00001584695 22 0 22 0 0 0 0
EGAN00001584701 21 0 21 0 0 0 0
EGAN00001584748 24 0 24 0 0 0 0
EGAN00001584752 14 0 14 0 0 0 0
EGAN00001584770 17 0 17 0 0 0 0
EGAN00001584776 15 0 15 0 0 0 0
EGAN00001584789 12 0 12 0 0 0 0
EGAN00001584799 19 0 19 0 0 0 0
EGAN00001584807 15 0 15 0 0 0 0
EGAN00001584818 19 0 19 0 0 0 0
EGAN00001584827 16 0 16 0 0 0 0
EGAN00001584831 22 0 22 0 0 0 0
EGAN00001584844 24 0 24 0 0 0 0
EGAN00001584856 29 0 29 0 0 0 0
EGAN00001584876 19 0 19 0 0 0 0
EGAN00001584878 25 0 25 0 0 0 0
EGAN00001584887 17 0 17 0 0 0 0
EGAN00001584890 13 0 13 0 0 0 0
EGAN00001584902 15 0 15 0 0 0 0
EGAN00001584908 14 0 14 0 0 0 0
EGAN00001584924 19 0 19 0 0 0 0
EGAN00001584927 20 0 20 0 0 0 0
EGAN00001584940 16 0 16 0 0 0 0
EGAN00001584952 31 0 31 0 0 0 0
EGAN00001584966 24 0 23 1 0 0 0
EGAN00001584970 6 0 6 0 0 0 0
EGAN00001584972 14 0 14 0 0 0 0
EGAN00001585037 18 0 18 0 0 0 0
EGAN00001585049 16 0 16 0 0 0 0
EGAN00001585062 29 0 29 0 0 0 0
EGAN00001585083 22 0 22 0 0 0 0
EGAN00001585105 24 0 23 0 0 1 0
EGAN00001585131 18 0 18 0 0 0 0
EGAN00001585136 15 0 15 0 0 0 0
EGAN00001585163 12 0 12 0 0 0 0
EGAN00001585167 17 0 17 0 0 0 0
EGAN00001585175 17 0 17 0 0 0 0
EGAN00001585178 17 0 17 0 0 0 0
EGAN00001585191 18 0 18 0 0 0 0
EGAN00001585193 11 0 11 0 0 0 0
EGAN00001585195 22 0 21 1 0 0 0
EGAN00001585197 16 0 16 0 0 0 0
EGAN00001585198 19 0 19 0 0 0 0
EGAN00001585202 18 0 18 0 0 0 0
EGAN00001585228 17 0 17 0 0 0 0
EGAN00001585231 27 0 27 0 0 0 0
EGAN00001585239 16 0 16 0 0 0 0
EGAN00001585244 23 0 23 0 0 0 0
EGAN00001585262 21 0 20 1 0 0 0
EGAN00001585265 24 0 24 0 0 0 0
EGAN00001585280 22 0 22 0 0 0 0
EGAN00001585318 15 0 15 0 0 0 0
EGAN00001585319 23 0 23 0 0 0 0
EGAN00001585322 27 0 27 0 0 0 0
EGAN00001585328 18 0 18 0 0 0 0
EGAN00001585331 22 0 22 0 0 0 0
EGAN00001585337 16 0 16 0 0 0 0
EGAN00001585349 27 0 27 0 0 0 0
EGAN00001585350 15 0 15 0 0 0 0
EGAN00001585368 13 0 13 0 0 0 0
EGAN00001585387 17 0 17 0 0 0 0
EGAN00001585388 23 0 23 0 0 0 0
EGAN00001585391 25 0 25 0 0 0 0
EGAN00001585393 14 0 14 0 0 0 0
EGAN00001585404 9 0 9 0 0 0 0
EGAN00001585423 15 0 15 0 0 0 0
EGAN00001585439 15 0 15 0 0 0 0
EGAN00001585440 20 0 20 0 0 0 0
EGAN00001585449 16 0 16 0 0 0 0
EGAN00001585462 17 0 17 0 0 0 0
EGAN00001585473 11 0 11 0 0 0 0
EGAN00001585477 6 0 6 0 0 0 0
EGAN00001585491 22 0 22 0 0 0 0
EGAN00001585505 19 0 18 1 0 0 0
EGAN00001585506 21 0 21 0 0 0 0
EGAN00001585507 17 0 17 0 0 0 0
EGAN00001585518 15 0 15 0 0 0 0
EGAN00001585529 17 0 17 0 0 0 0
EGAN00001585530 21 0 21 0 0 0 0
EGAN00001585536 25 0 25 0 0 0 0
EGAN00001585557 14 0 14 0 0 0 0
EGAN00001585560 16 0 16 0 0 0 0
EGAN00001585569 18 0 18 0 0 0 0
EGAN00001585604 17 0 17 0 0 0 0
EGAN00001585621 17 0 17 0 0 0 0
EGAN00001585625 32 0 32 0 0 0 0
EGAN00001585628 18 0 18 0 0 0 0
EGAN00001585629 14 0 14 0 0 0 0
EGAN00001585639 24 0 24 0 0 0 0
EGAN00001585649 28 0 28 0 0 0 0
EGAN00001585650 30 0 30 0 0 0 0
EGAN00001585657 16 0 16 0 0 0 0
EGAN00001585676 18 0 18 0 0 0 0
EGAN00001585681 22 0 22 0 0 0 0
EGAN00001585693 23 0 23 0 0 0 0
EGAN00001585705 18 0 18 0 0 0 0
EGAN00001585726 14 0 14 0 0 0 0
EGAN00001585735 21 0 21 0 0 0 0
EGAN00001585751 15 0 15 0 0 0 0
EGAN00001585755 22 0 22 0 0 0 0
EGAN00001585773 14 0 14 0 0 0 0
EGAN00001585802 15 0 15 0 0 0 0
EGAN00001585821 10 0 10 0 0 0 0
EGAN00001585822 26 0 26 0 0 0 0
EGAN00001585840 24 0 24 0 0 0 0
EGAN00001585842 13 0 13 0 0 0 0
EGAN00001585849 26 0 26 0 0 0 0
EGAN00001585852 27 0 27 0 0 0 0
EGAN00001585857 22 0 22 0 0 0 0
EGAN00001585870 18 0 18 0 0 0 0
EGAN00001585871 20 0 20 0 0 0 0
EGAN00001585884 23 0 23 0 0 0 0
EGAN00001585910 28 0 28 0 0 0 0
EGAN00001585946 11 0 11 0 0 0 0
EGAN00001585953 20 0 20 0 0 0 0
EGAN00001585980 18 0 18 0 0 0 0
EGAN00001585989 24 0 23 1 0 0 0
EGAN00001586004 10 0 10 0 0 0 0
EGAN00001586011 21 0 21 0 0 0 0
EGAN00001586036 21 0 21 0 0 0 0
EGAN00001586045 19 0 19 0 0 0 0
EGAN00001586049 20 0 20 0 0 0 0
EGAN00001586050 13 0 13 0 0 0 0
EGAN00001586055 23 0 23 0 0 0 0
EGAN00001586060 18 0 18 0 0 0 0
EGAN00001586066 21 0 21 0 0 0 0
EGAN00001586069 19 0 19 0 0 0 0
EGAN00001586081 21 0 21 0 0 0 0
EGAN00001586083 24 0 24 0 0 0 0
EGAN00001586104 18 0 18 0 0 0 0
EGAN00001586112 18 0 18 0 0 0 0
EGAN00001586117 23 0 23 0 0 0 0
EGAN00001586125 20 0 20 0 0 0 0
EGAN00001586148 13 0 13 0 0 0 0
EGAN00001586165 18 0 18 0 0 0 0
EGAN00001586175 18 0 18 0 0 0 0
EGAN00001586181 11 0 11 0 0 0 0
EGAN00001586191 18 0 18 0 0 0 0
EGAN00001586205 17 0 17 0 0 0 0
EGAN00001586206 19 0 19 0 0 0 0
EGAN00001599246 16 0 16 0 0 0 0
EGAN00001599251 24 0 24 0 0 0 0
EGAN00001599261 11 0 11 0 0 0 0
EGAN00001599262 20 0 20 0 0 0 0
EGAN00001599270 19 0 19 0 0 0 0
EGAN00001599275 17 0 17 0 0 0 0
EGAN00001599281 12 0 12 0 0 0 0
EGAN00001599290 16 0 16 0 0 0 0
EGAN00001599298 11 0 11 0 0 0 0
EGAN00001599353 32 0 32 0 0 0 0
EGAN00001599360 19 0 19 0 0 0 0
EGAN00001599375 21 0 21 0 0 0 0
EGAN00001599391 23 0 23 0 0 0 0
EGAN00001599393 22 0 21 0 0 0 1
EGAN00001599404 22 0 22 0 0 0 0
EGAN00001599406 20 0 20 0 0 0 0
EGAN00001599407 28 0 28 0 0 0 0
EGAN00001599410 18 0 18 0 0 0 0
EGAN00001599411 19 0 19 0 0 0 0
EGAN00001599421 16 0 16 0 0 0 0
EGAN00001599432 18 0 18 0 0 0 0
EGAN00001599445 18 0 18 0 0 0 0
EGAN00001599448 20 0 20 0 0 0 0
EGAN00001599449 21 0 21 0 0 0 0
EGAN00001599452 24 0 24 0 0 0 0
EGAN00001599455 15 0 15 0 0 0 0
EGAN00001599456 9 0 9 0 0 0 0
EGAN00001599457 14 0 14 0 0 0 0
EGAN00001599461 15 0 15 0 0 0 0
EGAN00001599480 21 0 21 0 0 0 0
EGAN00001599501 18 0 18 0 0 0 0
EGAN00001599506 20 0 20 0 0 0 0
EGAN00001599542 9 0 9 0 0 0 0
EGAN00001599555 18 0 18 0 0 0 0
EGAN00001599567 16 0 16 0 0 0 0
EGAN00001599576 21 0 21 0 0 0 0
EGAN00001599593 11 0 11 0 0 0 0
EGAN00001599599 13 0 12 1 0 0 0
EGAN00001599625 13 0 13 0 0 0 0
EGAN00001599637 2 0 2 0 0 0 0
EGAN00001599655 9 0 9 0 0 0 0
EGAN00001599686 26 0 26 0 0 0 0
EGAN00001599694 23 0 23 0 0 0 0
EGAN00001599696 14 0 14 0 0 0 0
EGAN00001599700 14 0 14 0 0 0 0
EGAN00001599703 18 0 18 0 0 0 0
EGAN00001599711 23 0 23 0 0 0 0
EGAN00001599722 22 0 22 0 0 0 0
EGAN00001599749 17 0 17 0 0 0 0
EGAN00001599760 13 0 13 0 0 0 0
EGAN00001599774 18 0 18 0 0 0 0
EGAN00001599777 23 0 23 0 0 0 0
EGAN00001599780 17 0 17 0 0 0 0
EGAN00001599802 18 0 18 0 0 0 0
EGAN00001599817 15 0 15 0 0 0 0
EGAN00001599825 25 0 25 0 0 0 0
EGAN00001599870 24 0 23 0 0 1 0
EGAN00001599876 14 0 14 0 0 0 0
EGAN00001599887 20 0 20 0 0 0 0
EGAN00001599896 22 0 22 0 0 0 0
EGAN00001599904 18 0 18 0 0 0 0
EGAN00001599915 17 0 17 0 0 0 0
EGAN00001599917 22 0 22 0 0 0 0
EGAN00001599932 20 0 20 0 0 0 0
EGAN00001671033 16 0 16 0 0 0 0
EGAN00001671807 18 0 18 0 0 0 0
EGAN00001671828 27 0 27 0 0 0 0
EGAN00001671840 13 0 12 0 1 0 0
EGAN00001671857 12 0 12 0 0 0 0
EGAN00001671875 14 0 14 0 0 0 0
EGAN00001671876 21 0 21 0 0 0 0
EGAN00001671878 24 0 24 0 0 0 0
EGAN00001671882 18 0 17 0 1 0 0
EGAN00001671919 18 0 18 0 0 0 0
EGAN00001671924 16 0 16 0 0 0 0
EGAN00001671928 21 0 21 0 0 0 0
EGAN00001671936 13 0 13 0 0 0 0
EGAN00001671948 13 0 13 0 0 0 0
EGAN00001671983 18 0 18 0 0 0 0
EGAN00001671999 16 0 16 0 0 0 0
EGAN00001672009 17 0 17 0 0 0 0
EGAN00001672013 17 0 17 0 0 0 0
EGAN00001672017 21 0 21 0 0 0 0
EGAN00001672025 15 0 15 0 0 0 0
EGAN00001672026 17 0 17 0 0 0 0
EGAN00001672054 29 0 29 0 0 0 0
EGAN00001672062 23 0 22 0 1 0 0
EGAN00001672074 16 0 16 0 0 0 0
EGAN00001672084 12 0 12 0 0 0 0
EGAN00001672093 19 0 19 0 0 0 0
EGAN00001672100 18 0 18 0 0 0 0
EGAN00001672104 25 0 25 0 0 0 0
EGAN00001672114 18 0 18 0 0 0 0
EGAN00001672116 12 0 12 0 0 0 0
EGAN00001672124 18 0 18 0 0 0 0
EGAN00001672126 15 0 15 0 0 0 0
EGAN00001672134 23 0 23 0 0 0 0
EGAN00001672147 18 0 18 0 0 0 0
EGAN00001672148 25 0 25 0 0 0 0
EGAN00001672152 12 0 12 0 0 0 0
EGAN00001672156 19 0 19 0 0 0 0
EGAN00001672161 6 0 6 0 0 0 0
EGAN00001672165 20 0 20 0 0 0 0
EGAN00001672169 7 0 7 0 0 0 0
EGAN00001672173 17 0 17 0 0 0 0
EGAN00001672178 15 0 15 0 0 0 0
EGAN00001672183 18 0 18 0 0 0 0
EGAN00001672190 9 0 9 0 0 0 0
EGAN00001672197 24 0 24 0 0 0 0
EGAN00001672210 32 0 32 0 0 0 0
EGAN00001672232 22 0 22 0 0 0 0
EGAN00001672243 16 0 16 0 0 0 0
EGAN00001672284 9 0 9 0 0 0 0
EGAN00001672288 12 0 12 0 0 0 0
EGAN00001672308 16 0 16 0 0 0 0
EGAN00001672316 12 0 12 0 0 0 0
EGAN00001672322 10 0 10 0 0 0 0
EGAN00001672330 10 0 10 0 0 0 0
EGAN00001672333 14 0 14 0 0 0 0
EGAN00001672334 13 0 13 0 0 0 0
EGAN00001672345 18 0 18 0 0 0 0
EGAN00001672354 25 0 25 0 0 0 0
EGAN00001672363 11 0 11 0 0 0 0
EGAN00001672376 23 0 23 0 0 0 0
EGAN00001672378 16 0 15 1 0 0 0
EGAN00001672383 2 0 2 0 0 0 0
EGAN00001672411 21 0 21 0 0 0 0
EGAN00001672428 14 0 14 0 0 0 0
EGAN00001672439 23 0 23 0 0 0 0
EGAN00001672452 19 0 19 0 0 0 0
EGAN00001672457 20 0 20 0 0 0 0
EGAN00001672462 18 0 18 0 0 0 0
EGAN00001672511 10 0 10 0 0 0 0
EGAN00001672536 15 0 15 0 0 0 0
EGAN00001672538 20 0 20 0 0 0 0
EGAN00001672542 17 0 17 0 0 0 0
EGAN00001672553 7 0 6 0 1 0 0
EGAN00001672554 10 0 10 0 0 0 0
EGAN00001672565 14 0 14 0 0 0 0
EGAN00001672572 13 0 13 0 0 0 0
EGAN00001672578 13 0 13 0 0 0 0
EGAN00001672580 18 0 18 0 0 0 0
EGAN00001672585 28 0 28 0 0 0 0
EGAN00001672593 22 0 22 0 0 0 0
EGAN00001672597 17 0 17 0 0 0 0
EGAN00001672601 16 0 16 0 0 0 0
EGAN00001672631 15 0 15 0 0 0 0
EGAN00001672646 22 0 22 0 0 0 0
EGAN00001672651 17 0 17 0 0 0 0
EGAN00001672675 17 0 17 0 0 0 0
EGAN00001672687 23 0 23 0 0 0 0
EGAN00001672714 24 0 24 0 0 0 0
EGAN00001672719 20 0 20 0 0 0 0
EGAN00001672736 12 0 12 0 0 0 0
EGAN00001672744 10 0 10 0 0 0 0
EGAN00001672745 25 0 25 0 0 0 0
EGAN00001672751 15 0 15 0 0 0 0
EGAN00001672763 20 0 20 0 0 0 0
EGAN00001672783 17 0 17 0 0 0 0
EGAN00001672790 27 0 27 0 0 0 0
EGAN00001672794 15 0 15 0 0 0 0
EGAN00001672797 19 0 19 0 0 0 0
EGAN00001672813 17 0 17 0 0 0 0
EGAN00001672820 25 0 25 0 0 0 0
EGAN00001672833 26 0 26 0 0 0 0
EGAN00001672839 14 0 14 0 0 0 0
EGAN00001672848 21 0 21 0 0 0 0
EGAN00001672870 23 0 23 0 0 0 0
EGAN00001672873 12 0 12 0 0 0 0
EGAN00001672877 29 0 29 0 0 0 0
EGAN00001672886 17 0 17 0 0 0 0
EGAN00001672896 9 0 9 0 0 0 0
EGAN00001672914 14 0 14 0 0 0 0
EGAN00001672923 16 0 16 0 0 0 0
EGAN00001672926 11 0 11 0 0 0 0
EGAN00001672930 18 0 18 0 0 0 0
EGAN00001672933 17 0 17 0 0 0 0
EGAN00001672940 14 0 14 0 0 0 0
EGAN00001672947 17 0 17 0 0 0 0
EGAN00001672969 22 0 22 0 0 0 0
EGAN00001672988 14 0 14 0 0 0 0
EGAN00001673014 23 0 23 0 0 0 0
EGAN00001673075 26 0 26 0 0 0 0
EGAN00001673103 24 0 24 0 0 0 0
EGAN00001673106 21 0 21 0 0 0 0
EGAN00001673115 23 0 23 0 0 0 0
EGAN00001673116 20 0 20 0 0 0 0
EGAN00001673128 16 0 16 0 0 0 0
EGAN00001673142 18 0 18 0 0 0 0
EGAN00001673167 26 0 26 0 0 0 0
EGAN00001673209 16 0 16 0 0 0 0
EGAN00001673245 21 0 21 0 0 0 0
EGAN00001673252 21 0 21 0 0 0 0
EGAN00001673257 16 0 16 0 0 0 0
EGAN00001673263 24 0 24 0 0 0 0
EGAN00001673285 24 0 24 0 0 0 0
EGAN00001673292 21 0 21 0 0 0 0
EGAN00001673302 13 0 13 0 0 0 0
EGAN00001673321 19 0 19 0 0 0 0
EGAN00001673329 19 0 19 0 0 0 0
EGAN00001673335 22 0 22 0 0 0 0
EGAN00001673347 14 0 14 0 0 0 0
EGAN00001673371 13 0 13 0 0 0 0
EGAN00001673418 30 0 30 0 0 0 0
EGAN00001673422 17 0 17 0 0 0 0
EGAN00001673446 21 0 21 0 0 0 0
EGAN00001673458 22 0 22 0 0 0 0
EGAN00001673521 27 0 27 0 0 0 0
EGAN00001673523 16 0 16 0 0 0 0
EGAN00001673532 17 0 16 1 0 0 0
EGAN00001673562 14 0 14 0 0 0 0
EGAN00001673578 17 0 17 0 0 0 0
EGAN00001673580 19 0 19 0 0 0 0
EGAN00001673583 31 0 31 0 0 0 0
EGAN00001673597 14 0 14 0 0 0 0
EGAN00001673607 18 0 18 0 0 0 0
EGAN00001673611 19 0 19 0 0 0 0
EGAN00001673632 23 0 22 0 1 0 0
EGAN00001673637 24 0 24 0 0 0 0
EGAN00001673670 14 0 14 0 0 0 0
EGAN00001673677 17 0 17 0 0 0 0
EGAN00001673693 29 0 29 0 0 0 0
EGAN00001673700 20 0 20 0 0 0 0
EGAN00001673727 20 0 20 0 0 0 0
EGAN00001673751 20 0 20 0 0 0 0
EGAN00001673782 14 0 14 0 0 0 0
EGAN00001673804 12 0 12 0 0 0 0
EGAN00001673810 26 0 26 0 0 0 0
EGAN00001730343 16 0 16 0 0 0 0
EGAN00001730397 19 0 19 0 0 0 0
EGAN00001730410 20 0 20 0 0 0 0
EGAN00001730434 14 0 14 0 0 0 0
EGAN00001730447 17 0 17 0 0 0 0
EGAN00001730450 16 0 16 0 0 0 0
EGAN00001730455 13 0 13 0 0 0 0
EGAN00001730460 26 0 26 0 0 0 0
EGAN00001730488 23 0 23 0 0 0 0
EGAN00001730502 10 0 10 0 0 0 0
EGAN00001730503 20 0 18 1 1 0 0
EGAN00001730521 21 0 21 0 0 0 0
EGAN00001730523 21 0 20 0 0 1 0
EGAN00001730529 9 0 9 0 0 0 0
EGAN00001740624 20 0 20 0 0 0 0
EGAN00001740630 17 0 17 0 0 0 0
EGAN00001740633 21 0 21 0 0 0 0
EGAN00001740634 13 0 13 0 0 0 0
EGAN00001740641 17 0 17 0 0 0 0
EGAN00001740654 14 0 14 0 0 0 0
EGAN00001740657 9 0 9 0 0 0 0
EGAN00001740658 10 0 10 0 0 0 0
EGAN00001740673 22 0 22 0 0 0 0
EGAN00001740680 18 0 18 0 0 0 0
EGAN00001740686 20 0 20 0 0 0 0
EGAN00001740691 15 0 15 0 0 0 0
EGAN00001740692 13 0 13 0 0 0 0
EGAN00001740695 14 0 14 0 0 0 0
EGAN00001740700 18 0 18 0 0 0 0
EGAN00001740704 13 0 13 0 0 0 0
EGAN00001740742 24 0 24 0 0 0 0
EGAN00001740752 25 0 24 1 0 0 0
EGAN00001740772 18 0 18 0 0 0 0
EGAN00001740774 23 0 23 0 0 0 0
EGAN00001740796 17 0 17 0 0 0 0
EGAN00001740797 15 0 15 0 0 0 0
EGAN00001740802 15 0 15 0 0 0 0
EGAN00001740806 17 0 17 0 0 0 0
EGAN00001740827 12 0 12 0 0 0 0
EGAN00001740848 13 0 13 0 0 0 0
EGAN00001740858 22 0 22 0 0 0 0
EGAN00001740884 15 0 15 0 0 0 0
EGAN00001740885 26 0 26 0 0 0 0
EGAN00001740904 18 0 18 0 0 0 0
EGAN00001740906 17 0 17 0 0 0 0
EGAN00001740907 15 0 15 0 0 0 0
EGAN00001740918 16 0 16 0 0 0 0
EGAN00001740921 12 0 12 0 0 0 0
EGAN00001740927 13 0 13 0 0 0 0
EGAN00001740932 15 0 15 0 0 0 0
EGAN00001740944 22 0 22 0 0 0 0
EGAN00001740955 18 0 18 0 0 0 0
EGAN00001740957 13 0 13 0 0 0 0
EGAN00001740967 23 0 23 0 0 0 0
EGAN00001740970 20 0 20 0 0 0 0
EGAN00001740973 15 0 15 0 0 0 0
EGAN00001740978 21 0 21 0 0 0 0
EGAN00001740988 14 0 14 0 0 0 0
EGAN00001741035 11 0 11 0 0 0 0
EGAN00001741056 23 0 23 0 0 0 0
EGAN00001741057 12 0 12 0 0 0 0
EGAN00001741066 11 0 11 0 0 0 0
EGAN00001741073 19 0 19 0 0 0 0
EGAN00001741075 20 0 20 0 0 0 0
EGAN00001741087 16 0 16 0 0 0 0
EGAN00001741090 13 0 13 0 0 0 0
EGAN00001741093 12 0 12 0 0 0 0
EGAN00001741099 12 0 12 0 0 0 0
EGAN00001741107 27 0 27 0 0 0 0
EGAN00001741120 20 0 19 0 0 1 0
EGAN00001741122 17 0 17 0 0 0 0
EGAN00001741140 17 0 17 0 0 0 0
EGAN00001741150 13 0 13 0 0 0 0
EGAN00001741154 20 0 20 0 0 0 0
EGAN00001797988 21 0 21 0 0 0 0
EGAN00001797994 9 0 9 0 0 0 0
EGAN00001797996 13 0 13 0 0 0 0
EGAN00001798007 17 0 16 0 0 1 0
EGAN00001798008 17 0 17 0 0 0 0
EGAN00001798021 19 0 19 0 0 0 0
EGAN00001798030 7 0 7 0 0 0 0
EGAN00001798074 12 0 12 0 0 0 0
EGAN00001798091 13 0 13 0 0 0 0
EGAN00001798092 23 0 23 0 0 0 0
EGAN00001798104 14 0 14 0 0 0 0
EGAN00001798154 13 0 13 0 0 0 0
EGAN00001798162 17 0 17 0 0 0 0
EGAN00001798177 18 0 18 0 0 0 0
EGAN00001798191 21 0 21 0 0 0 0
EGAN00001798203 21 0 21 0 0 0 0
EGAN00001798255 20 0 20 0 0 0 0
EGAN00001798262 24 0 24 0 0 0 0
EGAN00001798269 18 0 18 0 0 0 0
EGAN00001798282 21 0 21 0 0 0 0
EGAN00001798285 15 0 15 0 0 0 0
EGAN00001798300 24 0 24 0 0 0 0
EGAN00001798317 13 0 13 0 0 0 0
EGAN00001798327 23 0 23 0 0 0 0
EGAN00001798330 11 0 11 0 0 0 0
EGAN00001798339 17 0 17 0 0 0 0
EGAN00001798342 17 0 17 0 0 0 0
EGAN00001798347 20 0 20 0 0 0 0
EGAN00001798348 16 0 16 0 0 0 0
EGAN00001798351 11 0 11 0 0 0 0
EGAN00001798359 19 0 19 0 0 0 0
EGAN00001798360 13 0 13 0 0 0 0
EGAN00001798367 22 0 22 0 0 0 0
EGAN00001798381 21 0 21 0 0 0 0
EGAN00001798382 16 0 16 0 0 0 0
EGAN00001798397 10 0 10 0 0 0 0
EGAN00001798404 10 0 9 0 1 0 0
EGAN00001798412 23 0 23 0 0 0 0
EGAN00001798435 21 0 21 0 0 0 0
EGAN00001798443 17 0 17 0 0 0 0
EGAN00001798445 17 0 17 0 0 0 0
EGAN00001798453 16 0 16 0 0 0 0
EGAN00001798480 33 0 33 0 0 0 0
EGAN00001798482 16 0 16 0 0 0 0
EGAN00001798483 8 0 8 0 0 0 0
EGAN00001798484 13 0 13 0 0 0 0
EGAN00001798492 19 0 19 0 0 0 0
EGAN00001798495 18 0 18 0 0 0 0
EGAN00001798498 18 0 18 0 0 0 0
EGAN00001798506 22 0 22 0 0 0 0
EGAN00001798511 19 0 19 0 0 0 0
EGAN00001798521 15 0 15 0 0 0 0
EGAN00001798534 18 0 18 0 0 0 0
EGAN00001798550 16 0 16 0 0 0 0
EGAN00001798551 12 0 12 0 0 0 0
EGAN00001798564 24 0 24 0 0 0 0
EGAN00001798565 16 0 16 0 0 0 0
EGAN00001798570 12 0 12 0 0 0 0
EGAN00001798574 22 0 22 0 0 0 0
EGAN00001798607 24 0 24 0 0 0 0
EGAN00001798625 17 0 17 0 0 0 0
EGAN00001798626 24 0 24 0 0 0 0
EGAN00001798632 16 0 16 0 0 0 0
EGAN00001798647 18 0 18 0 0 0 0
EGAN00001798653 19 0 19 0 0 0 0
EGAN00001798666 19 0 19 0 0 0 0
EGAN00001798669 11 0 11 0 0 0 0
EGAN00001798695 17 0 17 0 0 0 0
EGAN00001798708 20 0 20 0 0 0 0
EGAN00001830726 19 0 19 0 0 0 0
EGAN00001830730 17 0 17 0 0 0 0
EGAN00001830735 19 0 19 0 0 0 0
EGAN00001830736 22 0 22 0 0 0 0
EGAN00001830748 8 0 8 0 0 0 0
EGAN00001830757 13 0 12 0 0 1 0
EGAN00001830766 19 0 19 0 0 0 0
EGAN00001830784 18 0 18 0 0 0 0
EGAN00001830804 24 0 24 0 0 0 0
EGAN00001830806 22 0 22 0 0 0 0
EGAN00001830813 26 0 26 0 0 0 0
EGAN00001830822 19 0 19 0 0 0 0
EGAN00001830825 23 0 22 1 0 0 0
EGAN00001830830 20 0 20 0 0 0 0
EGAN00001830831 14 0 14 0 0 0 0
EGAN00001830836 16 0 16 0 0 0 0
EGAN00001830837 20 0 20 0 0 0 0
EGAN00001830839 20 0 20 0 0 0 0
EGAN00001830844 15 0 15 0 0 0 0
EGAN00001830849 11 0 11 0 0 0 0
EGAN00001830870 15 0 15 0 0 0 0
EGAN00001830878 16 0 16 0 0 0 0
EGAN00001830880 13 0 13 0 0 0 0
EGAN00001830882 16 0 16 0 0 0 0
EGAN00001830889 13 0 13 0 0 0 0
EGAN00001830896 31 0 31 0 0 0 0
EGAN00001830921 13 0 13 0 0 0 0
EGAN00001830930 19 0 19 0 0 0 0
EGAN00001830942 20 0 20 0 0 0 0
EGAN00001830943 18 0 18 0 0 0 0
EGAN00001830956 16 0 16 0 0 0 0
EGAN00001830959 24 0 24 0 0 0 0
