Sample Depth = A C G T N
EGAN00001008152 22 0 0 0 22 0 0
EGAN00001008240 28 0 0 0 28 0 0
EGAN00001008480 19 0 0 0 19 0 0
EGAN00001021279 21 0 0 0 21 0 0
EGAN00001021287 15 0 0 0 15 0 0
EGAN00001021349 18 0 0 0 18 0 0
EGAN00001021460 4 0 0 0 4 0 0
EGAN00001021482 26 0 0 0 26 0 0
EGAN00001021497 19 0 0 0 19 0 0
EGAN00001021529 19 0 0 0 19 0 0
EGAN00001021566 24 0 0 0 24 0 0
EGAN00001021591 24 0 0 0 24 0 0
EGAN00001021602 17 0 0 0 17 0 0
EGAN00001021616 23 0 0 0 23 0 0
EGAN00001021618 30 0 0 0 30 0 0
EGAN00001021722 28 0 0 0 27 1 0
EGAN00001021724 13 0 0 0 13 0 0
EGAN00001021747 22 0 0 0 22 0 0
EGAN00001021767 20 0 0 0 20 0 0
EGAN00001021773 21 0 0 0 21 0 0
EGAN00001021774 15 0 0 0 15 0 0
EGAN00001021779 18 0 0 0 18 0 0
EGAN00001021807 15 0 0 0 15 0 0
EGAN00001021818 29 0 0 0 29 0 0
EGAN00001021838 23 0 0 0 23 0 0
EGAN00001021842 30 0 0 0 30 0 0
EGAN00001021852 13 0 0 0 13 0 0
EGAN00001021861 14 0 0 0 14 0 0
EGAN00001021877 19 0 0 0 19 0 0
EGAN00001021992 13 0 0 0 13 0 0
EGAN00001021995 14 0 0 0 14 0 0
EGAN00001022009 21 0 0 0 21 0 0
EGAN00001022024 16 0 0 0 16 0 0
EGAN00001022028 12 0 0 0 12 0 0
EGAN00001022070 20 0 0 0 20 0 0
EGAN00001022071 24 0 0 0 24 0 0
EGAN00001022073 27 0 0 0 27 0 0
EGAN00001022269 20 0 0 0 20 0 0
EGAN00001022287 17 0 0 0 17 0 0
EGAN00001022694 27 0 0 0 26 1 0
EGAN00001022728 22 0 0 0 22 0 0
EGAN00001022747 15 0 0 0 14 1 0
EGAN00001022776 22 0 0 0 22 0 0
EGAN00001022786 16 0 0 0 16 0 0
EGAN00001022788 29 0 0 0 28 1 0
EGAN00001022798 14 0 0 0 14 0 0
EGAN00001022907 19 0 0 0 19 0 0
EGAN00001022925 27 0 0 0 27 0 0
EGAN00001022928 29 0 0 0 29 0 0
EGAN00001022933 28 0 0 0 28 0 0
EGAN00001022944 12 0 0 0 12 0 0
EGAN00001022965 20 0 0 0 20 0 0
EGAN00001022970 19 0 0 0 19 0 0
EGAN00001022976 17 0 0 0 17 0 0
EGAN00001022977 24 0 0 0 24 0 0
EGAN00001022985 26 0 0 0 26 0 0
EGAN00001022994 20 0 0 0 20 0 0
EGAN00001022999 27 0 0 0 27 0 0
EGAN00001023013 25 0 0 0 25 0 0
EGAN00001023048 26 0 0 0 26 0 0
EGAN00001023052 23 0 0 0 23 0 0
EGAN00001023062 31 0 0 0 31 0 0
EGAN00001023065 29 0 0 0 29 0 0
EGAN00001023090 26 0 0 0 25 1 0
EGAN00001023109 20 0 0 0 20 0 0
EGAN00001023113 22 0 0 0 22 0 0
EGAN00001023144 18 0 0 0 18 0 0
EGAN00001023149 25 0 0 0 25 0 0
EGAN00001023165 19 0 0 0 19 0 0
EGAN00001023440 17 0 0 0 17 0 0
EGAN00001023443 18 0 0 0 18 0 0
EGAN00001023451 19 0 0 0 19 0 0
EGAN00001023536 28 0 0 0 28 0 0
EGAN00001024052 20 0 0 0 20 0 0
EGAN00001024169 19 0 0 0 19 0 0
EGAN00001024175 21 0 0 0 20 1 0
EGAN00001024242 30 0 0 0 30 0 0
EGAN00001024268 30 0 0 0 30 0 0
EGAN00001024339 23 0 0 0 23 0 0
EGAN00001025821 19 0 0 0 19 0 0
EGAN00001025877 27 0 0 0 27 0 0
EGAN00001026203 20 0 0 0 20 0 0
EGAN00001026429 20 0 0 0 20 0 0
EGAN00001026576 24 0 0 0 24 0 0
EGAN00001026589 16 0 0 0 16 0 0
EGAN00001026598 36 0 0 0 36 0 0
EGAN00001026629 27 0 0 0 26 1 0
EGAN00001026694 24 0 0 0 24 0 0
EGAN00001026814 17 0 0 0 17 0 0
EGAN00001027202 26 0 0 0 26 0 0
EGAN00001027204 30 0 0 0 29 1 0
EGAN00001027205 18 0 0 0 18 0 0
EGAN00001027212 20 0 0 0 20 0 0
EGAN00001027340 30 0 0 0 30 0 0
EGAN00001027395 23 0 0 0 23 0 0
EGAN00001027418 20 0 0 0 20 0 0
EGAN00001027453 32 0 0 0 32 0 0
EGAN00001027462 24 0 0 0 24 0 0
EGAN00001027463 27 0 0 0 27 0 0
EGAN00001027475 23 0 0 0 23 0 0
EGAN00001027505 19 0 0 0 19 0 0
EGAN00001027540 16 0 0 0 16 0 0
EGAN00001073920 18 0 0 0 18 0 0
EGAN00001073921 11 0 0 0 11 0 0
EGAN00001073922 24 0 0 0 24 0 0
EGAN00001074781 32 0 0 0 32 0 0
EGAN00001074834 21 0 0 1 20 0 0
EGAN00001074854 25 0 1 0 24 0 0
EGAN00001074864 21 0 0 0 21 0 0
EGAN00001074869 32 0 0 0 32 0 0
EGAN00001074873 23 0 0 0 23 0 0
EGAN00001074875 15 0 0 0 15 0 0
EGAN00001079317 18 0 0 0 18 0 0
EGAN00001079328 19 0 0 0 19 0 0
EGAN00001079401 20 0 0 0 20 0 0
EGAN00001079414 16 0 0 0 16 0 0
EGAN00001079479 31 0 0 0 31 0 0
EGAN00001079481 23 0 0 0 22 1 0
EGAN00001079505 22 0 0 0 22 0 0
EGAN00001079506 20 0 0 0 20 0 0
EGAN00001079561 19 0 0 0 19 0 0
EGAN00001079572 23 0 0 0 23 0 0
EGAN00001079662 28 0 0 0 28 0 0
EGAN00001079666 20 0 0 0 20 0 0
EGAN00001079696 24 0 0 0 24 0 0
EGAN00001079780 21 0 0 0 21 0 0
EGAN00001080216 21 0 0 0 21 0 0
EGAN00001080226 23 0 0 0 23 0 0
EGAN00001240157 23 0 0 0 23 0 0
EGAN00001240272 19 0 0 0 19 0 0
EGAN00001240612 22 0 0 0 22 0 0
EGAN00001240628 17 0 0 0 17 0 0
EGAN00001240764 20 0 0 0 20 0 0
EGAN00001240779 21 0 0 0 21 0 0
EGAN00001240905 24 0 0 0 24 0 0
EGAN00001241156 15 0 0 0 15 0 0
EGAN00001241214 20 0 0 0 20 0 0
EGAN00001241247 18 0 0 0 18 0 0
EGAN00001241334 16 0 0 0 16 0 0
EGAN00001241394 15 0 0 0 15 0 0
EGAN00001241506 18 0 0 0 18 0 0
EGAN00001241817 21 0 0 0 21 0 0
EGAN00001241861 23 0 0 0 23 0 0
EGAN00001241906 16 0 0 0 16 0 0
EGAN00001241963 26 0 0 0 26 0 0
EGAN00001241982 23 0 0 0 23 0 0
EGAN00001242082 18 0 0 0 18 0 0
EGAN00001242253 26 0 0 0 26 0 0
EGAN00001242280 18 0 0 0 18 0 0
EGAN00001242309 23 0 0 0 23 0 0
EGAN00001242516 16 0 0 0 16 0 0
EGAN00001242562 23 0 0 0 23 0 0
EGAN00001242628 21 0 0 0 21 0 0
EGAN00001242652 15 0 0 0 15 0 0
EGAN00001242720 18 0 0 0 18 0 0
EGAN00001242723 17 0 0 0 17 0 0
EGAN00001242952 23 0 0 0 23 0 0
EGAN00001243036 22 0 0 0 22 0 0
EGAN00001243053 25 0 0 0 24 1 0
EGAN00001243054 26 0 0 0 26 0 0
EGAN00001243109 17 0 0 0 17 0 0
EGAN00001243140 20 0 0 0 20 0 0
EGAN00001243144 29 0 0 0 29 0 0
EGAN00001243226 20 0 0 0 20 0 0
EGAN00001243294 21 0 0 0 21 0 0
EGAN00001243323 23 0 0 0 22 1 0
EGAN00001243343 19 0 0 0 19 0 0
EGAN00001243402 13 0 0 0 13 0 0
EGAN00001243503 16 0 0 0 16 0 0
EGAN00001243681 25 0 0 0 25 0 0
EGAN00001243731 11 0 0 0 11 0 0
EGAN00001243755 32 0 0 0 32 0 0
EGAN00001243780 23 0 0 0 23 0 0
EGAN00001243786 22 0 0 0 22 0 0
EGAN00001243946 15 0 0 0 15 0 0
EGAN00001244068 19 0 0 0 19 0 0
EGAN00001244108 28 0 0 0 28 0 0
EGAN00001244157 21 0 0 0 21 0 0
EGAN00001244308 19 0 0 0 19 0 0
EGAN00001244475 23 0 0 0 23 0 0
EGAN00001244572 31 0 0 0 31 0 0
EGAN00001244592 26 0 0 0 26 0 0
EGAN00001244659 14 0 0 0 14 0 0
EGAN00001244730 9 0 0 0 9 0 0
EGAN00001244763 29 0 0 0 29 0 0
EGAN00001244776 18 0 0 0 18 0 0
EGAN00001245103 22 0 0 0 22 0 0
EGAN00001245122 26 0 0 0 26 0 0
EGAN00001245134 17 0 0 0 17 0 0
EGAN00001245179 11 0 0 0 11 0 0
EGAN00001245323 17 0 0 0 17 0 0
EGAN00001245434 22 0 0 0 21 1 0
EGAN00001245840 17 0 0 0 17 0 0
EGAN00001246009 19 0 0 0 19 0 0
EGAN00001246021 21 0 0 0 21 0 0
EGAN00001246023 22 0 0 0 22 0 0
EGAN00001246063 12 0 0 0 12 0 0
EGAN00001246077 29 0 0 1 28 0 0
EGAN00001246246 21 0 0 0 21 0 0
EGAN00001246783 26 0 0 0 26 0 0
EGAN00001247049 20 0 0 0 19 1 0
EGAN00001247152 12 0 0 0 12 0 0
EGAN00001247246 14 0 0 0 14 0 0
EGAN00001247313 25 0 0 0 25 0 0
EGAN00001247500 19 0 0 0 19 0 0
EGAN00001247568 23 0 0 0 23 0 0
EGAN00001247658 14 0 0 1 13 0 0
EGAN00001247674 16 0 0 0 16 0 0
EGAN00001247681 7 0 0 0 7 0 0
EGAN00001267728 21 0 0 0 21 0 0
EGAN00001267991 19 0 0 0 18 1 0
EGAN00001277294 31 0 0 0 30 1 0
EGAN00001277295 42 0 0 0 42 0 0
EGAN00001385049 18 0 1 0 17 0 0
EGAN00001385050 24 0 0 0 24 0 0
EGAN00001385053 12 0 0 0 11 1 0
EGAN00001385060 20 0 0 0 20 0 0
EGAN00001385062 20 0 0 0 20 0 0
EGAN00001385083 27 0 0 0 26 1 0
EGAN00001385135 25 0 0 1 24 0 0
EGAN00001385146 24 0 0 0 24 0 0
EGAN00001385155 12 0 0 0 12 0 0
EGAN00001385160 22 0 0 0 22 0 0
EGAN00001385169 13 0 0 0 13 0 0
EGAN00001385173 11 0 0 0 11 0 0
EGAN00001385177 19 0 0 0 19 0 0
EGAN00001385180 11 0 0 0 11 0 0
EGAN00001385182 24 0 1 0 23 0 0
EGAN00001385184 20 0 0 0 19 1 0
EGAN00001385193 31 0 0 0 31 0 0
EGAN00001385212 19 0 0 0 19 0 0
EGAN00001385222 23 0 0 0 23 0 0
EGAN00001385223 20 0 0 0 20 0 0
EGAN00001385232 23 0 0 0 23 0 0
EGAN00001385237 14 0 0 0 14 0 0
EGAN00001385246 21 0 0 1 20 0 0
EGAN00001385268 18 0 0 0 18 0 0
EGAN00001385280 18 0 0 0 18 0 0
EGAN00001385284 15 0 0 0 15 0 0
EGAN00001385305 25 0 0 0 25 0 0
EGAN00001385313 26 0 0 0 26 0 0
EGAN00001385352 17 0 0 0 17 0 0
EGAN00001385361 21 0 0 0 21 0 0
EGAN00001385393 19 0 0 0 18 1 0
EGAN00001385395 18 0 0 0 18 0 0
EGAN00001385442 14 0 0 0 14 0 0
EGAN00001385443 13 0 0 0 13 0 0
EGAN00001385444 17 0 0 0 17 0 0
EGAN00001385447 20 0 0 0 20 0 0
EGAN00001385448 22 0 1 0 21 0 0
EGAN00001385449 14 0 0 0 14 0 0
EGAN00001385467 26 0 0 0 25 1 0
EGAN00001385469 19 0 0 0 19 0 0
EGAN00001385479 8 0 0 0 8 0 0
EGAN00001385496 30 0 0 0 30 0 0
EGAN00001385516 23 0 0 0 23 0 0
EGAN00001385522 18 0 0 0 18 0 0
EGAN00001385535 16 0 0 0 16 0 0
EGAN00001385539 22 0 0 0 22 0 0
EGAN00001385550 17 0 0 0 17 0 0
EGAN00001385578 17 0 0 0 17 0 0
EGAN00001385611 19 0 0 0 19 0 0
EGAN00001385616 17 0 0 0 17 0 0
EGAN00001385617 13 0 0 0 13 0 0
EGAN00001385627 19 0 0 0 19 0 0
EGAN00001385651 17 0 0 0 17 0 0
EGAN00001385655 22 0 0 0 22 0 0
EGAN00001385657 29 0 0 0 29 0 0
EGAN00001385673 21 0 0 0 21 0 0
EGAN00001385678 19 0 0 0 19 0 0
EGAN00001385688 18 0 0 0 18 0 0
EGAN00001385695 27 0 0 0 26 1 0
EGAN00001385699 19 0 0 0 19 0 0
EGAN00001385709 18 0 0 0 18 0 0
EGAN00001385738 18 0 0 0 18 0 0
EGAN00001385744 24 0 0 0 24 0 0
EGAN00001385746 21 0 0 0 21 0 0
EGAN00001385749 14 0 0 0 14 0 0
EGAN00001385752 20 0 0 0 20 0 0
EGAN00001385756 16 0 0 0 16 0 0
EGAN00001385760 18 0 0 0 18 0 0
EGAN00001385768 13 0 0 0 13 0 0
EGAN00001403187 20 0 0 0 20 0 0
EGAN00001403699 24 0 0 0 24 0 0
EGAN00001403701 18 0 0 0 18 0 0
EGAN00001403713 23 0 0 0 23 0 0
EGAN00001403722 16 0 0 0 16 0 0
EGAN00001403725 19 0 0 0 19 0 0
EGAN00001403739 30 0 0 0 30 0 0
EGAN00001403743 20 0 0 0 20 0 0
EGAN00001403756 24 0 0 0 24 0 0
EGAN00001403757 23 0 0 0 23 0 0
EGAN00001403763 22 0 0 0 22 0 0
EGAN00001403785 16 0 0 0 16 0 0
EGAN00001403786 22 0 0 0 22 0 0
EGAN00001403795 12 0 0 0 12 0 0
EGAN00001403805 23 0 0 0 23 0 0
EGAN00001403812 25 0 0 0 25 0 0
EGAN00001403819 19 0 0 0 19 0 0
EGAN00001403823 23 0 0 0 23 0 0
EGAN00001403825 15 0 0 0 15 0 0
EGAN00001403838 18 0 0 0 18 0 0
EGAN00001403845 20 0 0 0 20 0 0
EGAN00001403870 17 0 0 0 17 0 0
EGAN00001403873 13 0 0 0 13 0 0
EGAN00001403874 23 0 0 0 23 0 0
EGAN00001403892 12 0 0 0 12 0 0
EGAN00001403903 19 0 0 0 18 1 0
EGAN00001403909 19 0 0 0 18 1 0
EGAN00001403920 26 0 0 0 26 0 0
EGAN00001403930 17 0 0 0 17 0 0
EGAN00001403933 24 0 0 0 24 0 0
EGAN00001403939 12 0 0 0 12 0 0
EGAN00001403943 23 0 0 0 22 1 0
EGAN00001403953 17 0 0 0 17 0 0
EGAN00001403963 30 0 0 0 30 0 0
EGAN00001403980 25 0 0 0 24 1 0
EGAN00001403981 21 0 0 0 21 0 0
EGAN00001403994 17 0 0 0 17 0 0
EGAN00001404034 17 0 0 0 17 0 0
EGAN00001404044 22 0 0 0 22 0 0
EGAN00001404050 19 0 0 0 19 0 0
EGAN00001404075 24 0 0 0 23 1 0
EGAN00001404090 27 0 0 1 26 0 0
EGAN00001404108 23 0 0 0 23 0 0
EGAN00001404119 22 0 0 0 22 0 0
EGAN00001404147 16 0 0 0 16 0 0
EGAN00001404151 15 0 0 0 15 0 0
EGAN00001404154 11 0 0 0 11 0 0
EGAN00001404484 20 0 0 0 20 0 0
EGAN00001439009 19 0 0 1 17 1 0
EGAN00001439015 11 0 0 0 11 0 0
EGAN00001439114 16 0 0 0 16 0 0
EGAN00001439126 22 0 0 0 21 1 0
EGAN00001439127 25 0 0 0 25 0 0
EGAN00001439130 19 0 0 0 19 0 0
EGAN00001439141 23 0 0 0 23 0 0
EGAN00001439154 18 0 0 0 18 0 0
EGAN00001439168 17 0 0 0 17 0 0
EGAN00001439176 20 0 0 0 20 0 0
EGAN00001439191 20 0 0 0 20 0 0
EGAN00001439204 15 0 0 0 15 0 0
EGAN00001439205 16 0 0 0 16 0 0
EGAN00001439214 21 0 0 0 21 0 0
EGAN00001439216 16 0 0 0 16 0 0
EGAN00001439223 16 0 0 0 16 0 0
EGAN00001439229 13 0 0 0 13 0 0
EGAN00001439230 10 0 0 1 9 0 0
EGAN00001439797 26 0 0 0 26 0 0
EGAN00001440377 20 0 0 0 20 0 0
EGAN00001440389 22 0 0 0 22 0 0
EGAN00001440396 19 0 0 0 19 0 0
EGAN00001440398 10 0 0 0 10 0 0
EGAN00001440407 19 0 0 0 19 0 0
EGAN00001440429 30 0 0 0 30 0 0
EGAN00001440468 19 0 0 0 18 1 0
EGAN00001440476 19 0 0 0 19 0 0
EGAN00001440495 19 0 0 0 19 0 0
EGAN00001440500 31 0 0 0 31 0 0
EGAN00001440514 23 0 0 0 23 0 0
EGAN00001440523 7 0 0 0 7 0 0
EGAN00001440524 21 0 0 0 20 1 0
EGAN00001440539 20 0 0 0 20 0 0
EGAN00001440542 14 0 0 0 14 0 0
EGAN00001440566 14 0 0 0 14 0 0
EGAN00001440641 21 0 0 0 21 0 0
EGAN00001440710 19 0 0 0 19 0 0
EGAN00001440723 13 0 0 0 13 0 0
EGAN00001442167 20 0 0 0 19 1 0
EGAN00001442174 14 0 0 0 14 0 0
EGAN00001442203 18 0 0 0 18 0 0
EGAN00001442204 19 0 0 0 19 0 0
EGAN00001442210 16 0 0 0 16 0 0
EGAN00001442231 25 0 0 0 25 0 0
EGAN00001442238 11 0 0 0 11 0 0
EGAN00001442436 18 0 0 0 18 0 0
EGAN00001442449 29 0 0 0 29 0 0
EGAN00001442458 27 0 0 0 27 0 0
EGAN00001442474 14 0 0 0 14 0 0
EGAN00001442489 15 0 0 0 15 0 0
EGAN00001443772 23 0 0 0 23 0 0
EGAN00001444312 23 0 0 0 23 0 0
EGAN00001444317 22 0 0 0 22 0 0
EGAN00001444318 27 0 0 0 27 0 0
EGAN00001444415 19 0 0 0 19 0 0
EGAN00001444475 29 0 0 0 29 0 0
EGAN00001444482 10 0 0 0 10 0 0
EGAN00001444841 18 0 0 0 17 1 0
EGAN00001444984 21 0 0 0 21 0 0
EGAN00001445004 25 0 0 0 25 0 0
EGAN00001445013 21 0 0 0 21 0 0
EGAN00001445033 10 0 0 0 10 0 0
EGAN00001445043 14 0 0 0 14 0 0
EGAN00001445071 20 0 0 0 20 0 0
EGAN00001445077 21 0 0 0 21 0 0
EGAN00001445079 19 0 0 0 19 0 0
EGAN00001445081 27 0 1 0 26 0 0
EGAN00001445085 20 0 0 0 20 0 0
EGAN00001445454 21 0 0 0 21 0 0
EGAN00001445456 32 0 0 0 32 0 0
EGAN00001445463 19 0 0 0 19 0 0
EGAN00001445494 14 0 0 0 14 0 0
EGAN00001445507 19 0 0 0 19 0 0
EGAN00001445512 22 0 0 0 22 0 0
EGAN00001445521 14 0 0 0 14 0 0
EGAN00001445525 15 0 0 0 15 0 0
EGAN00001446662 25 0 0 0 24 1 0
EGAN00001446688 24 0 0 0 24 0 0
EGAN00001446689 20 0 0 0 20 0 0
EGAN00001446697 18 0 0 0 18 0 0
EGAN00001486675 25 0 0 0 24 1 0
EGAN00001486681 26 0 0 0 26 0 0
EGAN00001486687 12 0 0 0 12 0 0
EGAN00001559552 21 0 0 0 21 0 0
EGAN00001559573 22 0 0 0 22 0 0
EGAN00001559631 21 0 0 0 20 1 0
EGAN00001559637 19 0 0 0 19 0 0
EGAN00001559644 21 0 0 0 20 1 0
EGAN00001559648 16 0 0 0 16 0 0
EGAN00001559656 26 0 0 0 26 0 0
EGAN00001559663 26 0 0 0 25 1 0
EGAN00001559670 21 0 0 0 21 0 0
EGAN00001559678 25 0 0 0 25 0 0
EGAN00001559693 10 0 0 0 10 0 0
EGAN00001559701 24 0 0 0 24 0 0
EGAN00001559716 24 0 0 0 24 0 0
EGAN00001559739 14 0 0 0 14 0 0
EGAN00001559761 20 0 0 0 20 0 0
EGAN00001559766 25 0 0 0 25 0 0
EGAN00001559774 15 0 0 0 14 1 0
EGAN00001559782 13 0 0 0 13 0 0
EGAN00001559799 28 0 0 0 28 0 0
EGAN00001559808 36 0 0 0 36 0 0
EGAN00001559814 27 0 0 0 27 0 0
EGAN00001559826 21 0 0 0 21 0 0
EGAN00001559843 20 0 0 0 20 0 0
EGAN00001559849 18 0 0 0 18 0 0
EGAN00001559881 22 0 0 1 21 0 0
EGAN00001559902 21 0 0 0 21 0 0
EGAN00001559926 19 0 0 0 19 0 0
EGAN00001559933 21 0 0 0 21 0 0
EGAN00001559939 15 0 0 0 15 0 0
EGAN00001559962 36 0 0 0 36 0 0
EGAN00001559967 19 0 0 0 19 0 0
EGAN00001559995 16 0 0 0 16 0 0
EGAN00001560016 21 0 0 0 21 0 0
EGAN00001560034 17 0 0 0 17 0 0
EGAN00001560035 30 0 0 0 30 0 0
EGAN00001560050 21 0 0 0 21 0 0
EGAN00001560052 25 0 0 0 25 0 0
EGAN00001560068 26 0 0 0 26 0 0
EGAN00001560084 25 0 0 0 25 0 0
EGAN00001560085 11 0 0 0 11 0 0
EGAN00001560090 21 0 0 0 21 0 0
EGAN00001560096 22 0 0 0 22 0 0
EGAN00001560098 26 0 0 0 24 2 0
EGAN00001560124 20 0 0 0 20 0 0
EGAN00001560145 14 0 0 0 14 0 0
EGAN00001560153 29 0 0 0 29 0 0
EGAN00001560162 22 0 0 0 21 1 0
EGAN00001560183 26 0 0 0 25 1 0
EGAN00001560192 15 0 0 0 15 0 0
EGAN00001560207 22 0 0 0 22 0 0
EGAN00001560214 23 0 0 0 23 0 0
EGAN00001560218 44 0 1 0 43 0 0
EGAN00001560231 22 0 0 0 22 0 0
EGAN00001560243 20 0 0 0 20 0 0
EGAN00001560269 17 0 0 0 17 0 0
EGAN00001560308 26 0 0 0 25 1 0
EGAN00001560313 11 0 0 0 11 0 0
EGAN00001560314 22 0 0 0 22 0 0
EGAN00001560320 12 0 0 0 12 0 0
EGAN00001560322 27 0 0 0 27 0 0
EGAN00001560332 16 0 0 0 15 1 0
EGAN00001560346 25 0 0 0 25 0 0
EGAN00001560356 21 0 0 0 21 0 0
EGAN00001560362 25 0 0 0 25 0 0
EGAN00001560370 18 0 0 0 18 0 0
EGAN00001560386 20 0 0 0 20 0 0
EGAN00001560396 25 0 0 0 25 0 0
EGAN00001560410 24 0 0 0 24 0 0
EGAN00001560418 27 0 0 0 27 0 0
EGAN00001560424 24 0 0 0 24 0 0
EGAN00001560448 13 0 0 0 13 0 0
EGAN00001560453 23 0 0 0 23 0 0
EGAN00001560464 17 0 0 0 17 0 0
EGAN00001560478 27 0 0 0 27 0 0
EGAN00001560485 27 0 0 0 27 0 0
EGAN00001560513 16 0 0 0 16 0 0
EGAN00001560515 18 0 0 0 18 0 0
EGAN00001560516 17 0 0 0 17 0 0
EGAN00001560524 18 0 0 0 18 0 0
EGAN00001560527 20 0 0 0 20 0 0
EGAN00001560540 19 0 0 0 19 0 0
EGAN00001560547 25 0 0 0 25 0 0
EGAN00001560549 25 0 0 0 24 1 0
EGAN00001560559 17 0 0 0 17 0 0
EGAN00001560583 20 0 0 0 20 0 0
EGAN00001560592 26 0 0 0 26 0 0
EGAN00001560595 18 0 0 0 18 0 0
EGAN00001560606 27 0 0 0 27 0 0
EGAN00001560609 22 0 0 0 22 0 0
EGAN00001560616 24 0 0 0 24 0 0
EGAN00001560633 29 0 0 0 29 0 0
EGAN00001560665 19 0 0 0 19 0 0
EGAN00001560675 16 0 0 0 16 0 0
EGAN00001560686 19 0 0 0 19 0 0
EGAN00001560693 13 0 1 0 12 0 0
EGAN00001560695 16 0 0 0 16 0 0
EGAN00001560708 25 0 0 0 25 0 0
EGAN00001560710 12 0 0 0 12 0 0
EGAN00001560737 19 0 0 0 19 0 0
EGAN00001560738 21 0 0 0 21 0 0
EGAN00001560739 18 0 0 0 18 0 0
EGAN00001560761 19 0 0 0 19 0 0
EGAN00001560769 27 0 0 0 27 0 0
EGAN00001560786 23 0 0 0 23 0 0
EGAN00001560788 21 0 0 0 21 0 0
EGAN00001560813 28 0 0 1 27 0 0
EGAN00001560820 22 0 0 0 22 0 0
EGAN00001560821 22 0 0 0 22 0 0
EGAN00001560824 24 0 0 0 24 0 0
EGAN00001560853 25 0 0 0 25 0 0
EGAN00001560869 21 0 0 0 21 0 0
EGAN00001560889 29 0 0 0 29 0 0
EGAN00001560906 18 0 0 0 18 0 0
EGAN00001560912 24 0 0 0 24 0 0
EGAN00001560929 23 0 0 0 23 0 0
EGAN00001560938 23 0 0 0 23 0 0
EGAN00001560951 13 0 0 0 13 0 0
EGAN00001560966 20 0 0 0 20 0 0
EGAN00001560974 26 0 0 0 26 0 0
EGAN00001560985 21 0 0 0 21 0 0
EGAN00001560994 17 0 0 0 17 0 0
EGAN00001560995 23 0 0 0 23 0 0
EGAN00001561020 15 0 0 0 15 0 0
EGAN00001561055 25 0 1 0 23 1 0
EGAN00001561079 24 0 0 0 24 0 0
EGAN00001561085 28 0 0 0 27 1 0
EGAN00001561103 19 0 0 0 19 0 0
EGAN00001561148 24 0 0 0 24 0 0
EGAN00001561154 24 0 0 0 24 0 0
EGAN00001561172 14 0 0 0 13 1 0
EGAN00001561199 13 0 0 0 13 0 0
EGAN00001561200 13 0 0 0 13 0 0
EGAN00001561201 21 0 0 0 21 0 0
EGAN00001561206 27 0 0 0 27 0 0
EGAN00001561221 22 0 0 0 22 0 0
EGAN00001561231 18 0 0 0 18 0 0
EGAN00001561234 35 0 0 0 35 0 0
EGAN00001561251 28 0 0 0 28 0 0
EGAN00001561252 23 0 0 0 23 0 0
EGAN00001561280 17 0 0 0 17 0 0
EGAN00001561296 15 0 0 0 15 0 0
EGAN00001561299 20 0 1 0 19 0 0
EGAN00001561303 18 0 0 0 18 0 0
EGAN00001561312 21 0 0 0 21 0 0
EGAN00001561373 19 0 0 0 19 0 0
EGAN00001561380 16 0 0 0 16 0 0
EGAN00001561393 20 0 0 0 20 0 0
EGAN00001561406 10 0 0 0 10 0 0
EGAN00001561412 19 0 0 0 19 0 0
EGAN00001561414 11 0 0 0 11 0 0
EGAN00001561425 26 0 0 0 26 0 0
EGAN00001561431 21 0 0 0 21 0 0
EGAN00001561442 19 0 0 0 19 0 0
EGAN00001561448 25 0 0 0 24 1 0
EGAN00001561453 19 0 0 0 19 0 0
EGAN00001561456 27 0 0 0 27 0 0
EGAN00001561458 18 0 0 0 18 0 0
EGAN00001561467 28 0 0 0 28 0 0
EGAN00001561476 24 0 0 0 24 0 0
EGAN00001561503 23 0 0 0 23 0 0
EGAN00001561508 25 0 0 0 25 0 0
EGAN00001561510 18 0 0 0 18 0 0
EGAN00001561542 19 0 0 0 19 0 0
EGAN00001561554 27 0 0 0 27 0 0
EGAN00001569013 26 0 0 0 26 0 0
EGAN00001572904 22 0 0 0 22 0 0
EGAN00001572939 26 0 0 0 26 0 0
EGAN00001575966 25 0 0 0 25 0 0
EGAN00001575982 19 0 0 0 19 0 0
EGAN00001576013 27 0 0 0 27 0 0
EGAN00001576017 16 0 0 0 16 0 0
EGAN00001576033 26 0 0 1 25 0 0
EGAN00001576040 30 0 0 0 30 0 0
EGAN00001576047 13 0 0 0 13 0 0
EGAN00001576056 21 0 0 0 20 1 0
EGAN00001576064 20 0 0 1 19 0 0
EGAN00001576068 10 0 0 0 10 0 0
EGAN00001576070 30 0 0 0 30 0 0
EGAN00001576074 27 0 0 0 27 0 0
EGAN00001576094 18 0 0 0 18 0 0
EGAN00001576100 18 0 0 0 18 0 0
EGAN00001576104 28 0 0 0 28 0 0
EGAN00001576114 19 0 0 0 19 0 0
EGAN00001576126 21 0 0 0 21 0 0
EGAN00001576168 30 0 0 0 30 0 0
EGAN00001576188 25 0 0 0 25 0 0
EGAN00001576205 24 0 0 0 24 0 0
EGAN00001576216 13 0 0 0 13 0 0
EGAN00001576226 23 0 0 0 23 0 0
EGAN00001576240 22 0 0 0 22 0 0
EGAN00001576245 24 0 0 0 24 0 0
EGAN00001576247 15 0 0 0 15 0 0
EGAN00001576249 22 0 0 0 22 0 0
EGAN00001576253 19 0 0 0 19 0 0
EGAN00001576258 20 0 0 0 20 0 0
EGAN00001576264 20 0 0 0 20 0 0
EGAN00001576272 15 0 0 0 15 0 0
EGAN00001576273 16 0 0 0 16 0 0
EGAN00001576277 22 0 0 0 22 0 0
EGAN00001576296 27 0 0 0 26 1 0
EGAN00001576314 18 0 0 0 18 0 0
EGAN00001576321 16 0 0 0 16 0 0
EGAN00001576324 24 0 0 0 24 0 0
EGAN00001576334 32 0 0 0 32 0 0
EGAN00001576367 23 0 0 0 23 0 0
EGAN00001576379 16 0 0 0 16 0 0
EGAN00001576393 19 0 0 0 19 0 0
EGAN00001576415 24 0 0 0 22 2 0
EGAN00001576428 12 0 0 0 12 0 0
EGAN00001576431 20 0 0 0 20 0 0
EGAN00001576439 29 0 0 0 29 0 0
EGAN00001576442 16 0 0 0 16 0 0
EGAN00001576452 15 0 0 0 15 0 0
EGAN00001576459 18 0 0 0 18 0 0
EGAN00001576482 24 0 0 0 24 0 0
EGAN00001576490 26 0 0 0 26 0 0
EGAN00001576502 25 0 0 0 25 0 0
EGAN00001576514 21 0 0 0 21 0 0
EGAN00001576515 19 0 0 0 19 0 0
EGAN00001576553 15 0 0 0 15 0 0
EGAN00001576555 16 0 0 0 16 0 0
EGAN00001576558 18 0 0 0 18 0 0
EGAN00001576566 29 0 0 0 29 0 0
EGAN00001576575 27 0 0 0 27 0 0
EGAN00001576611 11 0 0 0 11 0 0
EGAN00001576639 18 0 0 0 18 0 0
EGAN00001576651 37 0 0 0 37 0 0
EGAN00001576682 23 0 0 0 23 0 0
EGAN00001576692 19 0 0 0 19 0 0
EGAN00001576705 15 0 0 0 15 0 0
EGAN00001576718 12 0 0 0 12 0 0
EGAN00001579169 23 0 0 0 23 0 0
EGAN00001579171 17 0 0 0 17 0 0
EGAN00001583153 20 0 0 0 20 0 0
EGAN00001583162 22 0 0 0 22 0 0
EGAN00001583163 31 0 0 0 31 0 0
EGAN00001583178 19 0 0 0 19 0 0
EGAN00001583180 21 0 0 0 21 0 0
EGAN00001583181 21 0 0 0 21 0 0
EGAN00001583193 23 0 0 0 23 0 0
EGAN00001583197 26 0 0 0 26 0 0
EGAN00001583205 8 0 0 0 8 0 0
EGAN00001583212 20 0 0 0 19 1 0
EGAN00001583219 29 0 0 0 29 0 0
EGAN00001583224 19 0 0 0 18 1 0
EGAN00001583226 22 0 0 0 20 2 0
EGAN00001583243 21 0 0 0 21 0 0
EGAN00001583244 20 0 0 0 19 1 0
EGAN00001583254 23 0 0 0 23 0 0
EGAN00001583261 27 0 0 0 27 0 0
EGAN00001583263 24 0 0 0 24 0 0
EGAN00001583265 19 0 0 0 19 0 0
EGAN00001583284 22 0 1 0 21 0 0
EGAN00001583286 19 0 0 1 18 0 0
EGAN00001583301 14 0 0 0 14 0 0
EGAN00001583306 26 0 0 0 26 0 0
EGAN00001583343 16 0 0 0 16 0 0
EGAN00001583345 17 0 0 0 16 1 0
EGAN00001583356 26 0 0 0 26 0 0
EGAN00001583369 21 0 0 0 21 0 0
EGAN00001583385 21 0 0 0 21 0 0
EGAN00001583389 23 0 0 0 23 0 0
EGAN00001583391 24 0 0 0 24 0 0
EGAN00001583392 22 0 0 0 22 0 0
EGAN00001583412 21 0 0 0 20 1 0
EGAN00001583457 16 0 0 0 16 0 0
EGAN00001583470 21 0 0 0 21 0 0
EGAN00001583494 21 0 0 0 21 0 0
EGAN00001583512 16 0 0 0 16 0 0
EGAN00001583541 23 0 0 0 23 0 0
EGAN00001583549 20 0 0 0 20 0 0
EGAN00001583560 16 0 0 0 16 0 0
EGAN00001583568 14 0 0 0 14 0 0
EGAN00001583572 22 0 0 0 22 0 0
EGAN00001583582 23 0 0 0 23 0 0
EGAN00001583601 24 0 0 0 24 0 0
EGAN00001583605 23 0 0 0 23 0 0
EGAN00001583609 26 0 0 0 26 0 0
EGAN00001583611 20 0 0 0 19 1 0
EGAN00001583640 18 0 0 0 18 0 0
EGAN00001583651 20 0 0 0 20 0 0
EGAN00001583686 26 0 0 0 26 0 0
EGAN00001583692 22 0 0 0 22 0 0
EGAN00001583724 18 0 0 0 17 1 0
EGAN00001583742 15 0 0 0 15 0 0
EGAN00001583765 25 0 0 0 25 0 0
EGAN00001583766 22 0 0 0 22 0 0
EGAN00001583772 15 0 0 0 15 0 0
EGAN00001583814 15 0 0 0 15 0 0
EGAN00001583825 20 0 0 0 20 0 0
EGAN00001583828 24 0 0 0 24 0 0
EGAN00001583831 17 0 0 0 17 0 0
EGAN00001583841 23 0 0 0 23 0 0
EGAN00001583853 17 0 0 0 17 0 0
EGAN00001583858 26 0 0 0 26 0 0
EGAN00001583868 26 0 0 0 26 0 0
EGAN00001583899 23 0 0 0 23 0 0
EGAN00001583921 14 0 0 0 14 0 0
EGAN00001583924 26 0 0 0 26 0 0
EGAN00001583925 15 0 0 0 15 0 0
EGAN00001583933 18 0 0 0 17 1 0
EGAN00001584036 24 0 0 0 24 0 0
EGAN00001584047 24 0 0 0 23 1 0
EGAN00001584049 12 0 0 0 12 0 0
EGAN00001584057 27 0 0 0 27 0 0
EGAN00001584062 22 0 0 0 22 0 0
EGAN00001584081 20 0 0 0 20 0 0
EGAN00001584088 22 0 0 0 21 1 0
EGAN00001584090 26 0 0 0 26 0 0
EGAN00001584093 23 0 0 0 23 0 0
EGAN00001584094 31 0 0 0 31 0 0
EGAN00001584105 19 0 0 0 19 0 0
EGAN00001584106 13 0 0 0 13 0 0
EGAN00001584115 21 0 0 0 21 0 0
EGAN00001584121 23 0 0 0 23 0 0
EGAN00001584137 24 0 1 0 23 0 0
EGAN00001584139 13 0 0 0 13 0 0
EGAN00001584140 21 0 0 0 21 0 0
EGAN00001584144 22 0 0 0 22 0 0
EGAN00001584198 16 0 0 0 16 0 0
EGAN00001584205 20 0 0 0 20 0 0
EGAN00001584210 18 0 0 0 18 0 0
EGAN00001584212 12 0 0 0 12 0 0
EGAN00001584219 23 0 0 0 23 0 0
EGAN00001584226 19 0 0 0 18 1 0
EGAN00001584245 17 0 0 0 17 0 0
EGAN00001584254 19 0 0 0 19 0 0
EGAN00001584279 27 0 0 0 27 0 0
EGAN00001584280 18 0 0 0 18 0 0
EGAN00001584292 22 0 0 0 22 0 0
EGAN00001584299 16 0 0 0 15 1 0
EGAN00001584334 24 0 0 0 24 0 0
EGAN00001584348 26 0 0 0 25 1 0
EGAN00001584355 23 0 0 0 23 0 0
EGAN00001584367 28 0 0 0 28 0 0
EGAN00001584368 23 0 0 0 23 0 0
EGAN00001584369 34 0 0 0 33 1 0
EGAN00001584374 12 0 0 0 12 0 0
EGAN00001584384 18 0 0 0 18 0 0
EGAN00001584389 25 0 0 0 25 0 0
EGAN00001584393 19 0 0 0 19 0 0
EGAN00001584404 25 0 0 0 25 0 0
EGAN00001584410 18 0 0 0 18 0 0
EGAN00001584419 19 0 0 0 19 0 0
EGAN00001584421 15 0 0 0 15 0 0
EGAN00001584426 17 0 0 0 17 0 0
EGAN00001584447 12 0 0 0 12 0 0
EGAN00001584469 15 0 0 0 14 1 0
EGAN00001584470 18 0 0 0 18 0 0
EGAN00001584475 24 0 0 0 24 0 0
EGAN00001584497 21 0 0 0 21 0 0
EGAN00001584525 17 0 0 0 17 0 0
EGAN00001584530 36 0 0 0 36 0 0
EGAN00001584531 20 0 0 0 20 0 0
EGAN00001584562 24 0 0 0 24 0 0
EGAN00001584578 18 0 0 0 18 0 0
EGAN00001584585 12 0 0 0 12 0 0
EGAN00001584587 17 0 0 0 17 0 0
EGAN00001584590 19 0 0 0 19 0 0
EGAN00001584594 24 0 0 0 24 0 0
EGAN00001584621 25 0 0 0 25 0 0
EGAN00001584662 14 0 0 0 14 0 0
EGAN00001584670 20 0 0 0 20 0 0
EGAN00001584681 27 0 0 0 27 0 0
EGAN00001584682 20 0 0 0 20 0 0
EGAN00001584686 30 0 0 0 30 0 0
EGAN00001584695 11 0 0 0 10 1 0
EGAN00001584701 22 0 0 0 22 0 0
EGAN00001584748 11 0 0 0 11 0 0
EGAN00001584752 27 0 0 0 27 0 0
EGAN00001584770 29 0 0 0 29 0 0
EGAN00001584776 22 0 0 0 21 0 1
EGAN00001584789 19 0 0 0 18 1 0
EGAN00001584799 20 0 0 0 20 0 0
EGAN00001584807 20 0 0 0 19 1 0
EGAN00001584818 22 0 0 0 22 0 0
EGAN00001584827 19 0 0 0 19 0 0
EGAN00001584831 25 0 0 0 25 0 0
EGAN00001584844 15 0 0 0 15 0 0
EGAN00001584856 19 0 0 0 19 0 0
EGAN00001584876 22 0 0 0 22 0 0
EGAN00001584878 22 0 0 0 22 0 0
EGAN00001584887 21 0 0 0 21 0 0
EGAN00001584890 15 0 0 0 15 0 0
EGAN00001584902 22 0 1 0 21 0 0
EGAN00001584908 31 0 0 0 31 0 0
EGAN00001584924 20 0 0 0 20 0 0
EGAN00001584927 25 0 0 0 25 0 0
EGAN00001584940 19 0 0 0 19 0 0
EGAN00001584952 25 0 0 0 25 0 0
EGAN00001584966 27 0 0 0 27 0 0
EGAN00001584970 21 0 0 0 21 0 0
EGAN00001584972 21 0 0 0 21 0 0
EGAN00001585037 27 0 0 0 27 0 0
EGAN00001585049 17 0 0 0 17 0 0
EGAN00001585062 18 0 0 0 18 0 0
EGAN00001585083 17 0 0 0 17 0 0
EGAN00001585105 27 0 0 0 27 0 0
EGAN00001585131 13 0 0 0 13 0 0
EGAN00001585136 19 0 0 0 19 0 0
EGAN00001585163 21 0 0 0 20 1 0
EGAN00001585167 20 0 0 0 20 0 0
EGAN00001585175 17 0 0 0 16 1 0
EGAN00001585178 16 0 0 0 16 0 0
EGAN00001585191 16 0 0 0 16 0 0
EGAN00001585193 26 0 0 0 25 1 0
EGAN00001585195 21 0 0 0 21 0 0
EGAN00001585197 21 0 0 0 21 0 0
EGAN00001585198 22 0 0 0 22 0 0
EGAN00001585202 18 0 0 0 18 0 0
EGAN00001585228 12 0 0 0 12 0 0
EGAN00001585231 41 0 0 0 41 0 0
EGAN00001585239 30 0 0 0 30 0 0
EGAN00001585244 17 0 0 0 17 0 0
EGAN00001585262 19 0 0 0 19 0 0
EGAN00001585265 28 0 0 0 28 0 0
EGAN00001585280 30 0 0 0 30 0 0
EGAN00001585318 26 0 0 0 25 1 0
EGAN00001585319 22 0 0 0 22 0 0
EGAN00001585322 23 0 0 0 22 1 0
EGAN00001585328 27 0 0 0 27 0 0
EGAN00001585331 22 0 0 0 22 0 0
EGAN00001585337 20 0 0 0 20 0 0
EGAN00001585349 27 0 0 0 27 0 0
EGAN00001585350 21 0 0 0 21 0 0
EGAN00001585368 21 0 0 0 21 0 0
EGAN00001585387 29 0 0 0 29 0 0
EGAN00001585388 30 0 0 0 30 0 0
EGAN00001585391 17 0 0 0 17 0 0
EGAN00001585393 24 0 0 0 24 0 0
EGAN00001585404 18 0 0 0 17 1 0
EGAN00001585423 31 0 0 0 31 0 0
EGAN00001585439 16 0 0 0 16 0 0
EGAN00001585440 20 0 0 0 20 0 0
EGAN00001585449 16 0 0 0 16 0 0
EGAN00001585462 18 0 0 0 18 0 0
EGAN00001585473 18 0 0 0 18 0 0
EGAN00001585477 14 0 0 0 14 0 0
EGAN00001585491 23 0 0 0 23 0 0
EGAN00001585505 23 0 1 0 22 0 0
EGAN00001585506 22 0 0 0 22 0 0
EGAN00001585507 20 0 0 0 20 0 0
EGAN00001585518 17 0 0 0 17 0 0
EGAN00001585529 20 0 0 0 20 0 0
EGAN00001585530 20 0 0 0 20 0 0
EGAN00001585536 22 0 0 0 22 0 0
EGAN00001585557 23 0 0 1 21 1 0
EGAN00001585560 27 0 0 0 27 0 0
EGAN00001585569 28 0 0 0 28 0 0
EGAN00001585604 15 0 0 0 15 0 0
EGAN00001585621 15 0 0 0 15 0 0
EGAN00001585625 22 0 0 0 22 0 0
EGAN00001585628 21 0 0 0 21 0 0
EGAN00001585629 20 0 0 0 20 0 0
EGAN00001585639 17 0 0 0 17 0 0
EGAN00001585649 27 0 0 0 27 0 0
EGAN00001585650 22 0 0 0 22 0 0
EGAN00001585657 16 0 0 0 16 0 0
EGAN00001585676 25 0 0 0 25 0 0
EGAN00001585681 22 0 0 0 22 0 0
EGAN00001585693 15 0 0 0 15 0 0
EGAN00001585705 19 0 0 0 19 0 0
EGAN00001585726 26 0 0 0 26 0 0
EGAN00001585735 25 0 0 0 25 0 0
EGAN00001585751 25 0 0 0 25 0 0
EGAN00001585755 26 0 0 0 26 0 0
EGAN00001585773 16 0 0 0 16 0 0
EGAN00001585802 22 0 0 0 22 0 0
EGAN00001585821 17 0 0 0 17 0 0
EGAN00001585822 24 0 0 0 24 0 0
EGAN00001585840 22 0 0 0 21 0 1
EGAN00001585842 27 0 0 0 27 0 0
EGAN00001585849 14 0 0 0 14 0 0
EGAN00001585852 22 0 0 0 22 0 0
EGAN00001585857 13 0 0 0 13 0 0
EGAN00001585870 22 0 0 0 22 0 0
EGAN00001585871 17 0 0 0 17 0 0
EGAN00001585884 21 0 0 0 21 0 0
EGAN00001585910 27 0 0 0 27 0 0
EGAN00001585946 20 0 0 0 20 0 0
EGAN00001585953 28 0 0 0 28 0 0
EGAN00001585980 20 0 0 0 20 0 0
EGAN00001585989 28 0 0 0 28 0 0
EGAN00001586004 20 0 0 0 20 0 0
EGAN00001586011 22 0 0 0 22 0 0
EGAN00001586036 28 0 0 0 28 0 0
EGAN00001586045 24 0 0 0 24 0 0
EGAN00001586049 21 0 0 0 21 0 0
EGAN00001586050 22 0 0 0 22 0 0
EGAN00001586055 29 0 0 0 29 0 0
EGAN00001586060 28 0 0 0 28 0 0
EGAN00001586066 22 0 0 0 22 0 0
EGAN00001586069 24 0 0 0 24 0 0
EGAN00001586081 18 0 0 0 18 0 0
EGAN00001586083 22 0 0 0 22 0 0
EGAN00001586104 19 0 0 0 19 0 0
EGAN00001586112 20 0 0 0 20 0 0
EGAN00001586117 15 0 0 0 15 0 0
EGAN00001586125 17 0 0 1 16 0 0
EGAN00001586148 32 0 0 0 32 0 0
EGAN00001586165 19 0 0 0 19 0 0
EGAN00001586175 25 0 0 0 25 0 0
EGAN00001586181 16 0 0 0 16 0 0
EGAN00001586191 13 0 0 0 13 0 0
EGAN00001586205 19 0 0 0 19 0 0
EGAN00001586206 20 0 0 0 20 0 0
EGAN00001599246 19 0 0 0 19 0 0
EGAN00001599251 15 0 0 0 15 0 0
EGAN00001599261 21 0 0 0 21 0 0
EGAN00001599262 22 0 0 0 22 0 0
EGAN00001599270 16 0 0 0 16 0 0
EGAN00001599275 12 0 0 0 12 0 0
EGAN00001599281 21 0 0 0 21 0 0
EGAN00001599290 22 0 0 0 22 0 0
EGAN00001599298 21 0 0 0 21 0 0
EGAN00001599353 25 0 0 0 25 0 0
EGAN00001599360 25 0 0 0 25 0 0
EGAN00001599375 13 0 0 0 13 0 0
EGAN00001599391 20 0 0 0 20 0 0
EGAN00001599393 27 0 0 0 26 1 0
EGAN00001599404 20 0 0 0 20 0 0
EGAN00001599406 11 0 0 0 11 0 0
EGAN00001599407 23 0 0 0 23 0 0
EGAN00001599410 21 0 0 0 21 0 0
EGAN00001599411 15 0 0 0 15 0 0
EGAN00001599421 19 0 0 0 19 0 0
EGAN00001599432 19 0 0 0 18 1 0
EGAN00001599445 21 0 0 0 21 0 0
EGAN00001599448 26 0 0 0 26 0 0
EGAN00001599449 21 0 0 0 21 0 0
EGAN00001599452 21 0 0 0 21 0 0
EGAN00001599455 20 0 0 0 20 0 0
EGAN00001599456 20 0 0 0 20 0 0
EGAN00001599457 13 0 0 0 13 0 0
EGAN00001599461 11 0 0 0 11 0 0
EGAN00001599480 26 0 1 0 25 0 0
EGAN00001599501 26 0 0 0 26 0 0
EGAN00001599506 20 0 0 0 20 0 0
EGAN00001599542 26 0 0 0 26 0 0
EGAN00001599555 23 0 0 1 22 0 0
EGAN00001599567 16 0 0 0 16 0 0
EGAN00001599576 20 0 0 0 19 1 0
EGAN00001599593 26 0 0 0 26 0 0
EGAN00001599599 18 0 0 0 18 0 0
EGAN00001599625 18 0 0 0 18 0 0
EGAN00001599637 47 0 0 0 47 0 0
EGAN00001599655 51 0 0 0 49 2 0
EGAN00001599686 21 0 0 0 21 0 0
EGAN00001599694 24 0 0 0 24 0 0
EGAN00001599696 32 0 0 0 32 0 0
EGAN00001599700 15 0 0 0 15 0 0
EGAN00001599703 20 0 0 0 20 0 0
EGAN00001599711 16 0 0 0 16 0 0
EGAN00001599722 18 0 0 0 18 0 0
EGAN00001599749 34 0 0 0 34 0 0
EGAN00001599760 11 0 0 0 11 0 0
EGAN00001599774 23 0 0 0 23 0 0
EGAN00001599777 23 0 0 0 23 0 0
EGAN00001599780 27 0 0 0 27 0 0
EGAN00001599802 19 0 0 0 19 0 0
EGAN00001599817 11 0 0 0 11 0 0
EGAN00001599825 21 0 0 0 21 0 0
EGAN00001599870 18 0 0 0 18 0 0
EGAN00001599876 22 0 0 0 22 0 0
EGAN00001599887 14 0 0 0 14 0 0
EGAN00001599896 22 0 0 0 21 1 0
EGAN00001599904 10 0 0 0 10 0 0
EGAN00001599915 30 0 0 0 30 0 0
EGAN00001599917 16 0 0 0 16 0 0
EGAN00001599932 24 0 0 0 23 1 0
EGAN00001671033 15 0 0 0 15 0 0
EGAN00001671807 22 0 0 0 22 0 0
EGAN00001671828 21 0 0 0 21 0 0
EGAN00001671840 15 0 0 0 15 0 0
EGAN00001671857 29 0 0 0 29 0 0
EGAN00001671875 21 0 0 0 21 0 0
EGAN00001671876 26 0 0 0 26 0 0
EGAN00001671878 19 0 0 0 19 0 0
EGAN00001671882 22 0 0 0 22 0 0
EGAN00001671919 21 0 0 0 21 0 0
EGAN00001671924 19 0 0 0 19 0 0
EGAN00001671928 22 0 0 0 22 0 0
EGAN00001671936 18 0 0 0 18 0 0
EGAN00001671948 10 0 0 0 10 0 0
EGAN00001671983 19 0 0 0 19 0 0
EGAN00001671999 12 0 0 0 12 0 0
EGAN00001672009 12 0 0 0 11 1 0
EGAN00001672013 9 0 0 0 9 0 0
EGAN00001672017 10 0 0 0 10 0 0
EGAN00001672025 17 0 0 0 17 0 0
EGAN00001672026 19 0 0 0 19 0 0
EGAN00001672054 33 0 0 0 33 0 0
EGAN00001672062 28 0 0 0 28 0 0
EGAN00001672074 23 0 0 0 23 0 0
EGAN00001672084 14 0 0 0 14 0 0
EGAN00001672093 12 0 0 0 12 0 0
EGAN00001672100 24 0 0 0 24 0 0
EGAN00001672104 26 0 0 0 26 0 0
EGAN00001672114 12 0 0 0 12 0 0
EGAN00001672116 21 0 0 0 21 0 0
EGAN00001672124 23 0 0 0 23 0 0
EGAN00001672126 22 0 0 0 22 0 0
EGAN00001672134 23 0 0 0 22 1 0
EGAN00001672147 31 0 0 0 31 0 0
EGAN00001672148 21 0 0 0 20 1 0
EGAN00001672152 15 0 0 0 15 0 0
EGAN00001672156 15 0 0 0 15 0 0
EGAN00001672161 12 0 0 0 11 1 0
EGAN00001672165 19 0 0 0 19 0 0
EGAN00001672169 9 0 0 0 9 0 0
EGAN00001672173 21 0 0 0 21 0 0
EGAN00001672178 19 0 0 0 19 0 0
EGAN00001672183 18 0 0 0 18 0 0
EGAN00001672190 17 0 0 0 17 0 0
EGAN00001672197 23 0 0 0 23 0 0
EGAN00001672210 22 0 0 0 22 0 0
EGAN00001672232 22 0 0 0 22 0 0
EGAN00001672243 27 0 0 0 27 0 0
EGAN00001672284 24 0 0 0 24 0 0
EGAN00001672288 9 0 0 0 9 0 0
EGAN00001672308 16 0 0 0 16 0 0
EGAN00001672316 13 0 0 0 13 0 0
EGAN00001672322 18 0 0 0 18 0 0
EGAN00001672330 13 0 0 0 13 0 0
EGAN00001672333 16 0 0 0 16 0 0
EGAN00001672334 15 0 0 0 15 0 0
EGAN00001672345 18 0 0 0 18 0 0
EGAN00001672354 29 0 0 0 29 0 0
EGAN00001672363 21 0 0 0 21 0 0
EGAN00001672376 23 0 0 0 23 0 0
EGAN00001672378 29 0 0 0 29 0 0
EGAN00001672383 39 0 0 0 39 0 0
EGAN00001672411 23 0 0 0 23 0 0
EGAN00001672428 12 0 0 0 12 0 0
EGAN00001672439 26 0 0 0 25 1 0
EGAN00001672452 22 0 0 0 22 0 0
EGAN00001672457 19 0 0 0 19 0 0
EGAN00001672462 30 0 0 0 30 0 0
EGAN00001672511 13 0 0 0 13 0 0
EGAN00001672536 23 0 0 0 23 0 0
EGAN00001672538 26 0 0 0 26 0 0
EGAN00001672542 18 0 0 0 18 0 0
EGAN00001672553 19 0 0 0 19 0 0
EGAN00001672554 15 0 0 0 15 0 0
EGAN00001672565 11 0 0 0 11 0 0
EGAN00001672572 10 0 0 0 10 0 0
EGAN00001672578 23 0 0 0 23 0 0
EGAN00001672580 13 0 0 0 12 1 0
EGAN00001672585 14 0 0 0 14 0 0
EGAN00001672593 25 0 0 0 25 0 0
EGAN00001672597 19 0 0 0 19 0 0
EGAN00001672601 14 0 0 0 14 0 0
EGAN00001672631 18 0 0 0 18 0 0
EGAN00001672646 19 0 0 0 18 1 0
EGAN00001672651 28 0 0 0 27 1 0
EGAN00001672675 7 0 0 0 7 0 0
EGAN00001672687 20 0 0 0 20 0 0
EGAN00001672714 30 0 0 0 30 0 0
EGAN00001672719 24 0 0 0 24 0 0
EGAN00001672736 21 0 0 0 21 0 0
EGAN00001672744 18 0 0 0 18 0 0
EGAN00001672745 25 0 0 0 25 0 0
EGAN00001672751 20 0 0 0 19 1 0
EGAN00001672763 26 0 0 0 25 0 1
EGAN00001672783 15 0 0 0 15 0 0
EGAN00001672790 19 0 0 0 18 1 0
EGAN00001672794 13 0 0 0 13 0 0
EGAN00001672797 21 0 0 0 21 0 0
EGAN00001672813 30 0 0 0 30 0 0
EGAN00001672820 20 0 0 0 20 0 0
EGAN00001672833 18 0 0 0 18 0 0
EGAN00001672839 24 0 0 0 24 0 0
EGAN00001672848 18 0 0 0 18 0 0
EGAN00001672870 21 0 0 0 21 0 0
EGAN00001672873 21 0 0 0 21 0 0
EGAN00001672877 23 0 0 0 23 0 0
EGAN00001672886 24 0 1 0 23 0 0
EGAN00001672896 23 0 0 0 23 0 0
EGAN00001672914 17 0 0 0 17 0 0
EGAN00001672923 20 0 0 1 19 0 0
EGAN00001672926 22 0 0 0 22 0 0
EGAN00001672930 10 0 0 0 10 0 0
EGAN00001672933 15 0 0 0 14 0 1
EGAN00001672940 20 0 0 0 20 0 0
EGAN00001672947 18 0 0 0 18 0 0
EGAN00001672969 21 0 0 0 21 0 0
EGAN00001672988 15 0 0 0 15 0 0
EGAN00001673014 24 0 0 0 24 0 0
EGAN00001673075 18 0 0 0 18 0 0
EGAN00001673103 30 0 0 0 30 0 0
EGAN00001673106 25 0 0 0 25 0 0
EGAN00001673115 20 0 0 0 20 0 0
EGAN00001673116 25 0 0 0 25 0 0
EGAN00001673128 27 0 0 0 27 0 0
EGAN00001673142 17 0 0 0 17 0 0
EGAN00001673167 12 0 0 0 12 0 0
EGAN00001673209 19 0 0 1 18 0 0
EGAN00001673245 24 0 0 0 24 0 0
EGAN00001673252 20 0 0 0 20 0 0
EGAN00001673257 20 0 0 0 20 0 0
EGAN00001673263 26 0 0 0 26 0 0
EGAN00001673285 28 0 0 0 28 0 0
EGAN00001673292 24 0 0 0 24 0 0
EGAN00001673302 16 0 0 0 16 0 0
EGAN00001673321 21 0 0 0 21 0 0
EGAN00001673329 20 0 0 0 19 1 0
EGAN00001673335 20 0 0 0 20 0 0
EGAN00001673347 20 0 0 0 20 0 0
EGAN00001673371 18 0 0 0 18 0 0
EGAN00001673418 21 0 0 0 21 0 0
EGAN00001673422 21 0 0 0 21 0 0
EGAN00001673446 17 0 0 0 17 0 0
EGAN00001673458 17 0 0 0 17 0 0
EGAN00001673521 28 0 0 0 28 0 0
EGAN00001673523 28 0 0 0 28 0 0
EGAN00001673532 15 0 0 0 15 0 0
EGAN00001673562 14 0 0 0 13 1 0
EGAN00001673578 16 0 0 0 16 0 0
EGAN00001673580 21 0 0 0 21 0 0
EGAN00001673583 19 0 0 0 19 0 0
EGAN00001673597 16 0 0 0 15 1 0
EGAN00001673607 23 0 0 0 23 0 0
EGAN00001673611 26 0 0 0 26 0 0
EGAN00001673632 18 0 0 0 18 0 0
EGAN00001673637 16 0 0 0 16 0 0
EGAN00001673670 17 0 0 0 17 0 0
EGAN00001673677 24 0 0 0 24 0 0
EGAN00001673693 27 0 0 0 27 0 0
EGAN00001673700 20 0 0 0 20 0 0
EGAN00001673727 24 0 0 0 24 0 0
EGAN00001673751 23 0 0 0 23 0 0
EGAN00001673782 27 0 0 0 27 0 0
EGAN00001673804 24 0 0 0 24 0 0
EGAN00001673810 21 0 0 0 21 0 0
EGAN00001730343 18 0 0 0 18 0 0
EGAN00001730397 23 0 0 0 23 0 0
EGAN00001730410 21 0 0 0 20 1 0
EGAN00001730434 20 0 0 0 20 0 0
EGAN00001730447 11 0 0 0 11 0 0
EGAN00001730450 13 0 0 0 13 0 0
EGAN00001730455 22 0 0 0 22 0 0
EGAN00001730460 21 0 0 0 21 0 0
EGAN00001730488 16 0 0 0 16 0 0
EGAN00001730502 20 0 0 0 20 0 0
EGAN00001730503 19 0 0 0 19 0 0
EGAN00001730521 21 0 0 0 21 0 0
EGAN00001730523 16 0 0 0 16 0 0
EGAN00001730529 16 0 0 0 16 0 0
EGAN00001740624 25 0 0 0 25 0 0
EGAN00001740630 15 0 0 0 15 0 0
EGAN00001740633 16 0 0 0 16 0 0
EGAN00001740634 17 0 0 0 17 0 0
EGAN00001740641 21 0 0 0 21 0 0
EGAN00001740654 21 0 0 0 21 0 0
EGAN00001740657 14 0 0 0 14 0 0
EGAN00001740658 20 0 0 0 20 0 0
EGAN00001740673 18 0 0 0 17 1 0
EGAN00001740680 25 0 0 0 25 0 0
EGAN00001740686 16 0 0 0 16 0 0
EGAN00001740691 24 0 1 0 23 0 0
EGAN00001740692 22 0 0 0 22 0 0
EGAN00001740695 17 0 0 0 17 0 0
EGAN00001740700 18 0 0 0 18 0 0
EGAN00001740704 7 0 0 0 7 0 0
EGAN00001740742 23 0 0 0 23 0 0
EGAN00001740752 22 0 0 0 22 0 0
EGAN00001740772 17 0 0 0 17 0 0
EGAN00001740774 17 0 0 0 17 0 0
EGAN00001740796 20 0 0 0 20 0 0
EGAN00001740797 14 0 0 0 14 0 0
EGAN00001740802 27 0 0 0 27 0 0
EGAN00001740806 16 0 0 1 15 0 0
EGAN00001740827 16 0 0 0 16 0 0
EGAN00001740848 23 0 0 0 22 1 0
EGAN00001740858 20 0 0 0 20 0 0
EGAN00001740884 25 0 0 0 25 0 0
EGAN00001740885 16 0 0 0 16 0 0
EGAN00001740904 10 0 0 0 10 0 0
EGAN00001740906 21 0 0 0 21 0 0
EGAN00001740907 15 0 0 0 15 0 0
EGAN00001740918 19 0 0 0 19 0 0
EGAN00001740921 9 0 0 0 9 0 0
EGAN00001740927 17 0 0 0 17 0 0
EGAN00001740932 16 0 0 0 16 0 0
EGAN00001740944 19 0 0 0 19 0 0
EGAN00001740955 16 0 0 0 16 0 0
EGAN00001740957 17 0 0 0 17 0 0
EGAN00001740967 18 0 0 0 18 0 0
EGAN00001740970 21 0 0 0 21 0 0
EGAN00001740973 20 0 0 0 19 1 0
EGAN00001740978 25 0 0 0 25 0 0
EGAN00001740988 14 0 0 0 14 0 0
EGAN00001741035 8 0 0 0 8 0 0
EGAN00001741056 27 0 0 0 27 0 0
EGAN00001741057 16 0 0 0 16 0 0
EGAN00001741066 16 0 0 0 16 0 0
EGAN00001741073 9 0 0 0 9 0 0
EGAN00001741075 18 0 0 0 18 0 0
EGAN00001741087 13 0 0 0 13 0 0
EGAN00001741090 20 0 0 0 20 0 0
EGAN00001741093 27 0 0 0 27 0 0
EGAN00001741099 17 0 0 0 17 0 0
EGAN00001741107 13 0 0 0 13 0 0
EGAN00001741120 17 0 0 0 16 1 0
EGAN00001741122 20 0 0 0 20 0 0
EGAN00001741140 23 0 0 0 23 0 0
EGAN00001741150 13 0 0 0 13 0 0
EGAN00001741154 16 0 0 0 15 1 0
EGAN00001797988 9 0 0 0 9 0 0
EGAN00001797994 14 0 0 0 14 0 0
EGAN00001797996 20 0 0 0 20 0 0
EGAN00001798007 17 0 0 0 17 0 0
EGAN00001798008 17 0 0 0 17 0 0
EGAN00001798021 19 0 0 0 18 1 0
EGAN00001798030 20 0 0 0 20 0 0
EGAN00001798074 15 0 0 0 15 0 0
EGAN00001798091 25 0 0 0 25 0 0
EGAN00001798092 12 0 0 0 12 0 0
EGAN00001798104 21 0 0 0 20 1 0
EGAN00001798154 12 0 0 0 12 0 0
EGAN00001798162 25 0 0 0 25 0 0
EGAN00001798177 22 0 0 0 22 0 0
EGAN00001798191 23 0 0 0 23 0 0
EGAN00001798203 26 0 0 0 26 0 0
EGAN00001798255 11 0 0 0 11 0 0
EGAN00001798262 19 0 0 0 19 0 0
EGAN00001798269 24 0 0 0 24 0 0
EGAN00001798282 18 0 0 0 18 0 0
EGAN00001798285 24 0 0 0 24 0 0
EGAN00001798300 17 0 0 0 17 0 0
EGAN00001798317 17 0 0 0 17 0 0
EGAN00001798327 18 0 0 0 18 0 0
EGAN00001798330 24 0 0 0 24 0 0
EGAN00001798339 23 0 0 0 23 0 0
EGAN00001798342 13 0 0 0 13 0 0
EGAN00001798347 18 0 0 0 18 0 0
EGAN00001798348 20 0 0 0 20 0 0
EGAN00001798351 23 0 0 0 23 0 0
EGAN00001798359 22 0 0 0 22 0 0
EGAN00001798360 20 0 0 0 20 0 0
EGAN00001798367 23 0 0 0 22 1 0
EGAN00001798381 19 0 0 0 19 0 0
EGAN00001798382 24 0 0 0 23 1 0
EGAN00001798397 24 0 0 0 24 0 0
EGAN00001798404 18 0 0 0 18 0 0
EGAN00001798412 31 0 0 0 30 1 0
EGAN00001798435 12 0 0 0 12 0 0
EGAN00001798443 36 0 0 0 36 0 0
EGAN00001798445 21 0 0 0 21 0 0
EGAN00001798453 15 0 0 0 15 0 0
EGAN00001798480 31 0 0 0 31 0 0
EGAN00001798482 16 0 0 0 16 0 0
EGAN00001798483 20 0 0 0 19 1 0
EGAN00001798484 16 0 0 0 16 0 0
EGAN00001798492 21 0 0 0 21 0 0
EGAN00001798495 20 0 0 0 20 0 0
EGAN00001798498 19 0 0 0 19 0 0
EGAN00001798506 22 0 0 0 22 0 0
EGAN00001798511 21 0 0 0 21 0 0
EGAN00001798521 19 0 0 0 19 0 0
EGAN00001798534 21 0 0 1 20 0 0
EGAN00001798550 18 0 0 0 18 0 0
EGAN00001798551 11 0 0 0 11 0 0
EGAN00001798564 14 0 0 0 14 0 0
EGAN00001798565 17 0 0 0 17 0 0
EGAN00001798570 16 0 0 0 16 0 0
EGAN00001798574 16 0 0 0 16 0 0
EGAN00001798607 20 0 0 0 20 0 0
EGAN00001798625 19 0 0 0 18 1 0
EGAN00001798626 16 0 0 0 16 0 0
EGAN00001798632 16 0 0 0 16 0 0
EGAN00001798647 12 0 0 0 12 0 0
EGAN00001798653 20 0 0 0 20 0 0
EGAN00001798666 21 0 0 0 21 0 0
EGAN00001798669 29 0 0 0 29 0 0
EGAN00001798695 17 0 0 0 16 1 0
EGAN00001798708 21 0 0 0 21 0 0
EGAN00001830726 31 0 0 0 31 0 0
EGAN00001830730 16 0 0 0 16 0 0
EGAN00001830735 11 0 0 0 11 0 0
EGAN00001830736 21 0 0 0 21 0 0
EGAN00001830748 14 0 0 0 14 0 0
EGAN00001830757 14 0 0 0 14 0 0
EGAN00001830766 15 0 0 0 15 0 0
EGAN00001830784 12 0 0 0 12 0 0
EGAN00001830804 20 0 0 0 20 0 0
EGAN00001830806 16 0 0 0 16 0 0
EGAN00001830813 18 0 0 0 18 0 0
EGAN00001830822 17 0 0 0 17 0 0
EGAN00001830825 27 0 0 0 27 0 0
EGAN00001830830 17 0 0 0 15 2 0
EGAN00001830831 14 0 0 0 14 0 0
EGAN00001830836 22 0 0 0 22 0 0
EGAN00001830837 20 0 0 0 20 0 0
EGAN00001830839 18 0 0 0 18 0 0
EGAN00001830844 27 0 0 0 27 0 0
EGAN00001830849 13 0 0 0 13 0 0
EGAN00001830870 20 0 0 0 20 0 0
EGAN00001830878 26 0 0 0 26 0 0
EGAN00001830880 18 0 0 0 18 0 0
EGAN00001830882 26 0 0 0 25 1 0
EGAN00001830889 18 0 0 0 18 0 0
EGAN00001830896 28 0 0 0 28 0 0
EGAN00001830921 16 0 0 0 15 1 0
EGAN00001830930 14 0 0 0 14 0 0
EGAN00001830942 14 0 0 0 13 1 0
EGAN00001830943 19 0 0 0 19 0 0
EGAN00001830956 22 0 0 0 22 0 0
EGAN00001830959 29 0 0 0 29 0 0
